1	207.718
2	207.718
3	207.718
4	207.718
5	209.944
6	210.3
7	210.043
8	210.002
9	210.946
10	210.18
11	210.324
12	209.79
13	209.331
14	210.539
15	205.017
16	203.395
17	202.41
18	201.207
19	200.711
20	200.763
21	195.729
22	193.829
23	196.361
24	196.822
25	201.666
26	206.65
27	205.904
28	204.44
29	202.49
30	204.241
31	208.081
32	207.822
33	219.524
34	217.087
35	213.235
36	233.834
37	253.174
38	259.847
39	265.461
40	266.977
41	311.699
42	394.834
43	428.481
44	542.355
45	549.575
46	691.543
47	799.334
48	923.581
49	952.934
50	967.073
51	1138.45
52	1283.58
53	1494.21
54	1766.84
55	2032.36
56	2712.9
57	3089.35
58	3378.71
59	3788.45
60	3948.92
61	4424.31
62	4704.47
63	4840.06
64	4953.67
65	5233.99
66	5353.25
67	5322.09
68	5422.07
69	5635.79
70	5794.59
71	5874.81
72	5948.66
73	5832.79
74	5857.58
75	5923.89
76	5943.39
77	5924.6
78	5944.11
79	5891.89
80	5829.95
81	5846.1
82	5832.46
83	5831.33
84	5857.44
85	5876.11
86	5965.41
87	6190.71
88	6191.3
89	6129.88
90	6065.68
91	5969.14
92	5875.89
93	5880.66
94	5752.77
95	5660.96
96	5552.61
97	5524.94
98	5608.49
99	5650.86
100	5808.31
101	5990.75
102	6165.08
103	6181.2
104	6138.92
105	6095.99
106	6066.09
107	6081.92
108	6023.77
109	5933.23
110	5896.47
111	5862.07
112	5841.15
113	5883.14
114	5891.57
115	5858.74
116	5851.85
117	5836.53
118	5809.77
119	5831.53
120	5762.87
121	5755.26
122	5697.07
123	5683.92
124	5603.76
125	5524.63
126	5454.96
127	5375.07
128	5327.39
129	5334.19
130	5341.94
131	5353.56
132	5326.51
133	5327.39
134	5342.23
135	5324.71
136	5340.66
137	5379.01
138	5416.28
139	5468.11
140	5493.67
141	5505.06
142	5461.76
143	5472.41
144	5425.62
145	5350.46
146	5301.66
147	5193.04
148	5131.61
149	5103.26
150	5010.77
151	4945.48
152	4967.05
153	5019.93
154	5049.21
155	5061.73
156	5023.41
157	4863.15
158	4847.85
159	4795.38
160	4775.87
161	4716.27
162	4709.9
163	4574.55
164	4500.69
165	4460.64
166	4416.83
167	4322.06
168	4264.77
169	4224.33
170	4225.2
171	4215.17
172	4211.7
173	4243.16
174	4225.13
175	4234.2
176	4242.53
177	4256.43
178	4249.76
179	4231.66
180	4160.42
181	4114.49
182	4058.34
183	3889.94
184	3689.39
185	3642.23
186	3662.47
187	3690.49
188	3708.21
189	3768.01
190	3766.88
191	3753.7
192	3725.37
193	3751.49
194	3767.66
195	3786.7
196	3798.92
197	3806.66
198	3721.87
199	3667.93
200	3657.95
201	3627.98
202	3620.83
203	3591.28
204	3550.88
205	3550.17
206	3552.95
207	3518.05
208	3478.96
209	3444.63
210	3394.88
211	3386.14
212	3346.43
213	3343.85
214	3334.85
215	3327.17
216	3324.26
217	3324.56
218	3291.75
219	3226.37
220	3211.26
221	3206.81
222	3208.55
223	3193.46
224	3191.39
225	3165.61
226	3158.29
227	3115.96
228	3098.27
229	3073.22
230	3043.62
231	3019.78
232	2987.65
233	2946.18
234	2939.22
235	2906.86
236	2885.37
237	2849.56
238	2842.9
239	2831.61
240	2828.89
241	2825.95
242	2821.37
243	2801.57
244	2798.62
245	2800.99
246	2812.06
247	2834.9
248	2811
249	2807.42
250	2809.54
251	2792.44
252	2787.78
253	2787.75
254	2791.62
255	2792.6
256	2794.2
257	2792.31
258	2791.85
259	2792.24
260	2791.04
261	2792.05
262	2800.13
263	2818.19
264	2836.92
265	2854.49
266	2855.21
267	2849.29
268	2841.73
269	2846.17
270	2844.41
271	2842.87
272	2843.67
273	2829.79
274	2875.87
275	2894.19
276	2925.66
277	2983.85
278	3002.12
279	3026.97
280	3018.83
281	2997.53
282	2972.51
283	2964.32
284	2947.9
285	2933.71
286	2930.57
287	2952.27
288	2964.22
289	2926.55
290	2888.89
291	2818.82
292	2811.27
293	2811.29
294	2803.61
295	2807.21
296	2817.02
297	2815.34
298	2814.08
299	2807.92
300	2803.52
301	2802.09
302	2729.2
303	2624.97
304	2492.17
305	2459.67
306	2427.26
307	2273.35
308	2270.64
309	2209.03
310	2151.39
311	2149.19
312	2135.38
313	2131.56
314	2131.56
315	2118.44
316	2116.08
317	2114
318	2134.56
319	2136.22
320	2127.61
321	2133.49
322	2141.58
323	2131.76
324	2145.42
325	2153.52
326	2160.4
327	2169.74
328	2119.37
329	2079.73
330	2011.04
331	1988.66
332	1997.09
333	1949.45
334	1868.52
335	1772.53
336	1755.97
337	1761.92
338	1763.17
339	1772.56
340	1777.66
341	1784.18
342	1786.27
343	1788.43
344	1790.31
345	1795.03
346	1796.77
347	1799.64
348	1799.64
349	1799.64
350	1806.48
351	1810.45
352	1821.12
353	1835.53
354	1840.82
355	1858.08
356	1887.12
357	1924.53
358	1956.74
359	1981.61
360	2021.99
361	2031.56
362	2049.07
363	2050.53
364	2051.72
365	2052.46
366	2066.66
367	2072.82
368	2077.85
369	2098.1
370	2072.75
371	2047.98
372	1979.32
373	1914.56
374	1922.88
375	1891.76
376	1789.8
377	1707.47
378	1606.82
379	1510.38
380	1514.27
381	1521.77
382	1518.71
383	1524.89
384	1526.97
385	1516.34
386	1516.09
387	1515.75
388	1518.37
389	1518.37
390	1518.37
391	1518.37
392	1518.37
393	1518.54
394	1518.57
395	1518.58
396	1533.39
397	1539.6
398	1546.49
399	1546.55
400	1559.75
401	1592.92
402	1592.91
403	1592.91
404	1592.91
405	1592.91
406	1595.22
407	1588.97
408	1588.33
409	1578.05
410	1581.85
411	1579.07
412	1585.8
413	1586.58
414	1590.8
415	1590.81
416	1597.81
417	1596.5
418	1593.7
419	1593.7
420	1609.47
421	1613.13
422	1656.07
423	1663.16
424	1595.41
425	1590.99
426	1567.17
427	1551.36
428	1559.85
429	1594.02
430	1603.89
431	1609.86
432	1634.08
433	1643.25
434	1657.17
435	1679.78
436	1687.21
437	1696.81
438	1711.67
439	1715.05
440	1728.89
441	1736.54
442	1736.54
443	1738.24
444	1734.68
445	1730.86
446	1725.2
447	1723.18
448	1729.45
449	1732.98
450	1737.19
451	1759.88
452	1766.34
453	1770.41
454	1776.16
455	1776.17
456	1776.67
457	1781.39
458	1784.03
459	1795.41
460	1808.4
461	1802.43
462	1800.63
463	1801.16
464	1777.86
465	1748.57
466	1782.71
467	1805.08
468	1827.43
469	1796.93
470	1810.57
471	1820.49
472	1820.56
473	1804
474	1763.6
475	1746.22
476	1710.6
477	1654.33
478	1656.36
479	1637.7
480	1637.7
481	1637.7
482	1637.7
483	1637.7
484	1637.7
485	1637.7
486	1637.7
487	1618
488	1618
489	1618
490	1560.31
491	1541.54
492	1504.68
493	1504.68
494	1504.68
495	1504.68
496	1504.68
497	1504.68
498	1504.68
499	1504.68
500	1504.68
501	1504.68
502	1504.68
503	1486.58
504	1451.03
505	1451.03
506	1451.03
507	1451.03
508	1451.03
509	1451.03
510	1451.03
511	1451.03
512	1451.03
513	1451.03
514	1451.03
515	1451.03
516	1451.03
517	1451.03
518	1451.03
519	1451.03
520	1451.03
521	1451.03
522	1451.03
523	1451.03
524	1451.03
525	1451.03
526	1451.03
527	1451.03
528	1451.03
529	1451.03
530	1451.03
531	1451.03
532	1451.03
533	1451.03
534	1451.03
535	1451.03
536	1451.03
537	1451.03
538	1451.03
539	1451.03
540	1451.03
541	1451.03
542	1451.03
543	1451.03
544	1451.03
545	1451.03
546	1451.03
547	1451.03
548	1451.03
549	1451.03
550	1451.03
551	1451.03
552	1451.03
553	1451.03
554	1451.03
555	1451.03
556	1451.03
557	1451.03
558	1451.03
559	1451.03
560	1451.03
561	1451.03
562	1451.03
563	1451.03
564	1451.03
565	1451.03
566	1451.03
567	1451.03
568	1451.03
569	1451.03
570	1451.03
571	1451.03
572	1451.03
573	1451.03
574	1451.03
575	1451.03
576	1451.03
577	1451.03
578	1451.03
579	1451.03
580	1451.03
581	1451.03
582	1451.03
583	1451.03
584	1451.03
585	1451.03
586	1451.03
587	1451.03
588	1451.03
589	1451.03
590	1451.03
591	1451.03
592	1451.03
593	1451.03
594	1451.03
595	1451.03
596	1451.03
597	1451.03
598	1451.03
599	1451.03
600	1451.03
601	1451.03
602	1451.03
603	1451.03
604	1451.03
605	1451.03
606	1451.03
607	1451.03
608	1451.03
609	1451.03
610	1451.03
611	1451.03
612	1451.03
613	1451.03
614	1451.03
615	1451.03
616	1451.03
617	1451.03
618	1433.35
619	1415.89
620	1398.65
621	1364.78
622	1331.74
623	1315.52
624	1299.49
625	1299.49
626	1299.49
627	1283.67
628	1283.67
629	1283.67
630	1283.67
631	1283.67
632	1283.67
633	1283.67
634	1283.67
635	1283.67
636	1283.67
637	1283.67
638	1283.67
639	1283.67
640	1283.67
641	1283.67
642	1283.67
643	1283.67
644	1283.67
645	1283.67
646	1283.67
647	1283.67
648	1283.67
649	1283.67
650	1283.67
651	1283.67
652	1283.67
653	1283.67
654	1283.67
655	1283.67
656	1283.67
657	1283.67
658	1283.67
659	1283.67
660	1283.67
661	1283.67
662	1283.67
663	1283.67
664	1283.67
665	1283.67
666	1283.67
667	1283.67
668	1283.67
669	1283.67
670	1283.67
671	1283.67
672	1283.67
673	1283.67
674	1283.67
675	1283.67
676	1283.67
677	1283.67
678	1267.31
679	1267.31
680	1267.31
681	1203.95
682	1143.76
683	1129.19
684	1100.93
685	1087.07
686	1073.38
687	1073.38
688	1033.34
689	1020.33
690	1020.33
691	1020.33
692	1020.33
693	1020.33
694	994.796
695	994.796
696	994.796
697	994.796
698	1023.42
