1	395.87
2	395.87
3	395.87
4	395.87
5	337.319
6	330.69
7	319.859
8	306.134
9	259.677
10	230.808
11	212.04
12	210.246
13	202.407
14	188.523
15	179.827
16	171.023
17	168.948
18	166.815
19	165.662
20	163.187
21	162.746
22	161.546
23	160.395
24	164.694
25	167.182
26	168.873
27	172.238
28	187.613
29	194.248
30	222.829
31	232.068
32	260.891
33	267.339
34	292.823
35	310.639
36	375.077
37	434.022
38	499.434
39	600.444
40	686.983
41	1037.16
42	1162.31
43	1388.19
44	1434.09
45	1478.12
46	1501.76
47	1505.99
48	1672.79
49	1669.04
50	1742.25
51	2011.6
52	2017.86
53	2263.01
54	2286.87
55	2399.35
56	2431.12
57	2466.57
58	2593.11
59	2676.49
60	2716.72
61	2811.78
62	2825.51
63	2823.06
64	2893.54
65	3010.06
66	3219.58
67	3514.6
68	3821.12
69	3858.01
70	3888.59
71	3900.09
72	3901.12
73	4079.52
74	4066.92
75	4131.46
76	4155.62
77	4247.88
78	4352.9
79	4309.18
80	4329.5
81	4345.36
82	4408.53
83	4414.22
84	4330.17
85	4326.27
86	4386.38
87	4501.03
88	4551.94
89	4695.39
90	4950.27
91	5250.16
92	5305.63
93	5475.46
94	5466.06
95	5516.61
96	5516.47
97	5514.7
98	5512.81
99	5537.41
100	5563.61
101	5553.15
102	5539.43
103	5569.82
104	5503.7
105	5454.01
106	5439.22
107	5448.45
108	5403.99
109	5462.92
110	5491.41
111	5490.67
112	5478.49
113	5439.98
114	5365.38
115	5299.98
116	5175.16
117	5064.31
118	4981.04
119	4950.92
120	4907.41
121	4864.18
122	4782.31
123	4775.03
124	4727
125	4657.77
126	4681.4
127	4695.18
128	4709.51
129	4706.81
130	4632.2
131	4589.21
132	4559.9
133	4510.58
134	4508.7
135	4541.98
136	4584.98
137	4590.04
138	4592.08
139	4623.91
140	4599.61
141	4515.35
142	4518.73
143	4422.06
144	4391.78
145	4335.38
146	4294.59
147	4273.24
148	4231.07
149	4213.79
150	4185.32
151	4127.18
152	4010.68
153	3891.61
154	3853.11
155	3797.59
156	3806.31
157	3744.62
158	3753.64
159	3761.53
160	3749.34
161	3735.69
162	3728.67
163	3736.26
164	3751.87
165	3745.42
166	3713.27
167	3748.48
168	3768.53
169	3775.6
170	3780.4
171	3804.51
172	3821.74
173	3865.13
174	3890.12
175	3896.96
176	3930.2
177	3944.65
178	3974.89
179	3966.7
180	3914.15
181	3891.48
182	3855.88
183	3804.97
184	3775.03
185	3683.34
186	3536.58
187	3470.76
188	3384.07
189	3317.8
190	3250.25
191	3253.65
192	3260.44
193	3284
194	3294.54
195	3348.32
196	3368.14
197	3389.42
198	3396.1
199	3398.92
200	3430.72
201	3473.43
202	3474.14
203	3457.79
204	3426.02
205	3404.14
206	3363.75
207	3381.49
208	3395.46
209	3419.37
210	3403.3
211	3413.42
212	3440.03
213	3421.44
214	3429.57
215	3431.19
216	3455.24
217	3488.68
218	3483.7
219	3499.9
220	3491.33
221	3476.35
222	3473.55
223	3489.21
224	3476.83
225	3471.48
226	3471.5
227	3496.64
228	3508.59
229	3534.67
230	3572.84
231	3604.29
232	3611.56
233	3644.67
234	3663.05
235	3731.57
236	3759.93
237	3738.09
238	3703.06
239	3670.26
240	3643.82
241	3633.06
242	3591.41
243	3562.5
244	3500.72
245	3492.64
246	3508.97
247	3471.13
248	3446.87
249	3404.55
250	3178.87
251	3144.47
252	3156.96
253	3154.39
254	3163.15
255	3163.99
256	3163.49
257	3149.61
258	3125.5
259	3106.71
260	3085.17
261	3074.14
262	3066.75
263	3048.99
264	3051.06
265	3052.52
266	3046.51
267	3047.67
268	3048.53
269	3043.16
270	3044.88
271	3051.35
272	3056.16
273	3062.14
274	3058.47
275	3064.66
276	3069.59
277	2954.57
278	2896.66
279	2688.37
280	2497.61
281	2283.22
282	2193.63
283	2141.4
284	2135.29
285	2141.41
286	2099.19
287	2103.72
288	2101.83
289	2124.7
290	2108.86
291	2060.43
292	2025.93
293	1979.65
294	1937.34
295	1897.9
296	1905.58
297	1913.56
298	1889.49
299	1889.52
300	1889.01
301	1888.75
302	1889.08
303	1888
304	1888.71
305	1887.08
306	1885.89
307	1887.03
308	1843.5
309	1822.1
310	1787.16
311	1758.87
312	1736.97
313	1734.34
314	1753.18
315	1759.04
316	1761.59
317	1746.82
318	1749.32
319	1748.04
320	1749.75
321	1752.52
322	1750.42
323	1748.48
324	1750.6
325	1754.03
326	1751.64
327	1750.84
328	1749.95
329	1747.92
330	1746.04
331	1748.24
332	1749.85
333	1751.59
334	1749.38
335	1748.47
336	1740.61
337	1737.37
338	1741.94
339	1751.36
340	1756.83
341	1752.07
342	1765.35
343	1764.74
344	1761.45
345	1747.07
346	1744.54
347	1742.39
348	1740.44
349	1740.01
350	1738.69
351	1735.37
352	1734.92
353	1726.92
354	1719.98
355	1715.73
356	1716.33
357	1712.62
358	1716.02
359	1714.42
360	1714.28
361	1714.36
362	1715.84
363	1715.87
364	1720.33
365	1721
366	1724.4
367	1728.25
368	1730.62
369	1728.76
370	1729.81
371	1731.15
372	1728.73
373	1729.81
374	1728.92
375	1738.79
376	1742.4
377	1754.69
378	1766.6
379	1783.33
380	1793.7
381	1816.73
382	1846.47
383	1872.65
384	1888.46
385	1907.61
386	1906.94
387	1904.17
388	1904.88
389	1904.03
390	1903.81
391	1914.45
392	1918.92
393	1924.37
394	1927.33
395	1933.74
396	1946.39
397	1950.86
398	1956.5
399	1955.85
400	1949.89
401	1950.04
402	1954.93
403	1953.73
404	1977.33
405	1993.87
406	1993.87
407	1991.47
408	1990.5
409	1995.29
410	2006.78
411	2011.89
412	2020.05
413	2021.48
414	2037.6
415	2017.01
416	2007.11
417	2013.5
418	2014.97
419	1980.87
420	1972.6
421	1953.84
422	1977.3
423	1987.9
424	1977
425	1983.97
426	1992.88
427	2010.33
428	2036.86
429	2044.93
430	2052.26
431	2061.04
432	2082.49
433	2119.41
434	2162.87
435	2185.08
436	2197.52
437	2205.46
438	2217.82
439	2233.23
440	2256.22
441	2257.94
442	2258.2
443	2259.11
444	2280.51
445	2339.98
446	2353.53
447	2386.69
448	2432.96
449	2493.22
450	2607.93
451	2710.06
452	2780.94
453	2878.67
454	2935.04
455	2975.97
456	2975.97
457	3051.11
458	3154.81
459	3211.28
460	3243.92
461	3317.9
462	3401.3
463	3419.67
464	3506.84
465	3566.8
466	3630.57
467	3670.23
468	3711.48
469	3822.55
470	3891.25
471	3911.32
472	3985
473	4063.09
474	4142.6
475	4204.6
476	4204.6
477	4291.83
478	4290.14
479	4383.89
480	4417.05
481	4464.42
482	4590.57
483	4636.51
484	4667.3
485	4688.94
486	4698.55
487	4760.57
488	4770.13
489	4878.57
490	5019.32
491	5047.04
492	5075.17
493	5129.72
494	5129.72
495	5157.65
496	5186.75
497	5242.48
498	5270.94
499	5270.94
500	5270.94
501	5270.94
502	5270.94
503	5270.94
504	5270.94
505	5270.94
506	5270.94
507	5270.94
508	5270.94
509	5270.94
510	5270.94
511	5270.94
512	5270.94
513	5270.94
514	5270.94
515	5270.94
516	5270.94
517	5270.94
518	5270.94
519	5270.94
520	5270.94
521	5270.94
522	5270.94
523	5270.94
524	5270.94
525	5270.94
526	5270.94
527	5270.94
528	5270.94
529	5270.94
530	5270.94
531	5270.94
532	5270.94
533	5270.94
534	5270.94
535	5208.05
536	5208.05
537	5208.05
538	5208.05
539	5208.05
540	5023.84
541	5023.84
542	4963.89
543	4788.31
544	4731.18
545	4674.73
546	4674.73
547	4674.73
548	4674.73
549	4674.73
550	4674.73
551	4674.73
552	4674.73
553	4674.73
554	4674.73
555	4674.73
556	4674.73
557	4674.73
558	4674.73
559	4674.73
560	4674.73
561	4674.73
562	4674.73
563	4674.73
564	4674.73
565	4674.73
566	4674.73
567	4674.73
568	4674.73
569	4674.73
570	4674.73
571	4674.73
572	4674.73
573	4674.73
574	4674.73
575	4674.73
576	4674.73
577	4674.73
578	4674.73
579	4674.73
580	4674.73
581	4674.73
582	4674.73
583	4674.73
584	4674.73
585	4674.73
586	4674.73
587	4674.73
588	4674.73
589	4674.73
590	4674.73
591	4674.73
592	4674.73
593	4674.73
594	4674.73
595	4674.73
596	4674.73
597	4674.73
598	4674.73
599	4674.73
600	4674.73
601	4674.73
602	4674.73
603	4674.73
604	4674.73
605	4674.73
606	4674.73
607	4674.73
608	4674.73
609	4674.73
610	4674.73
611	4674.73
612	4674.73
613	4674.73
614	4674.73
615	4674.73
616	4674.73
617	4674.73
618	4674.73
619	4674.73
620	4674.73
621	4674.73
622	4674.73
623	4674.73
624	4674.73
625	4674.73
626	4674.73
627	4674.73
628	4674.73
629	4674.73
630	4674.73
631	4674.73
632	4674.73
633	4674.73
634	4674.73
635	4674.73
636	4674.73
637	4674.73
638	4674.73
639	4674.73
640	4674.73
641	4674.73
642	4674.73
643	4674.73
644	4674.73
645	4674.73
646	4674.73
647	4674.73
648	4674.73
649	4674.73
650	4674.73
651	4674.73
652	4674.73
653	4674.73
654	4674.73
655	4674.73
656	4674.73
657	4674.73
658	4674.73
659	4674.73
660	4674.73
661	4674.73
662	4674.73
663	4674.73
664	4674.73
665	4674.73
666	4674.73
667	4674.73
668	4674.73
669	4674.73
670	4674.73
671	4674.73
672	4674.73
673	4674.73
674	4674.73
675	4674.73
676	4674.73
677	4674.73
678	4674.73
679	4674.73
680	4674.73
681	4674.73
682	4674.73
683	4674.73
684	4674.73
685	4674.73
686	4674.73
687	4327.24
688	4163.31
689	4110.06
690	4110.06
691	4110.06
692	4110.06
693	4274.24
