1	405.736
2	405.736
3	405.736
4	405.736
5	315.872
6	295.037
7	280.935
8	278.59
9	263.903
10	246.441
11	219.802
12	210.756
13	208.642
14	205.858
15	199.948
16	197.024
17	195.234
18	193.623
19	189.948
20	186.422
21	181.052
22	179.21
23	176.462
24	178.036
25	180.022
26	178.944
27	181.712
28	182.107
29	183.355
30	187.156
31	190.454
32	189.379
33	191.139
34	192.885
35	197.6
36	203.664
37	208.094
38	253.317
39	285.436
40	321.663
41	360.757
42	494.523
43	494.721
44	717.224
45	969.548
46	1517.58
47	2521.52
48	3401.8
49	4247.05
50	4624.18
51	5191.51
52	5105.08
53	5024.27
54	4940.22
55	4986.61
56	5007.33
57	5008.8
58	4965.34
59	4897.03
60	4887.03
61	4957.11
62	5093.74
63	5227.46
64	5289.49
65	5333.16
66	5381.79
67	5390.07
68	5466.94
69	5474.72
70	5463.41
71	5588.41
72	5552.71
73	5479.85
74	5535.24
75	5565.28
76	5545.45
77	5539.3
78	5598.01
79	5653.86
80	5630.01
81	5613.7
82	5650.12
83	5601.03
84	5603.77
85	5585.81
86	5479.57
87	5520.47
88	5519.61
89	5455.03
90	5411.8
91	5396.73
92	5487.97
93	5519.55
94	5559.27
95	5605.3
96	5693.82
97	5749.05
98	5800.75
99	5864.29
100	5832.78
101	5819.74
102	5823.44
103	5772.22
104	5772.25
105	5920.68
106	5949.25
107	5945.32
108	5907.21
109	5915.32
110	5926.06
111	5879.68
112	5852.8
113	5758.17
114	5694.87
115	5646.87
116	5600.45
117	5496.97
118	5411.13
119	5346.29
120	5312.77
121	5210.33
122	5246.9
123	5275.63
124	5267.81
125	5372.81
126	5435.2
127	5454.29
128	5498.06
129	5516.05
130	5495.33
131	5424.83
132	5438.78
133	5424.05
134	5440.45
135	5451.73
136	5412.28
137	5345.8
138	5267.63
139	5252.26
140	5285.39
141	5337.33
142	5371.97
143	5397.07
144	5339.03
145	5289.07
146	5257.84
147	5202.75
148	5188.96
149	5187.24
150	5177.09
151	5200.83
152	5210.14
153	5243.57
154	5223
155	5152.18
156	5055.08
157	5006.77
158	4968.07
159	4906.6
160	4825.06
161	4786.36
162	4777.81
163	4793.71
164	4843.63
165	4888.93
166	4918.73
167	4982.96
168	5046
169	5050.61
170	5083.51
171	5077.27
172	5050.43
173	5003.81
174	4910.95
175	4879.06
176	4874.91
177	4855.39
178	4832.87
179	4799.52
180	4761.21
181	4660.76
182	4577.55
183	4510.76
184	4511.67
185	4520.93
186	4530.39
187	4515.53
188	4474.22
189	4415.53
190	4376.64
191	4335.04
192	4349.33
193	4341.66
194	4380.75
195	4378.12
196	4353.85
197	4295.54
198	4248.55
199	4196.66
200	4181.03
201	4134.95
202	4099.03
203	4051.51
204	4041.59
205	4033.03
206	4018.78
207	4013.75
208	4020.61
209	4015.09
210	4002.24
211	3969.55
212	3941.61
213	3913.54
214	3895.58
215	3880.85
216	3888.91
217	3848.13
218	3864.24
219	3862.4
220	3843.38
221	3794.46
222	3796.3
223	3801.27
224	3804.55
225	3756.22
226	3757.31
227	3722.55
228	3651.67
229	3599.95
230	3552.71
231	3492.5
232	3429.39
233	3424.63
234	3432.51
235	3432.23
236	3438.48
237	3469.34
238	3491.02
239	3513.18
240	3520.38
241	3545.62
242	3555.99
243	3574.81
244	3556.24
245	3579.37
246	3610.7
247	3628.17
248	3650.21
249	3623.06
250	3547.99
251	3530.74
252	3493.65
253	3479.91
254	3479.01
255	3481.97
256	3466.51
257	3464.9
258	3466.41
259	3470.23
260	3470.99
261	3468.01
262	3464.38
263	3457.79
264	3455.61
265	3451.37
266	3438.83
267	3439.09
268	3438.62
269	3238.87
270	3037.96
271	2949.37
272	2944.99
273	2972
274	3006.81
275	3033.53
276	3062.04
277	3068.12
278	3071.51
279	3071.42
280	3077.57
281	3079.24
282	3095.25
283	3094.25
284	3103.98
285	3112.91
286	3129.79
287	3141.67
288	3150.96
289	3156.84
290	3158.02
291	3153.11
292	3158.3
293	3163.24
294	3189.22
295	3181.36
296	3177.22
297	3171.48
298	3158.82
299	3132.72
300	3129.17
301	3117.1
302	3118.38
303	3122.29
304	3128.15
305	3131.6
306	3151.65
307	3136.22
308	3138.3
309	3150.36
310	3134.83
311	3105.68
312	3116.64
313	3121.97
314	3122.01
315	3126.07
316	3127.14
317	3127.86
318	3128.54
319	3126.18
320	3125.07
321	3133.59
322	3134.95
323	3149.1
324	3160.81
325	3166.08
326	3169.22
327	3174.65
328	3177.93
329	3185.95
330	3189.19
331	3189.4
332	3188.43
333	3195.22
334	3215.28
335	3243.91
336	3285.54
337	3300.48
338	3345.14
339	3376.17
340	3381.8
341	3428.41
342	3467.08
343	3467.72
344	3487.28
345	3514.74
346	3543.05
347	3560.92
348	3571.52
349	3585.34
350	3608.75
351	3610.52
352	3562.54
353	3536.87
354	3485.82
355	3426.32
356	3368.28
357	3351.86
358	3362.41
359	3386.66
360	3398.27
361	3398.34
362	3400.51
363	3431.14
364	3455.23
365	3483.23
366	3546.01
367	3579.03
368	3588.93
369	3611.74
370	3624.24
371	3640.34
372	3646.4
373	3649.17
374	3652
375	3675.98
376	3699.29
377	3726.53
378	3752.05
379	3814.08
380	3848.35
381	3912.05
382	3973.05
383	3971.59
384	4035.76
385	4045.48
386	4111.59
387	4120.84
388	4120.84
389	4120.78
390	4137.38
391	4161.76
392	4203.37
393	4212.07
394	4271.87
395	4269.61
396	4186.38
397	4058.84
398	3917.04
399	3874.17
400	3874.17
401	3830.72
402	3830.95
403	3831.92
404	3829.17
405	3831.2
406	3833.51
407	3832.56
408	3832.23
409	3830.98
410	3842.94
411	3876.7
412	3885.69
413	3946.28
414	4017.05
415	4084.52
416	4148.76
417	4220.57
418	4296.75
419	4339.03
420	4363.04
421	4376.38
422	4390.5
423	4416.64
424	4430.29
425	4475.79
426	4489.15
427	4527.15
428	4553.12
429	4604.14
430	4624.3
431	4723.49
432	4794.17
433	4940.76
434	5012.96
435	5063.33
436	5131.46
437	5276.88
438	5353.44
439	5383.65
440	5394.36
441	5408.37
442	5430.66
443	5475.41
444	5485.46
445	5504.55
446	5509.6
447	5510.56
448	5514.07
449	5515.67
450	5523.49
451	5526.82
452	5543.3
453	5552.54
454	5558.17
455	5578.53
456	5593.99
457	5604.57
458	5621.88
459	5624.89
460	5628.1
461	5628.44
462	5630.85
463	5630.66
464	5633.49
465	5643.94
466	5648.78
467	5651.36
468	5655.61
469	5654.28
470	5654.48
471	5656.72
472	5665.99
473	5682.25
474	5690.54
475	5694.81
476	5699.61
477	5702.77
478	5693.45
479	5702.07
480	5690.15
481	5699.38
482	5711.16
483	5711.16
484	5711.16
485	5748.85
486	5720.99
487	5676.09
488	5569.31
489	5516.32
490	5464.7
491	5413.44
492	5413.44
493	5362.6
494	5362.6
495	5312.65
496	5312.65
497	5312.65
498	5312.65
499	5261.81
500	5261.81
501	5261.81
502	5261.81
503	5261.81
504	5261.81
505	5261.81
506	5261.81
507	5261.81
508	5261.81
509	5261.81
510	5261.81
511	5261.81
512	5261.81
513	5261.81
514	5261.81
515	5261.81
516	5261.81
517	5261.81
518	5261.81
519	5261.81
520	5261.81
521	5261.81
522	5261.81
523	5261.81
524	5261.81
525	5261.81
526	5261.81
527	5261.81
528	5261.81
529	5261.81
530	5261.81
531	5261.81
532	5261.81
533	5261.81
534	5261.81
535	5261.81
536	5261.81
537	5261.81
538	5261.81
539	5261.81
540	5261.81
541	5261.81
542	5261.81
543	5261.81
544	5261.81
545	5261.81
546	5261.81
547	5261.81
548	5261.81
549	5210.7
550	5210.7
551	5160.12
552	5061.14
553	5061.14
554	5061.14
555	4963.98
556	4868.82
557	4868.82
558	4822.85
559	4777.53
560	4777.53
561	4777.53
562	4777.53
563	4777.53
564	4777.53
565	4777.53
566	4777.53
567	4777.53
568	4777.53
569	4777.53
570	4777.53
571	4777.53
572	4777.53
573	4777.53
574	4777.53
575	4777.53
576	4777.53
577	4777.53
578	4777.53
579	4777.53
580	4777.53
581	4777.53
582	4777.53
583	4777.53
584	4777.53
585	4777.53
586	4777.53
587	4777.53
588	4777.53
589	4777.53
590	4777.53
591	4777.53
592	4777.53
593	4777.53
594	4777.53
595	4777.53
596	4777.53
597	4777.53
598	4777.53
599	4777.53
600	4777.53
601	4777.53
602	4777.53
603	4777.53
604	4777.53
605	4777.53
606	4777.53
607	4777.53
608	4777.53
609	4777.53
610	4777.53
611	4777.53
612	4777.53
613	4777.53
614	4777.53
615	4721
616	4609.93
617	4395.57
618	4395.57
619	4395.57
620	4241.37
621	4241.37
622	4241.37
623	4241.37
624	4241.37
625	4241.37
626	4241.37
627	4241.37
628	4241.37
629	4241.37
630	4241.37
631	4241.37
632	4241.37
633	4241.37
634	4241.37
635	4241.37
636	4241.37
637	4241.37
638	4241.37
639	4241.37
640	4241.37
641	4241.37
642	4241.37
643	4241.37
644	4241.37
645	4241.37
646	4241.37
647	4241.37
648	4241.37
649	4241.37
650	4241.37
651	4241.37
652	4241.37
653	4241.37
654	4241.37
655	4241.37
656	4241.37
657	4241.37
658	4241.37
659	4241.37
660	4241.37
661	4241.37
662	4241.37
663	4241.37
664	4241.37
665	4241.37
666	4241.37
667	4241.37
668	4241.37
669	4241.37
670	4241.37
671	4241.37
672	4241.37
673	4241.37
674	4241.37
675	4241.37
676	4291.45
