1	220.654
2	220.654
3	220.654
4	220.654
5	215.262
6	213.994
7	213.271
8	212.518
9	211.899
10	206.216
11	203.706
12	201.894
13	203.919
14	201.662
15	201.913
16	203.078
17	201.14
18	204.9
19	204.886
20	206.017
21	207.288
22	209.772
23	214.956
24	216.252
25	215.529
26	220.054
27	218.877
28	220.904
29	222.647
30	225.911
31	228.319
32	232.568
33	237.763
34	241.291
35	245.855
36	252.806
37	260.834
38	268.056
39	274.216
40	275.437
41	273.965
42	278.576
43	293.385
44	296.932
45	323.629
46	345.556
47	401.856
48	408.353
49	419.725
50	473.517
51	535.179
52	637.818
53	790.649
54	929.673
55	1153.67
56	1372.28
57	2052.6
58	2577.57
59	3221.29
60	3717.21
61	4072.62
62	4566.96
63	5437.73
64	5733.73
65	6090.58
66	6328.29
67	6310.8
68	6263.82
69	6188.84
70	6204.67
71	6055.54
72	6003.4
73	6045.98
74	6091.44
75	6063.18
76	6058.1
77	5997.91
78	5968.08
79	5972.76
80	5919.12
81	5919.8
82	5913.05
83	5853.17
84	5835.45
85	5864.96
86	5893.4
87	5897.58
88	5900.63
89	5971.34
90	6043.88
91	6083.82
92	6079.96
93	6080.71
94	6122.5
95	6115
96	6063.46
97	6051.62
98	5981.86
99	5942.84
100	5853.79
101	5771.77
102	5734.81
103	5807.34
104	5849.36
105	5941.85
106	5993.16
107	6040.09
108	6105.57
109	6112.59
110	6124.73
111	6116.51
112	6050.4
113	6059.92
114	6090.53
115	6086.59
116	5977.36
117	6134.73
118	6200.48
119	6294.5
120	6346.96
121	6396.15
122	6397.16
123	6505.04
124	6489.62
125	6486.6
126	6512.77
127	6485.81
128	6462.4
129	6383.87
130	6333.08
131	6289.71
132	6284.03
133	6266.68
134	6285.16
135	6256.49
136	6224.66
137	6149.71
138	6135.49
139	6104.94
140	6041.25
141	6014.05
142	5948.7
143	5966.37
144	5957.99
145	5952.22
146	5969.2
147	6005.6
148	6024.45
149	6056.01
150	6089.66
151	6118.89
152	6142.48
153	6144.49
154	6121.73
155	6168.12
156	6200.41
157	6204.78
158	6223.9
159	6242.97
160	6283.91
161	6389.35
162	6434.81
163	6460.76
164	6427.02
165	6420.05
166	6392.09
167	6362.91
168	6341.41
169	6383.37
170	6352.61
171	6341.79
172	6351.71
173	6361.23
174	6369.36
175	6226.76
176	6158.46
177	5978.46
178	5772.79
179	5706.4
180	5661.24
181	5617.02
182	5609.33
183	5657.11
184	5701.31
185	5685.79
186	5660.84
187	5635.21
188	5615.26
189	5575.52
190	5452.28
191	5408.19
192	5327.7
193	5220.02
194	5108.15
195	5078.93
196	5003.09
197	5088.21
198	5188.31
199	5183.14
200	5171.14
201	5165.17
202	5108.2
203	5115.73
204	5103.15
205	5069.21
206	5074.29
207	5071.05
208	5063.83
209	5102.26
210	5113.54
211	5112.57
212	5054.64
213	4935.37
214	4783.02
215	4734.6
216	4738.04
217	4685.34
218	4704.32
219	4729.38
220	4720.28
221	4702.45
222	4682.68
223	4657.49
224	4647.65
225	4658.93
226	4670.93
227	4685.75
228	4674.06
229	4634.73
230	4581.28
231	4552.8
232	4508.49
233	4446.02
234	4397.35
235	4322.93
236	4230.24
237	4222.53
238	4113.75
239	4055.62
240	3989.44
241	3949.51
242	3835.28
243	3777.96
244	3743.64
245	3702.69
246	3678.97
247	3683.74
248	3682.81
249	3665.53
250	3623.91
251	3592.48
252	3540.85
253	3509.91
254	3506.29
255	3512.35
256	3497.43
257	3494.4
258	3487.83
259	3484.53
260	3490.18
261	3500.54
262	3524.57
263	3542.61
264	3547.43
265	3566.78
266	3586.71
267	3592.3
268	3595.35
269	3591.42
270	3591.01
271	3589.09
272	3581.72
273	3575.88
274	3572.52
275	3568.56
276	3558.94
277	3556.25
278	3540.16
279	3549.09
280	3563.95
281	3575.71
282	3572.18
283	3565.45
284	3609.58
285	3607.44
286	3608.81
287	3603.43
288	3596.69
289	3596.9
290	3600.6
291	3603.93
292	3606.86
293	3633.12
294	3640.27
295	3650.76
296	3652.2
297	3654.7
298	3675.93
299	3701.93
300	3713.54
301	3723.34
302	3773.43
303	3790.81
304	3812.61
305	3832.41
306	3842.48
307	3776.65
308	3670.32
309	3635.09
310	3605.43
311	3512.41
312	3522.54
313	3533.34
314	3536.52
315	3533.18
316	3532.89
317	3536.73
318	3514.58
319	3518.02
320	3529.82
321	3571.18
322	3564.91
323	3589.46
324	3569.66
325	3614.89
326	3549.19
327	3458.12
328	3240.53
329	3230.88
330	3164.82
331	3145.45
332	3155.58
333	3168.54
334	3147.62
335	3135.91
336	3134.72
337	3135.33
338	3137.88
339	3132.03
340	3134.29
341	3136.92
342	3134.27
343	3117.01
344	3108.8
345	3113.41
346	3118.26
347	3118.7
348	3121.68
349	3122.36
350	3126
351	3131.16
352	3134.15
353	3133.69
354	3070.24
355	2994.44
356	2922.86
357	2935.63
358	2961.68
359	3000.82
360	2980.98
361	3001.08
362	2986.26
363	2976.63
364	2965.86
365	2963.12
366	2922.02
367	2921.35
368	2768.76
369	2709.3
370	2721.4
371	2730.56
372	2723.68
373	2713
374	2716.74
375	2724.83
376	2740.83
377	2749.66
378	2757.19
379	2763.3
380	2765.18
381	2773.3
382	2768.54
383	2775.29
384	2783.03
385	2779.52
386	2780.83
387	2786.57
388	2802.5
389	2824.99
390	2839.54
391	2824.94
392	2815.38
393	2845.13
394	2869.12
395	2896.94
396	2907.79
397	2919.45
398	2930.57
399	2927.82
400	2949.32
401	2955.18
402	2955.59
403	2975.38
404	2961.7
405	2976.94
406	2957.68
407	2892.55
408	2816.71
409	2763.05
410	2789.13
411	2818.99
412	2839.53
413	2865.93
414	2884.5
415	2888.68
416	2888.9
417	2888.91
418	2893.75
419	2895.9
420	2898.92
421	2899.51
422	2903.2
423	2928.85
424	2938.81
425	2946.16
426	2935.59
427	2940.78
428	2945.38
429	2979.28
430	2997.5
431	3017.55
432	3049.58
433	3095.04
434	3134.84
435	3172.97
436	3239.06
437	3276.52
438	3291.04
439	3300.33
440	3323.33
441	3330.47
442	3351.21
443	3363.14
444	3382.51
445	3443.5
446	3460.6
447	3480.91
448	3511.96
449	3555.13
450	3573.33
451	3593.89
452	3637.56
453	3640.28
454	3656.67
455	3663.65
456	3682.37
457	3691.17
458	3713.02
459	3716.98
460	3720.35
461	3739.39
462	3768.48
463	3850.75
464	3906.48
465	3932.63
466	3964.94
467	3997.49
468	4040.34
469	4048.15
470	4053.42
471	4073.42
472	4098.64
473	4133.66
474	4145.64
475	4165.37
476	4175.4
477	4200.11
478	4209.57
479	4244.7
480	4281.35
481	4301.96
482	4301.96
483	4301.96
484	4301.96
485	4301.96
486	4301.96
487	4301.96
488	4301.96
489	4301.96
490	4301.96
491	4301.96
492	4301.96
493	4301.96
494	4301.96
495	4301.96
496	4301.96
497	4301.96
498	4301.96
499	4301.96
500	4301.96
501	4301.96
502	4301.96
503	4301.96
504	4301.96
505	4301.96
506	4301.96
507	4301.96
508	4301.96
509	4301.96
510	4301.96
511	4301.96
512	4301.96
513	4301.96
514	4301.96
515	4301.96
516	4301.96
517	4301.96
518	4301.96
519	4301.96
520	4301.96
521	4301.96
522	4301.96
523	4301.96
524	4301.96
525	4301.96
526	4301.96
527	4301.96
528	4301.96
529	4301.96
530	4301.96
531	4301.96
532	4301.96
533	4301.96
534	4301.96
535	4301.96
536	4301.96
537	4301.96
538	4301.96
539	4301.96
540	4301.96
541	4301.96
542	4301.96
543	4301.96
544	4301.96
545	4301.96
546	4301.96
547	4301.96
548	4301.96
549	4301.96
550	4301.96
551	4301.96
552	4301.96
553	4301.96
554	4301.96
555	4301.96
556	4301.96
557	4301.96
558	4301.96
559	4301.96
560	4301.96
561	4301.96
562	4301.96
563	4301.96
564	4301.96
565	4301.96
566	4301.96
567	4301.96
568	4301.96
569	4301.96
570	4301.96
571	4301.96
572	4301.96
573	4301.96
574	4301.96
575	4301.96
576	4301.96
577	4301.96
578	4301.96
579	4301.96
580	4301.96
581	4301.96
582	4301.96
583	4301.96
584	4301.96
585	4301.96
586	4301.96
587	4301.96
588	4301.96
589	4301.96
590	4301.96
591	4301.96
592	4301.96
593	4301.96
594	4301.96
595	4301.96
596	4301.96
597	4301.96
598	4301.96
599	4301.96
600	4301.96
601	4301.96
602	4301.96
603	4301.96
604	4301.96
605	4301.96
606	4301.96
607	4301.96
608	4301.96
609	4301.96
610	4301.96
611	4301.96
612	4301.96
613	4301.96
614	4301.96
615	4301.96
616	4301.96
617	4301.96
618	4301.96
619	4301.96
620	4301.96
621	4301.96
622	4301.96
623	4301.96
624	4301.96
625	4301.96
626	4301.96
627	4301.96
628	4301.96
629	4301.96
630	4301.96
631	4301.96
632	4301.96
633	4301.96
634	4301.96
635	4301.96
636	4301.96
637	4301.96
638	4301.96
639	4301.96
640	4301.96
641	4301.96
642	4301.96
643	4301.96
644	4301.96
645	4301.96
646	4301.96
647	4301.96
648	4301.96
649	4301.96
650	4301.96
651	4301.96
652	4301.96
653	4301.96
654	4301.96
655	4301.96
656	4301.96
657	4301.96
658	4301.96
659	4301.96
660	4301.96
661	4301.96
662	4301.96
663	4301.96
664	4301.96
665	4301.96
666	4301.96
667	4301.96
668	4301.96
669	4301.96
670	4301.96
671	4301.96
672	4301.96
673	4301.96
674	4242.73
675	4184.32
676	4069.89
677	3958.59
678	3745.03
679	3745.03
680	3745.03
681	3745.03
682	3837.39
