1	301.806
2	301.806
3	301.806
4	301.806
5	266.922
6	254.217
7	243.782
8	241.125
9	221.568
10	207.383
11	201.019
12	193.245
13	181.178
14	182.056
15	178.068
16	177.195
17	182.533
18	175.378
19	172.31
20	172.079
21	173.446
22	179.95
23	184.17
24	194.372
25	202.228
26	203.642
27	209.448
28	219.329
29	227.373
30	247.325
31	255.876
32	263.31
33	280.092
34	329.133
35	340.273
36	351.337
37	410.29
38	443.914
39	633.567
40	741.777
41	792.499
42	798.484
43	1038.89
44	1046.27
45	1205.77
46	1219.3
47	1214.66
48	1208.13
49	1210.51
50	1264.74
51	1300.82
52	1306.5
53	1328.16
54	1412.91
55	1417.07
56	1460.75
57	1608.03
58	1713.73
59	1754.77
60	1852.95
61	2167.98
62	2172.46
63	2296.94
64	2451.2
65	2668.83
66	2983.26
67	3225.47
68	3301.5
69	3329.77
70	3294.76
71	3506.79
72	3673.71
73	3925.57
74	4068.48
75	4240.7
76	4208.24
77	4288.16
78	4292.15
79	4249.64
80	4376.13
81	4509.28
82	4619.08
83	4702.47
84	4985.22
85	5102.52
86	5138.68
87	5122.25
88	5168.25
89	5216.79
90	5317.38
91	5318.97
92	5332.69
93	5332.05
94	5314.98
95	5304.99
96	5268.03
97	5279.6
98	5311.08
99	5325.06
100	5319.2
101	5319.75
102	5354.42
103	5341.23
104	5232.86
105	5047.08
106	4984.93
107	4933.23
108	4998.04
109	4955.32
110	4960.63
111	4917.13
112	4939.39
113	4885.93
114	4794.91
115	4644.34
116	4558.1
117	4417
118	4296.87
119	4297.46
120	4319.87
121	4362.92
122	4461.28
123	4514.91
124	4583.44
125	4596.51
126	4615.01
127	4643.8
128	4625.97
129	4606.41
130	4566.64
131	4509.82
132	4474.51
133	4450.46
134	4383.37
135	4322.43
136	4248.23
137	4156.52
138	4066.59
139	4028.82
140	4011.81
141	3971.38
142	3962.51
143	3992.81
144	4062.91
145	4108.85
146	4162.07
147	4213.54
148	4171.13
149	4175.61
150	4223.05
151	4283.83
152	4295.04
153	4270.77
154	4258.35
155	4278.28
156	4273.49
157	4272.8
158	4238.83
159	4218.09
160	4209.93
161	4198.75
162	4231.89
163	4196.15
164	4151.79
165	4118.54
166	4141.72
167	4167.68
168	4201.81
169	4215.54
170	4212.32
171	4172.39
172	4148.13
173	4108.57
174	4052.55
175	3991.14
176	3930
177	3886.29
178	3901.17
179	3913.92
180	3918.62
181	3826.13
182	3746.48
183	3705.19
184	3709.86
185	3740.08
186	3765
187	3758.03
188	3745.85
189	3724.72
190	3710.11
191	3667.65
192	3689.47
193	3682.73
194	3676.34
195	3679.16
196	3652.35
197	3633.42
198	3633.78
199	3603.22
200	3495.29
201	3435.88
202	3442.2
203	3455.78
204	3449.74
205	3468.28
206	3491.01
207	3477.52
208	3449.15
209	3416.87
210	3408.24
211	3399.21
212	3454.26
213	3451.88
214	3428.38
215	3429.07
216	3421.77
217	3451.38
218	3477.61
219	3543.19
220	3575.01
221	3601.07
222	3577.73
223	3590.36
224	3574.88
225	3572.87
226	3567.07
227	3590.77
228	3632.13
229	3681.84
230	3688.29
231	3676.98
232	3691.45
233	3692.38
234	3692
235	3665.49
236	3647.75
237	3629.27
238	3631.38
239	3621.15
240	3605.45
241	3576.85
242	3540.63
243	3504.09
244	3459.41
245	3443.59
246	3421.29
247	3447.27
248	3438.54
249	3423.31
250	3424.75
251	3426.38
252	3417.06
253	3420.57
254	3413.9
255	3411.4
256	3421.33
257	3440.2
258	3436.06
259	3418.39
260	3418.35
261	3407.39
262	3403.37
263	3403.31
264	3403.53
265	3404.88
266	3404.56
267	3373.75
268	3373.75
269	3253.37
270	3255.73
271	3111.64
272	3110.85
273	3110.73
274	3111.6
275	3112.17
276	3111.51
277	3127.25
278	3143.89
279	3146.91
280	3177.14
281	3153.52
282	3158.87
283	3129.91
284	3090.28
285	3063.2
286	3039.83
287	3002.99
288	2907.79
289	2829.87
290	2779.92
291	2756.91
292	2760.41
293	2742.67
294	2744.47
295	2710.34
296	2572.07
297	2471.57
298	2432.7
299	2420.61
300	2390.01
301	2389.35
302	2402.52
303	2417.42
304	2430.94
305	2451.41
306	2465.32
307	2465.32
308	2465.13
309	2482.99
310	2517.1
311	2522.47
312	2545.28
313	2558.17
314	2561.69
315	2574.48
316	2580.98
317	2588.39
318	2587.27
319	2592.48
320	2600.52
321	2591.92
322	2574.56
323	2570.98
324	2572.95
325	2577.45
326	2580
327	2582.88
328	2585.02
329	2590.09
330	2590
331	2581.93
332	2577.92
333	2568.84
334	2567.33
335	2567.98
336	2568.69
337	2565.78
338	2566.17
339	2567.41
340	2567.5
341	2596.81
342	2626.59
343	2663.55
344	2677
345	2666.06
346	2695.5
347	2740.37
348	2755.05
349	2755.05
350	2751.28
351	2752.65
352	2776.65
353	2783.97
354	2788.76
355	2795.48
356	2854.49
357	2903.88
358	2977.99
359	3053.23
360	3123.8
361	3174.09
362	3213.51
363	3240.45
364	3240.45
365	3253.1
366	3279.49
367	3279.64
368	3309.12
369	3328.17
370	3374.6
371	3436.08
372	3488.8
373	3528.19
374	3549.78
375	3548.63
376	3547.45
377	3556.07
378	3560.86
379	3552.36
380	3551.66
381	3553.46
382	3589.65
383	3599.19
384	3608.37
385	3642.95
386	3714.59
387	3778.99
388	3822.08
389	3879.8
390	3985.33
391	4036.14
392	4052.51
393	4134.04
394	4172.96
395	4188.93
396	4192.54
397	4207.37
398	4215.71
399	4195.25
400	4218.51
401	4223.36
402	4248.4
403	4254.11
404	4269.19
405	4286.95
406	4286.95
407	4299.29
408	4364.8
409	4431.15
410	4472.81
411	4599.73
412	4689.58
413	4777.64
414	4850.29
415	4961.31
416	5005.33
417	5005.81
418	4703.64
419	4559.33
420	4507.87
421	4495.41
422	4492.04
423	4483.1
424	4504.33
425	4522.71
426	4592.79
427	4684.88
428	4685.19
429	4704.57
430	4699.79
431	4719.22
432	4745.97
433	4816.8
434	4824.62
435	4876.15
436	4889.31
437	4922.82
438	4964.01
439	4988.26
440	5032.9
441	5087.31
442	5150.17
443	5167.33
444	5219.05
445	5290.98
446	5361.14
447	5394.27
448	5459.16
449	5566.7
450	5601.98
451	5655.98
452	5689.76
453	5777.36
454	5798.13
455	5799.77
456	5802.04
457	5804.32
458	5805.63
459	5810.65
460	5814.79
461	5817.82
462	5823.89
463	5836.56
464	5843.73
465	5871.38
466	5960.84
467	6009.18
468	6107.65
469	6163.04
470	6208.05
471	6284.47
472	6339.91
473	6425.6
474	6473.81
475	6535.91
476	6537.45
477	6593.07
478	6611.08
479	6611.08
480	6631.19
481	6693.61
482	6736.35
483	6798.16
484	6838.7
485	6838.7
486	6838.7
487	6838.7
488	6838.7
489	6838.7
490	6838.7
491	6838.7
492	6838.7
493	6838.7
494	6838.7
495	6838.7
496	6838.7
497	6838.7
498	6838.7
499	6838.7
500	6838.7
501	6838.7
502	6838.7
503	6838.7
504	6838.7
505	6838.7
506	6838.7
507	6838.7
508	6838.7
509	6838.7
510	6838.7
511	6838.7
512	6838.7
513	6838.7
514	6838.7
515	6838.7
516	6838.7
517	6838.7
518	6838.7
519	6838.7
520	6838.7
521	6838.7
522	6838.7
523	6838.7
524	6838.7
525	6838.7
526	6838.7
527	6838.7
528	6838.7
529	6838.7
530	6838.7
531	6838.7
532	6838.7
533	6838.7
534	6838.7
535	6838.7
536	6838.7
537	6838.7
538	6838.7
539	6838.7
540	6838.7
541	6838.7
542	6838.7
543	6838.7
544	6838.7
545	6838.7
546	6838.7
547	6838.7
548	6838.7
549	6838.7
550	6838.7
551	6838.7
552	6838.7
553	6838.7
554	6838.7
555	6838.7
556	6838.7
557	6838.7
558	6838.7
559	6838.7
560	6838.7
561	6838.7
562	6838.7
563	6838.7
564	6838.7
565	6838.7
566	6838.7
567	6838.7
568	6838.7
569	6838.7
570	6838.7
571	6838.7
572	6838.7
573	6838.7
574	6838.7
575	6838.7
576	6838.7
577	6838.7
578	6838.7
579	6838.7
580	6838.7
581	6838.7
582	6838.7
583	6677.48
584	6598.29
585	6442.73
586	6290.84
587	6216.24
588	6142.53
589	6069.69
590	6069.69
591	6069.69
592	6069.69
593	6069.69
594	6069.69
595	6069.69
596	6069.69
597	6069.69
598	6069.69
599	6069.69
600	6069.69
601	6069.69
602	6069.69
603	6069.69
604	6069.69
605	6069.69
606	6069.69
607	6069.69
608	6069.69
609	6069.69
610	6069.69
611	6069.69
612	6069.69
613	6069.69
614	6069.69
615	6069.69
616	6069.69
617	6069.69
618	6069.69
619	6069.69
620	6069.69
621	6069.69
622	6069.69
623	6069.69
624	6069.69
625	6069.69
626	6069.69
627	6069.69
628	6069.69
629	6069.69
630	6069.69
631	6069.69
632	6069.69
633	6069.69
634	6069.69
635	6069.69
636	6069.69
637	6069.69
638	6069.69
639	6069.69
640	6069.69
641	6069.69
642	6069.69
643	6069.69
644	6069.69
645	6069.69
646	6069.69
647	6069.69
648	6069.69
649	6069.69
650	6069.69
651	6069.69
652	6069.69
653	6069.69
654	6069.69
655	6069.69
656	6069.69
657	6069.69
658	6069.69
659	6069.69
660	6069.69
661	6069.69
662	6069.69
663	6069.69
664	6069.69
665	6069.69
666	6069.69
667	6069.69
668	6069.69
669	6069.69
670	6069.69
671	6069.69
672	6069.69
673	6069.69
674	6069.69
675	6069.69
676	6069.69
677	6069.69
678	6069.69
679	6069.69
680	6069.69
681	6069.69
682	5951.06
