1	218.618
2	218.618
3	218.618
4	218.618
5	207.187
6	206.756
7	206.305
8	206.572
9	204.37
10	202.937
11	202.465
12	202.012
13	205.927
14	207.258
15	208.62
16	208.693
17	204.578
18	202.943
19	203.689
20	203.373
21	207.113
22	211.406
23	212.777
24	214.691
25	225.409
26	226.601
27	225.789
28	223.725
29	228.631
30	237.972
31	246.324
32	248.615
33	251.107
34	274.078
35	278.801
36	288.858
37	291.839
38	310.989
39	317.613
40	321.845
41	326.984
42	333.876
43	333.994
44	335.997
45	403.065
46	605.659
47	618.258
48	681.462
49	902.119
50	886.789
51	1150.82
52	1194.33
53	1262.37
54	1501.05
55	1680.81
56	1796.94
57	1956.99
58	2000.56
59	2141.04
60	2185.98
61	2142.15
62	2123.82
63	2300.63
64	2599.98
65	2814.47
66	2818.53
67	2829.59
68	2945.52
69	3042.18
70	3159.51
71	3559.75
72	3600.95
73	3853.74
74	4353.18
75	4899.18
76	5086.18
77	5129.58
78	5117.51
79	5107.22
80	5119.14
81	5105.02
82	4999.86
83	4930.21
84	4884.37
85	4833.4
86	4820.75
87	4901.58
88	4883.58
89	4887.13
90	4934.61
91	5112.95
92	5332.52
93	5462.06
94	5545.81
95	5622.23
96	5559.75
97	5512.94
98	5613.57
99	5608.49
100	5561.95
101	5432.85
102	5343.33
103	5291.85
104	5249.48
105	5214.68
106	5168.99
107	5114.81
108	5052.6
109	4940.16
110	4875.82
111	4889.96
112	4907.74
113	4919.78
114	4918.53
115	5045.35
116	5176.47
117	5231.65
118	5266.18
119	5309.47
120	5255.5
121	5280.96
122	5291.69
123	5281.96
124	5273.08
125	5243.13
126	5281.74
127	5310.17
128	5369.09
129	5339.21
130	5268.51
131	5219.62
132	5238.79
133	5268.03
134	5357.46
135	5439.64
136	5500.03
137	5512.27
138	5493.79
139	5575.68
140	5587.27
141	5583.67
142	5541.49
143	5479.05
144	5447.95
145	5350.8
146	5337.17
147	5301.41
148	5284.1
149	5282.13
150	5259.51
151	5227.46
152	5157.2
153	5092.27
154	5120.24
155	5058.96
156	5132.2
157	5122.78
158	5121.84
159	5147.39
160	5225.9
161	5280.76
162	5342.95
163	5372.62
164	5392.21
165	5443.83
166	5503.17
167	5412.74
168	5419.01
169	5136.16
170	5027.99
171	5041.5
172	4992.7
173	4967.74
174	4963.33
175	4924.83
176	4796.27
177	4805.92
178	4800.64
179	4784.23
180	4765.31
181	4715.58
182	4728.16
183	4737.87
184	4692.07
185	4680.04
186	4640.2
187	4571.41
188	4549.92
189	4504.05
190	4454.33
191	4400.99
192	4287.04
193	4165.86
194	4049.35
195	3862.76
196	3750.28
197	3683.63
198	3595.96
199	3598.06
200	3597.59
201	3622.81
202	3687.57
203	3698.05
204	3626.14
205	3595.11
206	3608.51
207	3608.88
208	3612.89
209	3630.06
210	3644.84
211	3655.77
212	3638.53
213	3699.76
214	3731.02
215	3744.07
216	3766.89
217	3831.16
218	3826.94
219	3876.91
220	3848.35
221	3821.26
222	3788.38
223	3777.83
224	3775.15
225	3728.38
226	3695.82
227	3686.03
228	3655.71
229	3616.59
230	3612.4
231	3599.38
232	3559.8
233	3566.9
234	3620.79
235	3601.18
236	3583
237	3513.93
238	3482.69
239	3462.07
240	3424.88
241	3424.42
242	3416.07
243	3398.13
244	3384.44
245	3365.96
246	3339.22
247	3345.05
248	3361.12
249	3363.02
250	3365.73
251	3365.99
252	3368.94
253	3377.91
254	3390.93
255	3406.01
256	3427.6
257	3427.73
258	3214.33
259	3131.42
260	3089.53
261	3009.74
262	3012.18
263	3019.2
264	3025.3
265	3023.04
266	3026.5
267	3026.83
268	3021.11
269	3014.76
270	3015.67
271	3016.22
272	3017.85
273	3017.67
274	3015.8
275	3014.19
276	3014.16
277	3010.34
278	2994.86
279	2945.98
280	2747.12
281	2491.11
282	2439.45
283	2360.19
284	2353.38
285	2377.57
286	2397.75
287	2393.79
288	2348.47
289	2053.75
290	1973.82
291	1870.26
292	1846.25
293	1864.72
294	1801.64
295	1737.61
296	1732.66
297	1721.71
298	1723.15
299	1727.51
300	1726.71
301	1731.19
302	1734.25
303	1720.85
304	1715.12
305	1712.3
306	1715.98
307	1710.43
308	1709.89
309	1706.08
310	1703.39
311	1682.91
312	1685.45
313	1703.59
314	1712.59
315	1712.67
316	1712.72
317	1712.72
318	1714
319	1722.06
320	1731.14
321	1730.65
322	1768.97
323	1790.5
324	1788.66
325	1788.12
326	1785.71
327	1785.61
328	1785.68
329	1765
330	1744.6
331	1662.12
332	1639.99
333	1640.29
334	1641.25
335	1623.54
336	1510.03
337	1459.55
338	1341.04
339	1246.42
340	1234.95
341	1235.33
342	1235.38
343	1153.46
344	1116.43
345	1119.39
346	1123.59
347	1123.58
348	1126.01
349	1128.07
350	1129.9
351	1120.69
352	1120.63
353	1107.46
354	1069.44
355	1032.23
356	996.688
357	996.973
358	997.664
359	989.924
360	970.409
361	901.006
362	874.715
363	849.132
364	846.12
365	841.953
366	833.72
367	807.364
368	790.06
369	756.557
370	762.617
371	764.235
372	761.407
373	761.313
374	766.132
375	771.681
376	775.863
377	784.256
378	786.938
379	788.414
380	788.802
381	789.946
382	790.288
383	796.647
384	796.576
385	796.775
386	796.649
387	798.36
388	800.804
389	803.376
390	802.369
391	813.399
392	817.479
393	824.683
394	824.683
395	826.731
396	827.788
397	832.473
398	839.575
399	849.502
400	849.535
401	850.995
402	852.205
403	856.307
404	848.472
405	843.963
406	815.457
407	795.194
408	790.508
409	792.405
410	793.777
411	789.76
412	794.88
413	797.489
414	798.775
415	801.936
416	802.697
417	804.153
418	772.585
419	757.56
420	751.854
421	738.609
422	729.842
423	733.2
424	733.529
425	736.535
426	742.62
427	744.163
428	755.959
429	759.087
430	769.583
431	764.517
432	761.652
433	745.328
434	730.041
435	734.655
436	738.678
437	739.788
438	715.895
439	708.5
440	709.028
441	711.746
442	720.818
443	721.703
444	704.112
445	696.979
446	685.763
447	678.266
448	656.211
449	656.211
450	656.211
451	656.211
452	656.193
453	656.128
454	656.128
455	656.139
456	656.275
457	657.348
458	657.348
459	657.544
460	658.018
461	660.377
462	662.926
463	663.173
464	664.915
465	675.182
466	682.396
467	697.841
468	706.265
469	714.443
470	722.568
471	722.713
472	721.921
473	720.321
474	720.583
475	720.277
476	696.457
477	696.457
478	673.823
479	666.199
480	658.777
481	651.493
482	644.235
483	644.235
484	644.235
485	644.235
486	644.235
487	644.235
488	644.235
489	644.235
490	644.235
491	644.235
492	644.235
493	644.235
494	644.235
495	644.235
496	644.235
497	644.235
498	644.235
499	644.235
500	644.235
501	644.235
502	644.235
503	644.235
504	644.235
505	644.235
506	644.235
507	644.235
508	644.235
509	644.235
510	644.235
511	644.235
512	644.235
513	644.235
514	644.235
515	644.235
516	644.235
517	644.235
518	644.235
519	644.235
520	644.235
521	644.235
522	644.235
523	644.235
524	644.235
525	644.235
526	644.235
527	644.235
528	644.235
529	644.235
530	644.235
531	644.235
532	644.235
533	644.235
534	644.235
535	644.235
536	644.235
537	644.235
538	644.235
539	644.235
540	644.235
541	644.235
542	644.235
543	644.235
544	644.235
545	644.235
546	644.235
547	644.235
548	644.235
549	644.235
550	644.235
551	644.235
552	644.235
553	644.235
554	644.235
555	644.235
556	644.235
557	644.235
558	644.235
559	644.235
560	644.235
561	644.235
562	644.235
563	644.235
564	644.235
565	644.235
566	644.235
567	644.235
568	644.235
569	644.235
570	644.235
571	644.235
572	644.235
573	644.235
574	644.235
575	644.235
576	644.235
577	644.235
578	644.235
579	644.235
580	644.235
581	644.235
582	644.235
583	644.235
584	644.235
585	644.235
586	644.235
587	644.235
588	644.235
589	644.235
590	644.235
591	644.235
592	644.235
593	644.235
594	644.235
595	644.235
596	644.235
597	644.235
598	644.235
599	644.235
600	644.235
601	644.235
602	644.235
603	644.235
604	644.235
605	644.235
606	644.235
607	644.235
608	644.235
609	644.235
610	644.235
611	644.235
612	644.235
613	644.235
614	644.235
615	644.235
616	644.235
617	644.235
618	644.235
619	644.235
620	644.235
621	644.235
622	644.235
623	644.235
624	644.235
625	644.235
626	644.235
627	644.235
628	644.235
629	644.235
630	644.235
631	644.235
632	644.235
633	644.235
634	644.235
635	644.235
636	644.235
637	644.235
638	644.235
639	644.235
640	644.235
641	644.235
642	644.235
643	644.235
644	644.235
645	644.235
646	644.235
647	644.235
648	644.235
649	644.235
650	644.235
651	644.235
652	644.235
653	644.235
654	644.235
655	644.235
656	644.235
657	644.235
658	644.235
659	644.235
660	644.235
661	644.235
662	644.235
663	644.235
664	644.235
665	644.235
666	644.235
667	636.459
668	628.778
669	591.74
670	570.572
671	570.572
672	570.572
673	570.572
674	570.572
675	570.572
676	570.572
677	570.572
678	570.572
679	570.572
680	570.572
681	570.572
682	570.572
683	570.572
684	570.572
685	570.572
686	570.572
687	570.572
688	570.572
689	570.572
690	570.572
691	570.572
692	570.572
693	570.572
694	570.572
695	570.572
696	570.572
697	570.572
698	584.654
