1	285.204
2	285.204
3	285.204
4	285.204
5	256.759
6	254.924
7	254.27
8	252.928
9	237.447
10	232.37
11	231.286
12	229.51
13	221.653
14	217.751
15	200.965
16	195.702
17	186.099
18	184.109
19	182.619
20	177.794
21	173.379
22	171.918
23	168.903
24	168.169
25	168.688
26	164.975
27	165.812
28	165.629
29	163.733
30	195.938
31	196.917
32	203.18
33	210.372
34	231.58
35	237.133
36	265.769
37	265.983
38	302.314
39	352.723
40	395.868
41	448.636
42	487.825
43	498.221
44	503.405
45	507.211
46	570.476
47	582.311
48	703.433
49	1320.53
50	2331.53
51	2576.89
52	3190.36
53	3570.5
54	3722.49
55	3978.74
56	4200.22
57	4337.99
58	4384.51
59	4419.99
60	5009.46
61	5027.63
62	5247.35
63	5315.44
64	5393.47
65	5569.44
66	5642.84
67	5709.19
68	5804.01
69	5867.2
70	5865.63
71	6123.07
72	6344.71
73	6348.25
74	6495.9
75	6420.17
76	6276.85
77	6070.34
78	6027.23
79	5992.33
80	5989.35
81	6036.47
82	6067.7
83	6056.83
84	6072.46
85	6083.51
86	6058.6
87	6117.66
88	6069.21
89	6197.09
90	6288.83
91	6425.64
92	6417.05
93	6290.04
94	6243.07
95	6159.14
96	6066.93
97	6165.44
98	6197.12
99	6159.52
100	6243.74
101	6321.42
102	6368.84
103	6486.28
104	6538.28
105	6563.1
106	6600.81
107	6766.96
108	6995.78
109	7066.57
110	7093.06
111	7138.01
112	7079.09
113	7043.19
114	7012.97
115	6949.08
116	6712.71
117	6668.14
118	6580.99
119	6535.59
120	6513.11
121	6475.55
122	6528.49
123	6478.61
124	6490.73
125	6434.99
126	6431.1
127	6422.97
128	6315.09
129	6191.14
130	5973.27
131	5893.06
132	5769.18
133	5685.68
134	5686.88
135	5661.06
136	5675.26
137	5683.86
138	5656.66
139	5678.33
140	5748.43
141	5777.89
142	5799.62
143	5703.36
144	5667.98
145	5673.76
146	5639.3
147	5578.1
148	5536.57
149	5572.25
150	5589.29
151	5621.12
152	5642.92
153	5677.88
154	5730.28
155	5753.06
156	5753.54
157	5689.22
158	5705.08
159	5763.69
160	5728.24
161	5647.33
162	5683.54
163	5688.75
164	5621.93
165	5510.06
166	5472.98
167	5437.4
168	5441.36
169	5468.38
170	5414.28
171	5392.91
172	5454.36
173	5444.86
174	5417.58
175	5361.68
176	5290.9
177	5324.34
178	5368.08
179	5468.23
180	5505.1
181	5544.88
182	5579.33
183	5564.12
184	5540.13
185	5539.51
186	5531.28
187	5474.65
188	5422.22
189	5308.66
190	5162.07
191	5050.02
192	4999.3
193	4938.68
194	4922.06
195	4880.26
196	4824.87
197	4728.93
198	4570.34
199	4486.68
200	4398.72
201	4324.07
202	4305.09
203	4315.01
204	4313.03
205	4302.45
206	4328.55
207	4314.15
208	4319.93
209	4309.47
210	4309.11
211	4269.13
212	4265.89
213	4233.72
214	4213.63
215	4208.83
216	4226.13
217	4217.51
218	4193.31
219	4177.98
220	4124.69
221	4094.75
222	3952.1
223	3821.92
224	3596.88
225	3431.16
226	3388.73
227	3348.52
228	3292.03
229	3237.16
230	3201.16
231	3128.6
232	3106.79
233	3081.38
234	3033.69
235	2990.38
236	2910.53
237	2865.95
238	2857.25
239	2825.4
240	2814.22
241	2833.65
242	2857.02
243	2849.82
244	2779.74
245	2736.84
246	2707.76
247	2701
248	2703.19
249	2690.07
250	2634.68
251	2585.94
252	2520.33
253	2484.6
254	2466.27
255	2465.75
256	2465
257	2458.23
258	2457.88
259	2453.73
260	2459.21
261	2472.96
262	2469.78
263	2496.23
264	2514.65
265	2540.81
266	2596.84
267	2623.24
268	2660.68
269	2722.01
270	2742.01
271	2798.83
272	2832.54
273	2841.11
274	2826.27
275	2820.56
276	2810.72
277	2796.72
278	2788.19
279	2787.69
280	2795.14
281	2808.49
282	2800.98
283	2799.93
284	2800.22
285	2799.64
286	2798.68
287	2806.46
288	2804.3
289	2804.99
290	2811.04
291	2839.16
292	2743.73
293	2592.87
294	2549.34
295	2512.19
296	2400.75
297	2345.05
298	2330.8
299	2333.08
300	2330.86
301	2323.08
302	2309.73
303	2309.6
304	2307.93
305	2307.83
306	2312
307	2323.4
308	2328.03
309	2334.13
310	2335.49
311	2315.92
312	2260.49
313	2165.77
314	2151.98
315	2165.15
316	2129.76
317	2077.47
318	2110.26
319	2152.04
320	2170.34
321	2201.13
322	2045.8
323	1972.24
324	1951.23
325	1971
326	1995.89
327	2020.45
328	1966.48
329	1894.65
330	1758.36
331	1698.93
332	1643.58
333	1620.17
334	1597.14
335	1597.85
336	1597.98
337	1594.07
338	1597.95
339	1592.77
340	1588.61
341	1612.61
342	1616.47
343	1640.35
344	1651.05
345	1648.36
346	1648.65
347	1647.95
348	1607.77
349	1567.83
350	1492.2
351	1473.2
352	1454.84
353	1451.8
354	1452.47
355	1450.8
356	1453.54
357	1439.63
358	1438.48
359	1378.29
360	1322.07
361	1280.18
362	1240.83
363	1226.78
364	1192.8
365	1154.54
366	1133.26
367	1052.46
368	1021.16
369	970.703
370	959.363
371	959.438
372	962.56
373	964.965
374	965.04
375	965.767
376	966.506
377	970.731
378	975.895
379	977.391
380	979.578
381	981.934
382	984.555
383	984.018
384	985.248
385	984.862
386	984.751
387	985.615
388	964.4
389	957.321
390	951.82
391	935.138
392	942.318
393	926.115
394	919.984
395	919.828
396	909.561
397	902.169
398	892.65
399	887.953
400	885.498
401	885.577
402	889.458
403	894.075
404	902.79
405	904.925
406	907.275
407	908.403
408	909.916
409	909.234
410	904.937
411	904.347
412	904.254
413	904.125
414	905.92
415	903.819
416	906.924
417	908.976
418	910.534
419	912.527
420	915.751
421	920.143
422	920.143
423	919.875
424	919.963
425	920.467
426	920.69
427	921.122
428	922.467
429	922.911
430	923.644
431	922.648
432	921.94
433	921.667
434	921.456
435	923.42
436	918.094
437	920.609
438	922.998
439	922.547
440	927.174
441	872.682
442	871.47
443	872.731
444	880.492
445	899.388
446	918.859
447	942.464
448	949.004
449	961.272
450	963.394
451	964.707
452	965.719
453	967.591
454	970.624
455	973.807
456	977.076
457	980.931
458	990.454
459	993.64
460	999.894
461	1001.21
462	1003.83
463	1003.85
464	1014.56
465	1022.4
466	1037.07
467	1058.11
468	1080.5
469	1096.3
470	1106.58
471	1114.15
472	1124.27
473	1135.16
474	1147.48
475	1170.18
476	1174.05
477	1185.85
478	1193.59
479	1193.59
480	1193.59
481	1193.59
482	1193.59
483	1193.59
484	1193.59
485	1193.59
486	1193.59
487	1193.59
488	1193.59
489	1193.59
490	1193.59
491	1193.59
492	1193.59
493	1193.59
494	1193.59
495	1193.59
496	1193.59
497	1193.59
498	1179.71
499	1152.44
500	1112.7
501	1074.34
502	1074.34
503	1061.85
504	1061.85
505	1061.85
506	1061.85
507	1061.85
508	1061.85
509	1061.85
510	1050.77
511	1050.77
512	1007.61
513	976.413
514	956.151
515	956.151
516	956.151
517	956.151
518	956.151
519	956.151
520	956.151
521	956.151
522	956.151
523	956.151
524	956.151
525	956.151
526	956.151
527	956.151
528	956.151
529	956.151
530	956.151
531	956.151
532	956.151
533	956.151
534	956.151
535	956.151
536	956.151
537	956.151
538	956.151
539	956.151
540	956.151
541	956.151
542	956.151
543	956.151
544	956.151
545	956.151
546	956.151
547	956.151
548	956.151
549	947.528
550	938.737
551	930.147
552	904.798
553	888.302
554	872.316
555	872.316
556	861.983
557	831.712
558	812.125
559	792.998
560	783.605
561	774.323
562	774.323
563	774.323
564	774.323
565	774.323
566	774.323
567	774.323
568	774.323
569	774.323
570	774.323
571	774.323
572	774.323
573	774.323
574	774.323
575	765.38
576	756.542
577	739.169
578	697.463
579	689.409
580	689.409
581	689.409
582	689.409
583	689.409
584	689.409
585	689.409
586	689.409
587	689.409
588	689.409
589	689.409
590	689.409
591	689.409
592	689.409
593	689.409
594	689.409
595	689.409
596	689.409
597	689.409
598	689.409
599	689.409
600	689.409
601	689.409
602	689.409
603	689.409
604	689.409
605	689.409
606	689.409
607	689.409
608	689.409
609	689.409
610	689.409
611	689.409
612	689.409
613	689.409
614	689.409
615	689.409
616	689.409
617	689.409
618	689.409
619	689.409
620	689.409
621	689.409
622	689.409
623	689.409
624	689.409
625	689.409
626	689.409
627	689.409
628	689.409
629	689.409
630	689.409
631	689.409
632	689.409
633	689.409
634	689.409
635	689.409
636	689.409
637	689.409
638	689.409
639	689.409
640	689.409
641	689.409
642	689.409
643	689.409
644	689.409
645	689.409
646	689.409
647	689.409
648	689.409
649	689.409
650	689.409
651	689.409
652	689.409
653	689.409
654	689.409
655	681.042
656	672.777
657	648.579
658	625.251
659	617.663
660	610.167
661	610.167
662	610.167
663	610.167
664	610.167
665	610.167
666	610.167
667	610.167
668	610.167
669	610.167
670	610.167
671	610.167
672	610.167
673	610.167
674	610.167
675	610.167
676	610.167
677	610.167
678	610.167
679	610.167
680	610.167
681	610.167
682	610.167
683	610.167
684	610.167
685	610.167
686	610.167
687	610.167
688	610.167
689	610.167
690	610.167
691	610.167
692	610.167
693	610.167
694	610.167
695	610.167
696	610.167
697	610.167
698	610.167
699	610.167
700	610.167
701	610.167
702	610.167
703	610.167
704	610.167
705	610.167
706	610.167
707	610.167
708	610.167
709	610.167
710	610.167
711	610.167
712	610.167
713	610.167
714	610.167
715	610.167
716	610.167
717	610.167
718	610.167
719	610.167
720	610.167
721	610.167
722	610.167
723	610.167
724	610.167
725	610.167
726	610.167
727	610.167
728	610.167
729	610.167
730	610.167
731	610.167
732	610.167
733	610.167
734	610.167
735	610.167
736	630.949
