1	242.588
2	242.588
3	242.588
4	242.588
5	236.759
6	236.76
7	236.802
8	236.947
9	239.829
10	237.883
11	236.603
12	236.479
13	229.484
14	225.874
15	221.49
16	215.271
17	214.672
18	213.394
19	209.144
20	206.204
21	202.505
22	202.71
23	203.673
24	204.836
25	204.222
26	203.833
27	203.116
28	203.469
29	204.699
30	205.87
31	212.864
32	218.842
33	222.565
34	228.94
35	228.563
36	229.293
37	238.572
38	239.939
39	262.631
40	283.627
41	326.781
42	401.295
43	443.915
44	464.46
45	473.473
46	500.188
47	554.442
48	647.054
49	787.56
50	1218.92
51	1609.42
52	2460.32
53	3362.19
54	3792.94
55	4177.35
56	4891.59
57	5441.91
58	5401.28
59	5434.19
60	5600.5
61	5643.82
62	5619.01
63	5656.76
64	5712.06
65	5756.76
66	5781.56
67	5856.26
68	5958.02
69	6063.15
70	6023.95
71	6108.19
72	6150.99
73	6189.79
74	6241.43
75	6173.68
76	6253.69
77	6189.36
78	6238.54
79	6236.25
80	6286.65
81	6339.45
82	6278.21
83	6238.12
84	6241.24
85	6228.12
86	6165.96
87	6139.47
88	6098.6
89	6149.92
90	6205.5
91	6210.87
92	6272.18
93	6365.96
94	6347.67
95	6280.77
96	6323.67
97	6345.34
98	6297.35
99	6347.34
100	6390.12
101	6503.55
102	6658.32
103	6794.95
104	6986.76
105	7027.52
106	7017.95
107	6953.76
108	6861.72
109	6857.01
110	6962.15
111	6997.19
112	7083.68
113	7170.21
114	7228.42
115	7218.29
116	7237.27
117	7161.47
118	6972.65
119	6885.55
120	6786.82
121	6789.55
122	6876.41
123	6928.38
124	7021.08
125	7081.08
126	7119.92
127	7116.67
128	7075.42
129	7095.8
130	7076.62
131	7046.78
132	6926.78
133	6826.36
134	6787.03
135	6713.46
136	6679.1
137	6677.88
138	6705.52
139	6650.82
140	6561.12
141	6481.36
142	6421.55
143	6401.57
144	6363.88
145	6354.84
146	6378.08
147	6381.4
148	6418.62
149	6433.55
150	6430.66
151	6377.42
152	6401.15
153	6358.94
154	6305.65
155	6327.42
156	6298.32
157	6300.86
158	6282.98
159	6280.61
160	6180.77
161	6148.33
162	6124.99
163	6175.25
164	6208.98
165	6145.65
166	6045.38
167	5951.34
168	5835.35
169	5786.59
170	5773.41
171	5782.04
172	5784.27
173	5788.87
174	5813.76
175	5791.34
176	5766.26
177	5716.64
178	5774.26
179	5800.67
180	5765.49
181	5722.13
182	5718.7
183	5663.51
184	5669.26
185	5742.28
186	5730.18
187	5709.22
188	5681.14
189	5642.74
190	5624.91
191	5649.37
192	5673.46
193	5658.73
194	5600.46
195	5500.84
196	5497.35
197	5474.92
198	5486.56
199	5448.18
200	5390.96
201	5299.97
202	5139.61
203	5100.5
204	5090.99
205	5121.94
206	5176.52
207	5224.47
208	5203.71
209	5155.98
210	5130.27
211	4967.92
212	4842.92
213	4817.28
214	4788.46
215	4741.36
216	4710.66
217	4634.95
218	4565.58
219	4539.39
220	4518.77
221	4421.11
222	4378.35
223	4355.5
224	4354.85
225	4344.27
226	4310.31
227	4291.32
228	4325.53
229	4304.14
230	4263.87
231	4204.27
232	4101.2
233	4034.04
234	3968.48
235	3943.73
236	3935.38
237	3918.35
238	3903.37
239	3903.67
240	3898.83
241	3858.76
242	3847.91
243	3813.1
244	3776.49
245	3764.4
246	3759.4
247	3754.58
248	3745.96
249	3746.65
250	3747.42
251	3747.88
252	3750.76
253	3763.03
254	3763.35
255	3764.5
256	3761.54
257	3771.06
258	3752.33
259	3733.6
260	3733.42
261	3723.49
262	3722.49
263	3719.75
264	3702.8
265	3678.98
266	3660.78
267	3658.21
268	3646.99
269	3648.85
270	3653.96
271	3674.96
272	3715.31
273	3743.13
274	3782.36
275	3783.53
276	3780.08
277	3775.34
278	3773.45
279	3773.16
280	3772.49
281	3771.54
282	3771.29
283	3691.84
284	3558.25
285	3170.02
286	3063.23
287	2863.61
288	2800.89
289	2709.21
290	2714.53
291	2717.76
292	2738.26
293	2739.02
294	2727.2
295	2715.18
296	2704.84
297	2703.12
298	2700.95
299	2697.19
300	2696.93
301	2695.73
302	2695.15
303	2694.79
304	2694.79
305	2694.49
306	2694.37
307	2633.75
308	2449.64
309	2309.88
310	2245.14
311	2158.63
312	2105.15
313	2105.97
314	2118.94
315	2126.02
316	2126.17
317	2136.1
318	2158.49
319	2169.18
320	2185.16
321	2201.6
322	2212.24
323	2218.24
324	2224.85
325	2231.48
326	2232.03
327	2234.99
328	2232.59
329	2226.07
330	2214.53
331	2222.72
332	2220.27
333	2230.96
334	2238.79
335	2240.19
336	2240.19
337	2214.46
338	2258.12
339	2273.74
340	2229.54
341	2135.58
342	2136.35
343	2142.22
344	2137.9
345	2123.82
346	2121.12
347	2127.27
348	2127.02
349	2137.9
350	2149.18
351	2146.19
352	2109.41
353	1903.02
354	1797.26
355	1722.04
356	1687.46
357	1652.39
358	1651.15
359	1647.03
360	1642.99
361	1638.92
362	1638.92
363	1637.56
364	1640.18
365	1640.83
366	1646.97
367	1650.96
368	1658.15
369	1668.65
370	1689.38
371	1696.99
372	1705.79
373	1706.46
374	1709.81
375	1718.51
376	1726.89
377	1731.09
378	1738.45
379	1741.43
380	1750.97
381	1758.34
382	1753.41
383	1749.39
384	1748.7
385	1729.64
386	1733.27
387	1738.6
388	1721.01
389	1721.82
390	1704.42
391	1681.79
392	1678.58
393	1599.64
394	1582.1
395	1527.71
396	1436.23
397	1325.22
398	1298.16
399	1284.51
400	1283.48
401	1284.7
402	1269.99
403	1283.57
404	1305.43
405	1304.69
406	1316.28
407	1317.78
408	1330.13
409	1340.22
410	1347.6
411	1357.22
412	1374.08
413	1380
414	1384.2
415	1385.51
416	1403.07
417	1400.81
418	1406.18
419	1416.88
420	1420.18
421	1428.47
422	1435.36
423	1445.9
424	1438.61
425	1440.97
426	1441.51
427	1445.78
428	1463.77
429	1481.32
430	1489.84
431	1521.9
432	1537.7
433	1549.65
434	1572.56
435	1577.01
436	1580.84
437	1585.89
438	1589.84
439	1606.56
440	1609.39
441	1620.45
442	1637.68
443	1658.75
444	1669.85
445	1686.19
446	1702.3
447	1703.92
448	1713.62
449	1735.84
450	1736.59
451	1738.1
452	1750.75
453	1758.22
454	1770.01
455	1774.71
456	1798.18
457	1792.93
458	1802.01
459	1795.87
460	1816.75
461	1841.84
462	1831.76
463	1783.56
464	1761.12
465	1763.57
466	1770.93
467	1800.12
468	1859.31
469	1876.72
470	1920.14
471	1935.29
472	1951.49
473	1995.45
474	2023.8
475	2052.45
476	2110.56
477	2135.17
478	2137.74
479	2157.82
480	2207.14
481	2238.4
482	2246.57
483	2279.92
484	2298.21
485	2298.42
486	2369.43
487	2395.81
488	2395.81
489	2415.84
490	2477.3
491	2497.5
492	2518.03
493	2518.03
494	2539.05
495	2581.48
496	2581.48
497	2581.48
498	2581.48
499	2581.48
500	2581.48
501	2581.48
502	2581.48
503	2581.48
504	2581.48
505	2581.48
506	2581.48
507	2581.48
508	2581.48
509	2581.48
510	2581.48
511	2581.48
512	2581.48
513	2581.48
514	2581.48
515	2581.48
516	2581.48
517	2581.48
518	2581.48
519	2581.48
520	2581.48
521	2581.48
522	2581.48
523	2581.48
524	2581.48
525	2581.48
526	2581.48
527	2581.48
528	2581.48
529	2581.48
530	2581.48
531	2581.48
532	2581.48
533	2581.48
534	2581.48
535	2581.48
536	2581.48
537	2581.48
538	2581.48
539	2581.48
540	2581.48
541	2581.48
542	2581.48
543	2581.48
544	2581.48
545	2581.48
546	2581.48
547	2581.48
548	2581.48
549	2581.48
550	2581.48
551	2581.48
552	2581.48
553	2581.48
554	2581.48
555	2581.48
556	2581.48
557	2581.48
558	2581.48
559	2581.48
560	2581.48
561	2581.48
562	2581.48
563	2581.48
564	2581.48
565	2581.48
566	2581.48
567	2581.48
568	2581.48
569	2581.48
570	2581.48
571	2581.48
572	2581.48
573	2581.48
574	2581.48
575	2581.48
576	2581.48
577	2581.48
578	2581.48
579	2581.48
580	2581.48
581	2581.48
582	2581.48
583	2581.48
584	2581.48
585	2581.48
586	2581.48
587	2581.48
588	2581.48
589	2581.48
590	2581.48
591	2581.48
592	2581.48
593	2581.48
594	2581.48
595	2581.48
596	2581.48
597	2581.48
598	2581.48
599	2581.48
600	2581.48
601	2581.48
602	2581.48
603	2581.48
604	2581.48
605	2581.48
606	2581.48
607	2581.48
608	2581.48
609	2581.48
610	2581.48
611	2581.48
612	2581.48
613	2581.48
614	2581.48
615	2581.48
616	2581.48
617	2581.48
618	2581.48
619	2581.48
620	2581.48
621	2581.48
622	2581.48
623	2581.48
624	2581.48
625	2581.48
626	2581.48
627	2581.48
628	2581.48
629	2581.48
630	2581.48
631	2581.48
632	2581.48
633	2581.48
634	2581.48
635	2581.48
636	2581.48
637	2581.48
638	2581.48
639	2581.48
640	2581.48
641	2581.48
642	2581.48
643	2581.48
644	2581.48
645	2581.48
646	2581.48
647	2581.48
648	2581.48
649	2581.48
650	2581.48
651	2581.48
652	2581.48
653	2581.48
654	2581.48
655	2581.48
656	2581.48
657	2581.48
658	2581.48
659	2581.48
660	2581.48
661	2581.48
662	2581.48
663	2581.48
664	2581.48
665	2581.48
666	2581.48
667	2581.48
668	2581.48
669	2581.48
670	2581.48
671	2581.48
672	2581.48
673	2581.48
674	2581.48
675	2581.48
676	2581.48
677	2581.48
678	2581.48
679	2581.48
680	2581.48
681	2581.48
682	2581.48
683	2581.48
684	2581.48
685	2581.48
686	2581.48
687	2581.48
688	2581.48
689	2581.48
690	2581.48
691	2581.48
692	2581.48
693	2655.03
