1	366.964
2	366.964
3	366.964
4	366.964
5	315.984
6	324.908
7	322.535
8	316.662
9	274.172
10	237.982
11	225.433
12	214.52
13	188.393
14	181.695
15	179.275
16	177.689
17	179.588
18	175.931
19	174.911
20	171.708
21	169.498
22	167.775
23	166.248
24	169.921
25	170.049
26	169.627
27	170.323
28	173.121
29	175.423
30	175.373
31	177.209
32	207.608
33	215.662
34	237.935
35	250.58
36	251.961
37	257.146
38	282.843
39	410.697
40	459.304
41	534.668
42	757.157
43	862.298
44	1053.37
45	1075.55
46	1419.42
47	1803.8
48	2356.97
49	2887.28
50	2939.32
51	3468.19
52	3584.17
53	3834.58
54	3895.47
55	4145.65
56	4329.07
57	4449.16
58	4364.25
59	4362.63
60	4421.36
61	4454.29
62	4479.22
63	4507.55
64	4534.5
65	4598.96
66	4712.06
67	4804.1
68	4810.03
69	4918.1
70	4930.73
71	4893.89
72	4903.63
73	4961.79
74	5023.17
75	5034.35
76	4972.78
77	4919.5
78	4900.44
79	4927.5
80	4980.66
81	4975.86
82	4977.36
83	4908.78
84	4817.41
85	4825.74
86	4810.1
87	4816.56
88	4805.05
89	4830.8
90	4795.72
91	4757.49
92	4816.77
93	4918.41
94	5005.76
95	5017.84
96	4980.56
97	4983.32
98	4924.97
99	4863.88
100	4866.7
101	4846.24
102	4805.53
103	4806.14
104	4772.93
105	4746.52
106	4714.64
107	4705.55
108	4653.25
109	4579.84
110	4565.16
111	4690.5
112	4697.09
113	4690.21
114	4620.6
115	4596.71
116	4560.96
117	4586.81
118	4640.29
119	4847.14
120	4855.5
121	4843.56
122	4846.21
123	4894.55
124	4926.31
125	4976.58
126	4975.1
127	4911.79
128	4853.61
129	4683.05
130	4642.6
131	4624.84
132	4611.01
133	4641
134	4626.65
135	4566.66
136	4540.31
137	4466.14
138	4432.02
139	4327.88
140	4279.57
141	4283.71
142	4307.84
143	4348.56
144	4387.32
145	4423
146	4444.05
147	4506.91
148	4532.56
149	4497.93
150	4519.41
151	4481.26
152	4492.91
153	4490.18
154	4444.23
155	4413.24
156	4371.74
157	4363.56
158	4298.44
159	4280.65
160	4234.4
161	4213.42
162	4198.77
163	4147.25
164	4131.11
165	4158.45
166	4208.36
167	4209.79
168	4226.14
169	4242.95
170	4253.19
171	4261.34
172	4252.84
173	4156.56
174	4056.41
175	4013.43
176	4003.47
177	3947.64
178	3953.62
179	3962.33
180	3940.38
181	3898.36
182	3791.83
183	3759.96
184	3721.07
185	3694.27
186	3706.17
187	3733.66
188	3734.01
189	3749.32
190	3759.39
191	3707.02
192	3621.3
193	3624.22
194	3559.28
195	3524.22
196	3511.33
197	3491.78
198	3462.89
199	3440.99
200	3430.82
201	3397.34
202	3381.2
203	3409.78
204	3390.48
205	3379.5
206	3371.62
207	3388.48
208	3400.74
209	3327.78
210	3315
211	3261.41
212	3256.88
213	3275.32
214	3257.44
215	3267.2
216	3266.22
217	3284.55
218	3231.08
219	3217.86
220	3240.86
221	3265
222	3274.05
223	3230.88
224	3240.15
225	3186.26
226	3144.81
227	3157.66
228	3175.45
229	3169.6
230	3106.2
231	3083.82
232	3063.27
233	3053.1
234	3018.96
235	2984.9
236	2966.61
237	2949.71
238	2960.31
239	2969.87
240	2988.94
241	3016.8
242	3030.03
243	3068.48
244	3086.87
245	3090.78
246	3104.05
247	3093.74
248	3083.98
249	3087.65
250	3102.59
251	3117.29
252	3113.6
253	3124.3
254	3116.94
255	3113.28
256	3101.85
257	3092.19
258	3086.4
259	3086.4
260	3082.46
261	3078.88
262	3076.14
263	3073.61
264	3071.14
265	3061.63
266	3061.76
267	3063.15
268	3074.02
269	3091.24
270	3108.31
271	3110.27
272	3119.77
273	3128.23
274	3113.39
275	3099.11
276	3074.14
277	3060.64
278	3051.8
279	3046.9
280	3041.99
281	3031.33
282	3053.78
283	3049.86
284	3043.05
285	3036.7
286	3038.72
287	3001.15
288	2927.98
289	2765.37
290	2739.41
291	2738.88
292	2750.6
293	2767.42
294	2766.34
295	2771.07
296	2773.83
297	2779.05
298	2781.88
299	2775.93
300	2771.16
301	2768.86
302	2767.97
303	2771.83
304	2775.53
305	2621.83
306	2472.47
307	2418.71
308	2388.49
309	2334.79
310	2261.27
311	2183.65
312	2085.13
313	2056.22
314	2062.75
315	2073.05
316	2098.61
317	2104.27
318	2067.5
319	2068.14
320	2021.91
321	2000.7
322	1956.11
323	1948.51
324	1955.31
325	1926.66
326	1974.94
327	2002.02
328	2036.47
329	2052.87
330	2052.13
331	2052.46
332	2067.71
333	2081.45
334	2099.61
335	2131.53
336	2136.74
337	2136.52
338	2134.55
339	2136.36
340	2144.71
341	2151.45
342	2168.23
343	2171.74
344	2189.37
345	2185.64
346	2208.29
347	2209.18
348	2231.03
349	2244.05
350	2254.96
351	2270.24
352	2296.36
353	2302.17
354	2307.62
355	2314.79
356	2324.52
357	2323.6
358	2327.25
359	2327.25
360	2331.17
361	2339.63
362	2341.02
363	2364.9
364	2378.54
365	2428.1
366	2431.31
367	2442.05
368	2450.48
369	2479.72
370	2481.24
371	2485.27
372	2498.14
373	2512.51
374	2528.74
375	2541.44
376	2544.35
377	2552.11
378	2574.66
379	2580.43
380	2630.58
381	2656.75
382	2680.96
383	2709.14
384	2723.91
385	2769.79
386	2816.79
387	2833.24
388	2839.25
389	2854.76
390	2859.2
391	2868.33
392	2873.9
393	2874.79
394	2875.08
395	2877.53
396	2877.59
397	2878.28
398	2878.2
399	2881.18
400	2872.95
401	2873.58
402	2870.83
403	2860.11
404	2862.84
405	2870.1
406	2874.53
407	2876.45
408	2876.45
409	2880.13
410	2880.84
411	2878.66
412	2886.11
413	2822.92
414	2723.97
415	2721.52
416	2696.22
417	2698.94
418	2581.31
419	2558.53
420	2575.4
421	2528.55
422	2481.41
423	2457.12
424	2463.55
425	2464.46
426	2464.46
427	2464.74
428	2476.07
429	2484.33
430	2534.1
431	2604.03
432	2654.15
433	2681.06
434	2715.58
435	2752.9
436	2764.64
437	2801.72
438	2883.3
439	2911.78
440	2944.94
441	2954.81
442	2956.54
443	2959.5
444	2962.5
445	3007.19
446	3011.46
447	3026.41
448	3026.41
449	3030.95
450	3028.89
451	3026.53
452	3039.25
453	3049.8
454	3041.17
455	3040.04
456	3039.14
457	3038.85
458	3038.85
459	3038.57
460	3049.48
461	3092.39
462	3145.89
463	3251.21
464	3267.8
465	3347.05
466	3401.37
467	3442.64
468	3443.2
469	3471.21
470	3471.21
471	3464.92
472	3481.78
473	3514.28
474	3550.23
475	3591.15
476	3594.01
477	3633.83
478	3676.17
479	3700.08
480	3778.98
481	3872.84
482	3894.13
483	3914.89
484	3914.89
485	3914.89
486	3936.26
487	4000.41
488	4085.78
489	4151.4
490	4151.4
491	4172.6
492	4214.28
493	4295.92
494	4316.7
495	4338.41
496	4338.41
497	4359.64
498	4359.64
499	4359.64
500	4359.64
501	4385.37
502	4410.42
503	4484.66
504	4509.2
505	4509.2
506	4533.78
507	4558.67
508	4558.67
509	4583.51
510	4608.4
511	4608.4
512	4608.4
513	4608.4
514	4608.4
515	4608.4
516	4608.4
517	4608.4
518	4608.4
519	4608.4
520	4608.4
521	4608.4
522	4608.4
523	4608.4
524	4608.4
525	4608.4
526	4608.4
527	4608.4
528	4608.4
529	4608.4
530	4608.4
531	4608.4
532	4608.4
533	4608.4
534	4608.4
535	4608.4
536	4608.4
537	4608.4
538	4520.44
539	4478.2
540	4391.62
541	4307.52
542	4266.13
543	4224.73
544	4185.09
545	4185.09
546	4185.09
547	4185.09
548	4185.09
549	4185.09
550	4185.09
551	4185.09
552	4185.09
553	4185.09
554	4185.09
555	4185.09
556	4185.09
557	4185.09
558	4185.09
559	4185.09
560	4185.09
561	4185.09
562	4185.09
563	4185.09
564	4185.09
565	4185.09
566	4185.09
567	4185.09
568	4185.09
569	4185.09
570	4185.09
571	4185.09
572	4185.09
573	4185.09
574	4185.09
575	4185.09
576	4185.09
577	4185.09
578	4185.09
579	4185.09
580	4185.09
581	4185.09
582	4185.09
583	4185.09
584	4185.09
585	4185.09
586	4185.09
587	4185.09
588	4185.09
589	4185.09
590	4185.09
591	4185.09
592	4185.09
593	4185.09
594	4185.09
595	4185.09
596	4185.09
597	4185.09
598	4185.09
599	4185.09
600	4185.09
601	4185.09
602	4185.09
603	4185.09
604	4185.09
605	4185.09
606	4185.09
607	4185.09
608	4185.09
609	4185.09
610	4185.09
611	4185.09
612	4185.09
613	4185.09
614	4185.09
615	4185.09
616	4185.09
617	4185.09
618	4185.09
619	4185.09
620	4185.09
621	4185.09
622	4185.09
623	4185.09
624	4185.09
625	4185.09
626	4185.09
627	4185.09
628	4185.09
629	4185.09
630	4185.09
631	4185.09
632	4185.09
633	4185.09
634	4185.09
635	4185.09
636	4185.09
637	4185.09
638	4185.09
639	4185.09
640	4185.09
641	4185.09
642	4185.09
643	4185.09
644	4185.09
645	4185.09
646	4185.09
647	4185.09
648	4185.09
649	4185.09
650	4185.09
651	4185.09
652	4185.09
653	4185.09
654	4185.09
655	4185.09
656	4185.09
657	4185.09
658	4185.09
659	4185.09
660	4185.09
661	4185.09
662	4185.09
663	4185.09
664	4185.09
665	4185.09
666	4185.09
667	4185.09
668	4185.09
669	4185.09
670	4185.09
671	4185.09
672	4185.09
673	4185.09
674	4185.09
675	4185.09
676	4185.09
677	4185.09
678	4185.09
679	4134.59
680	4134.59
681	4134.59
682	4134.59
683	4134.59
684	4084.7
685	3986.72
686	3844.13
687	3751.92
688	3706.65
689	3706.65
690	3706.65
691	3706.65
692	3706.65
693	3856.25
