1	255.052
2	255.052
3	255.052
4	255.052
5	253.955
6	253.842
7	246.963
8	245.238
9	239.17
10	237.952
11	235.911
12	229.742
13	225.076
14	222.381
15	219.379
16	217.421
17	207.413
18	199.146
19	195.447
20	190.266
21	189.869
22	187.401
23	187.877
24	188.532
25	188.606
26	187.37
27	187.633
28	188.963
29	190.388
30	195.254
31	194.523
32	204.4
33	207.115
34	220.589
35	258.14
36	263.062
37	284.467
38	292.459
39	291.738
40	304.488
41	312.151
42	323.419
43	342.953
44	398.096
45	437.544
46	519.51
47	613.148
48	626.793
49	759.297
50	926.338
51	1178.95
52	1600.22
53	2668.01
54	2918.74
55	4115.58
56	4650.43
57	4682.43
58	4658.04
59	4538.63
60	4560.59
61	4762.49
62	4984.16
63	4999.46
64	4973
65	5038.96
66	5122.38
67	5194.62
68	5203.4
69	5181.39
70	5122.71
71	5151.73
72	5182.6
73	5271.48
74	5358.82
75	5326.49
76	5244.22
77	5203.89
78	5197.4
79	5198.3
80	5213.95
81	5216.45
82	5211.03
83	5249.99
84	5248.15
85	5227.95
86	5236.4
87	5271.4
88	5264.59
89	5271.82
90	5265.16
91	5239.05
92	5268.28
93	5289.69
94	5325.78
95	5335.15
96	5338.12
97	5369.35
98	5427.95
99	5494.77
100	5568.97
101	5615.64
102	5637.47
103	5610.64
104	5564.09
105	5573.3
106	5574.68
107	5484.24
108	5477.52
109	5326.52
110	5226.35
111	5165
112	5221.44
113	5223.18
114	5226.77
115	5254.76
116	5237.01
117	5234.92
118	5241.96
119	5255.69
120	5283.9
121	5326.95
122	5290.95
123	5280.66
124	5298.45
125	5317.07
126	5291.1
127	5269.09
128	5240.49
129	5280.81
130	5262.43
131	5322.9
132	5364.57
133	5383.55
134	5452.1
135	5484.57
136	5538.3
137	5588.55
138	5576.36
139	5503.27
140	5419.25
141	5294.31
142	5198.09
143	5170.62
144	5153.06
145	5267.97
146	5289.46
147	5344.74
148	5461.89
149	5617.46
150	5675.04
151	5652.15
152	5632.4
153	5627.16
154	5525.84
155	5465.47
156	5462.01
157	5418.55
158	5347
159	5317.48
160	5253.25
161	5266.43
162	5254.48
163	5267.14
164	5186.48
165	5161.3
166	5113.65
167	5079.07
168	5048.92
169	4978.45
170	4917.83
171	4896.47
172	4883.02
173	4740.65
174	4638.72
175	4565.71
176	4531.75
177	4514.65
178	4524.66
179	4544.62
180	4554.92
181	4530.02
182	4533.2
183	4531.36
184	4512.26
185	4569.24
186	4594.53
187	4685.25
188	4734.2
189	4833.88
190	4881.37
191	4788.13
192	4799.28
193	4783.07
194	4785.03
195	4772.37
196	4763.15
197	4749.33
198	4708.84
199	4607.55
200	4525.92
201	4432.92
202	4277.93
203	4185.72
204	4174.95
205	4062.67
206	4021.8
207	3956.93
208	3868.36
209	3871.39
210	3797.3
211	3717.35
212	3698.45
213	3672.91
214	3686.08
215	3746.2
216	3783.61
217	3848.94
218	3912.99
219	3904.66
220	3862.14
221	3809.72
222	3763.57
223	3726.93
224	3667.64
225	3604.74
226	3588.24
227	3615.86
228	3585.58
229	3612.7
230	3539.4
231	3508.76
232	3487.19
233	3457.86
234	3430.18
235	3428.94
236	3458.79
237	3454.95
238	3451.11
239	3412.43
240	3393.76
241	3388.76
242	3371.83
243	3327.28
244	3331.99
245	3315.8
246	3313.59
247	3306.78
248	3304.13
249	3314.02
250	3305.91
251	3283.54
252	3277.32
253	3277.65
254	3278.72
255	3298.4
256	3295.58
257	3312.64
258	3318.97
259	3316.37
260	3322.89
261	3332.53
262	3338
263	3345.37
264	3350.88
265	3352.79
266	3356.47
267	3356.8
268	3359.93
269	3359.08
270	3357.82
271	3360.49
272	3353.89
273	3353.21
274	3378.16
275	3409.12
276	3472.31
277	3491.83
278	3550.56
279	3521.79
280	3518.87
281	3530.02
282	3522.53
283	3517.31
284	3508.45
285	3501.89
286	3496.83
287	3509.32
288	3537.47
289	3578.45
290	3625.63
291	3636.55
292	3651.12
293	3648.88
294	3498.76
295	3395.64
296	3346.56
297	3156.06
298	3157.11
299	3043.41
300	2896.08
301	2777.19
302	2739.87
303	2666.23
304	2523.4
305	2377.43
306	2280.1
307	2228.22
308	2162.78
309	2161.4
310	2161.4
311	2161.4
312	2169.92
313	2177.8
314	2196.48
315	2200.99
316	2219.54
317	2222.09
318	2251.73
319	2269.67
320	2303.47
321	2315.87
322	2315.24
323	2326.23
324	2326.49
325	2337.75
326	2338.79
327	2338.76
328	2335.92
329	2347.88
330	2364.84
331	2394.87
332	2414.1
333	2475.62
334	2488.21
335	2499.53
336	2506.09
337	2445.26
338	2397.31
339	2359.65
340	2365.29
341	2385.04
342	2361.32
343	2308.73
344	2286.36
345	2280.79
346	2280.07
347	2280.88
348	2282.28
349	2284.32
350	2284.53
351	2292.29
352	2298.98
353	2299.22
354	2298.58
355	2298.45
356	2295.3
357	2294.34
358	2256.12
359	2198.4
360	2142.38
361	2087.42
362	2064.1
363	2035.5
364	2052.57
365	2058.04
366	2067.81
367	2070.02
368	2083.18
369	2083.39
370	2085.23
371	2086.45
372	2094.04
373	2095.49
374	2107.74
375	2117.34
376	2134.03
377	2136.87
378	2144.11
379	2148.51
380	2150.61
381	2110.02
382	2090.78
383	2044.37
384	2026.52
385	2012
386	1993.68
387	1946.44
388	1949.65
389	1949.1
390	1953.18
391	1978.66
392	1996.74
393	2010.15
394	2044.38
395	2057.58
396	2071.07
397	2095.88
398	2133.3
399	2161.78
400	2181.08
401	2191.9
402	2210.31
403	2232.35
404	2244.82
405	2273.21
406	2274.27
407	2277.02
408	2287.96
409	2278.92
410	2285.4
411	2293.88
412	2294.1
413	2287.28
414	2283.71
415	2288.66
416	2301.25
417	2336.58
418	2339.51
419	2334.28
420	2334.92
421	2336.82
422	2338
423	2344.23
424	2344.77
425	2344.77
426	2350.56
427	2360.41
428	2375.05
429	2384.7
430	2389.66
431	2389.5
432	2389.57
433	2390.04
434	2391.36
435	2390.06
436	2390.04
437	2392.74
438	2396.2
439	2396.91
440	2397.76
441	2399.71
442	2400.92
443	2401.17
444	2402.89
445	2406.36
446	2413.3
447	2431.11
448	2451.85
449	2477.79
450	2503.51
451	2503.51
452	2503.51
453	2521.78
454	2531.83
455	2552.78
456	2574.42
457	2587.75
458	2645.04
459	2662.05
460	2701.98
461	2727.96
462	2779.93
463	2804.52
464	2815.25
465	2814.4
466	2817.86
467	2818.31
468	2821.41
469	2827.09
470	2829.91
471	2841.17
472	2861.69
473	2900.23
474	2920.22
475	2944.53
476	2971.29
477	3015.4
478	3044.41
479	3052.97
480	3061.37
481	3061.37
482	3099.64
483	3117.25
484	3117.25
485	3117.25
486	3117.25
487	3117.25
488	3117.25
489	3117.25
490	3117.25
491	3117.25
492	3117.25
493	3117.25
494	3117.25
495	3117.25
496	3117.25
497	3117.25
498	3117.25
499	3117.25
500	3117.25
501	3117.25
502	3117.25
503	3117.25
504	3117.25
505	3117.25
506	3117.25
507	3117.25
508	3117.25
509	3117.25
510	3117.25
511	3117.25
512	3117.25
513	3117.25
514	3117.25
515	3117.25
516	3117.25
517	3117.25
518	3117.25
519	3117.25
520	3117.25
521	3117.25
522	3117.25
523	3117.25
524	3117.25
525	3117.25
526	3117.25
527	3117.25
528	3117.25
529	3093.66
530	3093.66
531	3093.66
532	3070.54
533	3018.21
534	2912.22
535	2867.52
536	2796.36
537	2796.36
538	2726.35
539	2700.67
540	2649.28
541	2649.28
542	2623.8
543	2623.8
544	2623.8
545	2623.8
546	2623.8
547	2623.8
548	2623.8
549	2623.8
550	2623.8
551	2623.8
552	2623.8
553	2623.8
554	2623.8
555	2623.8
556	2623.8
557	2623.8
558	2623.8
559	2623.8
560	2623.8
561	2623.8
562	2623.8
563	2623.8
564	2623.8
565	2623.8
566	2623.8
567	2623.8
568	2623.8
569	2623.8
570	2623.8
571	2623.8
572	2623.8
573	2623.8
574	2623.8
575	2623.8
576	2623.8
577	2623.8
578	2623.8
579	2623.8
580	2623.8
581	2623.8
582	2623.8
583	2623.8
584	2623.8
585	2623.8
586	2623.8
587	2623.8
588	2623.8
589	2623.8
590	2623.8
591	2623.8
592	2623.8
593	2623.8
594	2623.8
595	2623.8
596	2623.8
597	2623.8
598	2623.8
599	2623.8
600	2623.8
601	2623.8
602	2623.8
603	2623.8
604	2623.8
605	2623.8
606	2623.8
607	2623.8
608	2623.8
609	2623.8
610	2623.8
611	2623.8
612	2623.8
613	2623.8
614	2623.8
615	2623.8
616	2623.8
617	2623.8
618	2623.8
619	2623.8
620	2623.8
621	2623.8
622	2623.8
623	2623.8
624	2623.8
625	2623.8
626	2623.8
627	2623.8
628	2623.8
629	2623.8
630	2623.8
631	2623.8
632	2623.8
633	2623.8
634	2623.8
635	2623.8
636	2623.8
637	2623.8
638	2623.8
639	2623.8
640	2623.8
641	2623.8
642	2623.8
643	2623.8
644	2623.8
645	2623.8
646	2623.8
647	2623.8
648	2623.8
649	2623.8
650	2623.8
651	2559.66
652	2528.18
653	2436.05
654	2406.1
655	2406.1
656	2406.1
657	2347.28
658	2347.28
659	2318.41
660	2318.41
661	2318.41
662	2318.41
663	2318.41
664	2318.41
665	2318.41
666	2318.41
667	2318.41
668	2318.41
669	2318.41
670	2318.41
671	2318.41
672	2318.41
673	2318.41
674	2318.41
675	2318.41
676	2318.41
677	2318.41
678	2318.41
679	2318.41
680	2318.41
681	2318.41
682	2318.41
683	2287.05
684	2225.58
685	2225.58
686	2107.56
687	2050.91
688	2023.16
689	2023.16
690	2023.16
691	2023.16
692	2023.16
693	2047.74
