1	326.641
2	326.641
3	326.641
4	326.641
5	312.287
6	295.265
7	281.655
8	273.349
9	230.298
10	225.225
11	211.371
12	206.794
13	195.49
14	190.644
15	175.257
16	173.995
17	172.029
18	168.101
19	159.999
20	157
21	154.025
22	152.434
23	174.136
24	174.523
25	176.7
26	179.069
27	192.11
28	197.497
29	202.858
30	209.581
31	228.213
32	248.78
33	272.635
34	280.401
35	295.201
36	322.508
37	377.398
38	385.877
39	396.255
40	457.998
41	595.778
42	810.137
43	888.394
44	963.094
45	1225.8
46	1247.27
47	1334.95
48	1365.72
49	1442.32
50	1541.18
51	1702.4
52	1882.7
53	1961.4
54	2056.71
55	2087.64
56	2295.43
57	2456.84
58	2392.85
59	2362.25
60	2450.9
61	2551.21
62	2606.95
63	2765.27
64	2933.14
65	3415.37
66	3701.15
67	3948.94
68	4000.02
69	4134.54
70	4114.27
71	4204.85
72	4317.05
73	4382.92
74	4402.02
75	4431.71
76	4424.67
77	4466.28
78	4464.27
79	4457.01
80	4440.6
81	4420.49
82	4499.34
83	4575.07
84	4671.77
85	4753.93
86	4699.31
87	4689.17
88	4647.2
89	4643.8
90	4654.8
91	4639.74
92	4717.84
93	4768.53
94	4852.53
95	4947.46
96	4978.66
97	4963.32
98	4944.37
99	4922.85
100	4904.54
101	4850.33
102	4824.83
103	4829.11
104	4875.08
105	4965.76
106	4998.54
107	5076.69
108	5123.36
109	5123.73
110	5169.49
111	5147.27
112	5151.76
113	5190.38
114	5196.02
115	5107.6
116	5062.86
117	5104.95
118	5062.65
119	4958.05
120	4956
121	4908.94
122	4891.39
123	4887.03
124	4884.46
125	4866.71
126	4873.97
127	4898.11
128	4887.16
129	4874.64
130	4853.36
131	4824.24
132	4819.9
133	4808.15
134	4844.22
135	4833.8
136	4772.16
137	4808.87
138	4801.42
139	4815.5
140	4791.93
141	4742.99
142	4727.51
143	4681.83
144	4603.31
145	4563.15
146	4525.98
147	4487.76
148	4443.64
149	4427.69
150	4442.95
151	4470.58
152	4448.84
153	4456.43
154	4416.78
155	4350.69
156	4323.28
157	4314.34
158	4294.9
159	4300.68
160	4306.61
161	4327.45
162	4288.54
163	4196.66
164	4119.11
165	4055.19
166	3978.11
167	3909.54
168	3801.79
169	3792.91
170	3756.42
171	3704.66
172	3664.16
173	3652.4
174	3669.99
175	3646.09
176	3722
177	3707.64
178	3676.56
179	3656.68
180	3646.12
181	3681.34
182	3682.37
183	3671.77
184	3668.94
185	3632.95
186	3597.85
187	3596.97
188	3584.48
189	3563.17
190	3512.76
191	3492.5
192	3442.88
193	3421.54
194	3457.46
195	3451.91
196	3446.14
197	3454.98
198	3441.15
199	3420.77
200	3407.64
201	3400.18
202	3395.13
203	3420.77
204	3413.81
205	3405.76
206	3404.91
207	3392.94
208	3379.42
209	3345.27
210	3323.27
211	3305.49
212	3284.34
213	3258.89
214	3268.51
215	3240.56
216	3194.48
217	3163.89
218	3082.5
219	3009.93
220	2963.59
221	2909.91
222	2907.81
223	2955.63
224	2982.33
225	3026.82
226	3095.13
227	3102.75
228	3122.18
229	3134.92
230	3143.3
231	3134.36
232	3096.24
233	3072.07
234	3066.69
235	3089.4
236	3102.84
237	3119.44
238	3133.4
239	3093.19
240	3079.7
241	3078.14
242	3131.71
243	3139.17
244	3194.26
245	3218.18
246	3227.39
247	3229.08
248	3232.02
249	3227.02
250	3232.13
251	3228.11
252	3226.59
253	3231.76
254	3238.21
255	3246.57
256	3254.95
257	3239.94
258	3202.51
259	3194.75
260	3161.18
261	3155.62
262	3136.13
263	3136.84
264	3124.93
265	3122.96
266	3141.52
267	3130.74
268	3138.57
269	3140.67
270	3186.6
271	3185.19
272	3216.56
273	3216.66
274	3217.12
275	3219.6
276	3221.74
277	3224.13
278	3223.7
279	3077.04
280	2902.41
281	2868.82
282	2668.88
283	2602.64
284	2540.59
285	2540.64
286	2542.75
287	2539.68
288	2536.81
289	2540.28
290	2545.57
291	2451.74
292	2262.01
293	2178.65
294	2061.77
295	2045.31
296	2051.13
297	2058.59
298	2063.42
299	2039.27
300	1923.58
301	1805.48
302	1733.09
303	1682.69
304	1668.49
305	1673.81
306	1689.96
307	1677.87
308	1683.95
309	1686.46
310	1690.5
311	1688.05
312	1681.6
313	1682.13
314	1661.8
315	1641.83
316	1578.52
317	1517.59
318	1456.28
319	1418.05
320	1358.01
321	1318.82
322	1303.34
323	1298
324	1318.76
325	1330.93
326	1332.54
327	1345.32
328	1348.79
329	1348.94
330	1374.62
331	1376.08
332	1385.33
333	1412.52
334	1427.42
335	1429.3
336	1429.86
337	1427.77
338	1427.92
339	1426.77
340	1429.92
341	1430.51
342	1431.53
343	1448.8
344	1452.94
345	1464.62
346	1469.65
347	1471.07
348	1469.39
349	1475.68
350	1475.48
351	1478.63
352	1479.76
353	1480.37
354	1481
355	1483.17
356	1485.93
357	1488.49
358	1490.45
359	1490.89
360	1490.48
361	1489.99
362	1489.61
363	1488.29
364	1490.1
365	1491.18
366	1492.29
367	1494.02
368	1493.69
369	1494.27
370	1499.41
371	1504.27
372	1506.78
373	1510.3
374	1540.53
375	1549.38
376	1553.09
377	1557.33
378	1583.01
379	1597.14
380	1621.65
381	1647.35
382	1670.03
383	1665.09
384	1661.28
385	1662.09
386	1662.55
387	1667.26
388	1663.94
389	1676.04
390	1671.64
391	1706.49
392	1707.33
393	1715.35
394	1721.08
395	1721.08
396	1721.62
397	1719.22
398	1713.37
399	1712.93
400	1706.66
401	1699.44
402	1696.93
403	1696.98
404	1696.36
405	1693.73
406	1692.58
407	1694.6
408	1714.12
409	1724.83
410	1750.96
411	1777.73
412	1804.93
413	1828.98
414	1836.38
415	1853.66
416	1868.3
417	1884.87
418	1904.24
419	1909.12
420	1909.36
421	1916.59
422	1918.07
423	1941.8
424	1949.21
425	1974.29
426	1980.84
427	1985.54
428	1985.29
429	1985.96
430	1987.14
431	1987.14
432	1987.14
433	1987.26
434	1987.04
435	1988.37
436	1994.69
437	2003.2
438	2003.56
439	2029.2
440	2045.52
441	2050.11
442	2059.51
443	2057.37
444	2080.96
445	2103.63
446	2111.79
447	2158.1
448	2151.55
449	2163.17
450	2165.09
451	2151.62
452	2172.59
453	2137.41
454	2115.01
455	2100.93
456	2130.99
457	2143.98
458	2160.97
459	2178.07
460	2181.81
461	2178.23
462	2173.65
463	2177.1
464	2177.48
465	2183.22
466	2212.3
467	2219.83
468	2231.3
469	2247.14
470	2247.14
471	2266.14
472	2270.92
473	2302.39
474	2353.27
475	2363.42
476	2403.84
477	2403.51
478	2403.37
479	2403.37
480	2416.02
481	2416.02
482	2428.31
483	2449.23
484	2499.7
485	2535.22
486	2572.71
487	2578.73
488	2682.63
489	2776.36
490	2816.69
491	2854.25
492	2880.57
493	2893.68
494	2893.68
495	2893.68
496	2893.68
497	2893.68
498	2893.68
499	2893.68
500	2893.68
501	2919.22
502	2944.19
503	2984.83
504	3024.12
505	3024.12
506	3024.12
507	3024.12
508	3024.12
509	3024.12
510	3024.12
511	3024.12
512	3024.12
513	3024.12
514	3024.12
515	3024.12
516	3024.12
517	3024.12
518	3024.12
519	3024.12
520	3024.12
521	3024.12
522	3024.12
523	2921.06
524	2821.51
525	2725.35
526	2725.35
527	2725.35
528	2725.35
529	2725.35
530	2694.04
531	2694.04
532	2694.04
533	2694.04
534	2694.04
535	2694.04
536	2694.04
537	2694.04
538	2694.04
539	2694.04
540	2694.04
541	2694.04
542	2694.04
543	2694.04
544	2694.04
545	2694.04
546	2694.04
547	2694.04
548	2694.04
549	2694.04
550	2694.04
551	2694.04
552	2694.04
553	2667.99
554	2642.25
555	2591.99
556	2567.2
557	2567.2
558	2517.91
559	2469.22
560	2445.63
561	2445.63
562	2445.63
563	2445.63
564	2445.63
565	2445.63
566	2445.63
567	2445.63
568	2445.63
569	2445.63
570	2445.63
571	2445.63
572	2445.63
573	2445.63
574	2445.63
575	2445.63
576	2445.63
577	2445.63
578	2445.63
579	2445.63
580	2445.63
581	2445.63
582	2445.63
583	2445.63
584	2445.63
585	2445.63
586	2445.63
587	2445.63
588	2445.63
589	2445.63
590	2445.63
591	2445.63
592	2445.63
593	2445.63
594	2445.63
595	2445.63
596	2445.63
597	2445.63
598	2445.63
599	2445.63
600	2445.63
601	2445.63
602	2445.63
603	2445.63
604	2445.63
605	2445.63
606	2445.63
607	2445.63
608	2445.63
609	2445.63
610	2445.63
611	2445.63
612	2445.63
613	2445.63
614	2445.63
615	2445.63
616	2445.63
617	2445.63
618	2445.63
619	2445.63
620	2445.63
621	2445.63
622	2445.63
623	2445.63
624	2445.63
625	2445.63
626	2445.63
627	2445.63
628	2445.63
629	2445.63
630	2445.63
631	2445.63
632	2445.63
633	2445.63
634	2445.63
635	2445.63
636	2445.63
637	2445.63
638	2445.63
639	2445.63
640	2445.63
641	2445.63
642	2445.63
643	2445.63
644	2445.63
645	2445.63
646	2445.63
647	2445.63
648	2445.63
649	2445.63
650	2445.63
651	2445.63
652	2445.63
653	2445.63
654	2445.63
655	2445.63
656	2445.63
657	2445.63
658	2445.63
659	2445.63
660	2445.63
661	2445.63
662	2445.63
663	2445.63
664	2445.63
665	2445.63
666	2445.63
667	2445.63
668	2445.63
669	2445.63
670	2445.63
671	2445.63
672	2445.63
673	2445.63
674	2445.63
675	2445.63
676	2445.63
677	2445.63
678	2445.63
679	2445.63
680	2445.63
681	2445.63
682	2445.63
683	2445.63
684	2445.63
685	2445.63
686	2445.63
687	2445.63
688	2445.63
689	2445.63
690	2445.63
691	2445.63
692	2445.63
693	2445.63
694	2445.63
695	2445.63
696	2445.63
697	2359.6
698	2303.94
699	2170.45
700	2170.45
701	2170.45
702	2170.45
703	2214.94
