1	236.303
2	236.303
3	236.303
4	236.303
5	219.861
6	218.912
7	218.517
8	218.067
9	219.538
10	217.352
11	210.482
12	209.367
13	204.522
14	199.876
15	200.371
16	200.352
17	198.99
18	197.881
19	201.219
20	198.873
21	200.827
22	208.086
23	207.83
24	208.462
25	215.539
26	215.377
27	221.782
28	227.538
29	234.879
30	243.879
31	248.702
32	236.579
33	236.443
34	245.801
35	248.501
36	264.79
37	268.844
38	270.021
39	279.307
40	293.623
41	304.483
42	313.284
43	326.701
44	447.753
45	459.146
46	514.931
47	533.918
48	641.316
49	701.255
50	856.846
51	938.312
52	1119.61
53	1315.56
54	1624.08
55	2005.47
56	2501.77
57	2866.62
58	3519.36
59	3877.05
60	4313.98
61	4472.5
62	4769.83
63	4945.64
64	4927.55
65	4943.9
66	5006.22
67	5109.92
68	5169.41
69	5237.94
70	5356.09
71	5645.06
72	5740.37
73	6012.98
74	6275.81
75	6342.42
76	6347.87
77	6346.83
78	6334.31
79	6322.62
80	6343.65
81	6388.98
82	6338.89
83	6263.76
84	6262.69
85	6148.15
86	6009.05
87	5881.71
88	5847.33
89	5863.85
90	5867.34
91	5756.17
92	5713.61
93	5669.69
94	5746.02
95	5838.86
96	5916.3
97	5890.77
98	5888.24
99	5817.04
100	5744.34
101	5716.75
102	5710.85
103	5632.31
104	5644.08
105	5577.14
106	5592.9
107	5702.44
108	5740.07
109	5800.97
110	5889.04
111	5934.25
112	5927.72
113	5985.12
114	6057.08
115	5935.04
116	5920.84
117	5925.17
118	5926.15
119	6096.52
120	6162.58
121	6207.35
122	6170.8
123	6114.6
124	6042.41
125	5984.55
126	6009.27
127	6028.11
128	6105.58
129	6115.42
130	6232.22
131	6265.89
132	6113.6
133	6017.56
134	5951.12
135	5882.36
136	5732.7
137	5623.28
138	5555.93
139	5516.96
140	5467.9
141	5441.81
142	5456.26
143	5432.43
144	5387.16
145	5402.81
146	5393.14
147	5388.32
148	5369.64
149	5314.91
150	5284.75
151	5284.82
152	5319.52
153	5336.65
154	5392.42
155	5409.06
156	5430.77
157	5433.68
158	5437.49
159	5427.94
160	5415.91
161	5341.61
162	5270.18
163	5225.54
164	5176.95
165	5209.75
166	5227.72
167	5271.15
168	5087.32
169	5081.74
170	5085.5
171	4998.44
172	5013.07
173	4962.28
174	4918.34
175	4856.11
176	4805.36
177	4795.45
178	4785.16
179	4780.55
180	4749.53
181	4745.73
182	4775.98
183	4825.41
184	4837
185	4819.95
186	4767.83
187	4716.14
188	4759.58
189	4720.7
190	4686.51
191	4653.44
192	4667.84
193	4666.44
194	4654.69
195	4636.57
196	4670.59
197	4734.17
198	4765.46
199	4771.59
200	4743.29
201	4717.26
202	4728.69
203	4751.08
204	4751.94
205	4754.57
206	4727.28
207	4727.3
208	4687.78
209	4670.68
210	4638.98
211	4648.15
212	4653.66
213	4663.38
214	4671.96
215	4670.99
216	4734.74
217	4725.77
218	4722.98
219	4618.94
220	4575.06
221	4510.96
222	4479.31
223	4451.71
224	4417.46
225	4368.72
226	4293.36
227	4302.81
228	4280.96
229	4220.11
230	4157.49
231	4122.59
232	4109.7
233	4089.47
234	4070.34
235	4088.92
236	4106.25
237	4095.48
238	4176.48
239	4204.85
240	4238.54
241	4233.12
242	4231.82
243	4225.05
244	4226.79
245	4248.74
246	4246.15
247	4240.43
248	4232.92
249	4235.93
250	4215.77
251	4212.01
252	4115.76
253	4088.19
254	4058.33
255	3941.18
256	3918.71
257	3923.31
258	3921.59
259	3920.89
260	3891.09
261	3863.84
262	3844.33
263	3831.52
264	3833.84
265	3829.45
266	3824.8
267	3844.41
268	3847.25
269	3836.01
270	3807.94
271	3803.05
272	3783.72
273	3777.12
274	3742.03
275	3718.62
276	3719.11
277	3711.72
278	3525.31
279	3345.82
280	3259.93
281	3261.6
282	3293.25
283	3306.98
284	3330.36
285	3354.91
286	3363.77
287	3370.72
288	3382.97
289	3391.21
290	3382.44
291	3387.87
292	3329.88
293	3309
294	3150.83
295	3122.27
296	3143.09
297	3183.25
298	3184.7
299	3117.37
300	2975.74
301	2975.21
302	2942.08
303	2958.12
304	2984.05
305	2965.52
306	2901.74
307	2828.71
308	2727.38
309	2554.46
310	2496.77
311	2477.57
312	2455.87
313	2430.09
314	2417.68
315	2414.59
316	2252.81
317	2235.8
318	2155.28
319	2157.75
320	2158.89
321	2170.81
322	2168.44
323	2145.6
324	2144.34
325	2100.63
326	2003.12
327	1943.74
328	1891.24
329	1772.88
330	1726.97
331	1728.93
332	1728.03
333	1727.65
334	1728.93
335	1722.12
336	1727.13
337	1732.35
338	1739.85
339	1751.75
340	1751.59
341	1750.38
342	1751.03
343	1751.15
344	1752.59
345	1753.15
346	1750.46
347	1751.51
348	1751.48
349	1753.7
350	1753.09
351	1752.99
352	1749.94
353	1747.83
354	1757.65
355	1765.35
356	1786.9
357	1799.49
358	1837.12
359	1864.21
360	1894.93
361	1909.01
362	1929.06
363	1940.2
364	1952.38
365	1967.81
366	1981.57
367	1995.86
368	2015.79
369	2012.38
370	2016.15
371	2028.24
372	2032.42
373	2045.07
374	2067.79
375	2084.59
376	2089.68
377	2102.41
378	2113.66
379	2119.82
380	2124.65
381	2124
382	2119.75
383	2123.3
384	2127.54
385	2140.66
386	2169.06
387	2174.82
388	2183.54
389	2198.2
390	2196.14
391	2195.4
392	2195.46
393	2194.88
394	2203.53
395	2217.31
396	2227.08
397	2241.33
398	2243.8
399	2252.06
400	2258.39
401	2271.01
402	2305.79
403	2337.5
404	2343.98
405	2360.67
406	2389.58
407	2402.35
408	2411
409	2418.4
410	2421.69
411	2426.31
412	2425.18
413	2427.28
414	2432.41
415	2435.06
416	2437.93
417	2437.67
418	2442.26
419	2442.41
420	2442.41
421	2443.72
422	2444.15
423	2444.15
424	2446.34
425	2448.45
426	2457.09
427	2460.75
428	2460.83
429	2465.21
430	2475.89
431	2489.06
432	2496.59
433	2498.03
434	2504.53
435	2518.41
436	2546.77
437	2562.71
438	2585.17
439	2609.38
440	2609.38
441	2611.6
442	2617.29
443	2617.79
444	2617.79
445	2617.03
446	2621.36
447	2620.3
448	2619.42
449	2616.13
450	2649.49
451	2645.98
452	2667.63
453	2677.52
454	2675.18
455	2680.52
456	2691.17
457	2712.97
458	2749.36
459	2751.54
460	2762.61
461	2765.54
462	2769.54
463	2789.98
464	2793.78
465	2802.8
466	2814.35
467	2818.82
468	2820.44
469	2822.56
470	2822.66
471	2822.66
472	2822.66
473	2823.23
474	2826.15
475	2842.59
476	2870.92
477	2885.67
478	2885.67
479	2901.34
480	2901.34
481	2901.34
482	2901.34
483	2901.34
484	2901.34
485	2901.34
486	2901.34
487	2901.34
488	2901.34
489	2870.98
490	2840.94
491	2840.94
492	2811.22
493	2781.8
494	2781.8
495	2723.89
496	2723.89
497	2695.39
498	2667.19
499	2611.67
500	2611.67
501	2611.67
502	2611.67
503	2611.67
504	2611.67
505	2611.67
506	2611.67
507	2611.67
508	2611.67
509	2611.67
510	2611.67
511	2611.67
512	2611.67
513	2611.67
514	2611.67
515	2611.67
516	2611.67
517	2611.67
518	2611.67
519	2611.67
520	2611.67
521	2611.67
522	2611.67
523	2611.67
524	2611.67
525	2611.67
526	2611.67
527	2611.67
528	2611.67
529	2611.67
530	2611.67
531	2611.67
532	2611.67
533	2611.67
534	2611.67
535	2611.67
536	2611.67
537	2611.67
538	2611.67
539	2611.67
540	2611.67
541	2611.67
542	2611.67
543	2611.67
544	2611.67
545	2611.67
546	2611.67
547	2611.67
548	2611.67
549	2611.67
550	2611.67
551	2611.67
552	2611.67
553	2611.67
554	2611.67
555	2611.67
556	2611.67
557	2611.67
558	2611.67
559	2611.67
560	2611.67
561	2611.67
562	2611.67
563	2611.67
564	2611.67
565	2611.67
566	2611.67
567	2611.67
568	2611.67
569	2611.67
570	2611.67
571	2611.67
572	2611.67
573	2611.67
574	2611.67
575	2611.67
576	2611.67
577	2611.67
578	2611.67
579	2611.67
580	2611.67
581	2611.67
582	2611.67
583	2611.67
584	2611.67
585	2611.67
586	2611.67
587	2611.67
588	2611.67
589	2611.67
590	2611.67
591	2611.67
592	2611.67
593	2611.67
594	2611.67
595	2611.67
596	2611.67
597	2611.67
598	2611.67
599	2611.67
600	2611.67
601	2611.67
602	2611.67
603	2611.67
604	2611.67
605	2611.67
606	2611.67
607	2611.67
608	2611.67
609	2611.67
610	2611.67
611	2611.67
612	2611.67
613	2611.67
614	2611.67
615	2611.67
616	2611.67
617	2611.67
618	2611.67
619	2611.67
620	2611.67
621	2611.67
622	2611.67
623	2611.67
624	2611.67
625	2611.67
626	2611.67
627	2611.67
628	2611.67
629	2611.67
630	2611.67
631	2611.67
632	2611.67
633	2611.67
634	2611.67
635	2611.67
636	2611.67
637	2611.67
638	2611.67
639	2611.67
640	2611.67
641	2611.67
642	2611.67
643	2611.67
644	2611.67
645	2611.67
646	2611.67
647	2611.67
648	2611.67
649	2611.67
650	2611.67
651	2611.67
652	2611.67
653	2611.67
654	2611.67
655	2611.67
656	2611.67
657	2611.67
658	2611.67
659	2611.67
660	2611.67
661	2611.67
662	2611.67
663	2611.67
664	2611.67
665	2611.67
666	2611.67
667	2611.67
668	2611.67
669	2611.67
670	2611.67
671	2611.67
672	2611.67
673	2611.67
674	2611.67
675	2611.67
676	2610.83
