1	254.169
2	254.169
3	254.169
4	254.169
5	249.21
6	248.576
7	247.296
8	246.987
9	239.887
10	233.454
11	230.505
12	230.033
13	226.247
14	221.535
15	212.994
16	205.623
17	198.794
18	197.421
19	196.082
20	194.317
21	191.592
22	190.428
23	190.469
24	187.129
25	193.251
26	192.426
27	188.7
28	190.379
29	192.932
30	194.483
31	196.816
32	205.018
33	209.328
34	212.42
35	241.48
36	252.754
37	255.365
38	274.326
39	312.648
40	318.151
41	343.231
42	373.546
43	388.671
44	399.584
45	423.919
46	448.81
47	508.925
48	515.371
49	567.45
50	696.396
51	990.292
52	1390.55
53	1532.67
54	1988.83
55	2352.89
56	2823.48
57	3862.07
58	4445.05
59	4632.58
60	4938.94
61	5224.98
62	5351.19
63	5553.37
64	5792.07
65	6077.76
66	6064.49
67	6282.41
68	6413.71
69	6355.33
70	6367.4
71	6525.44
72	6722.22
73	6873.08
74	6982.91
75	7118.23
76	7171.7
77	7216.3
78	7238.95
79	7325.8
80	7296.5
81	7148.3
82	7029.79
83	6883.15
84	6776.13
85	6683.68
86	6518.32
87	6534.14
88	6595.91
89	6746.89
90	6966.85
91	7042.83
92	7211.4
93	7174.24
94	7283.62
95	7258.12
96	7325.61
97	7373.29
98	7403.93
99	7367.31
100	7313.49
101	7338.33
102	7305.9
103	7372.6
104	7409.45
105	7454.89
106	7470.61
107	7528.46
108	7710.76
109	7646.55
110	7640.34
111	7591.8
112	7378.39
113	7296.95
114	7202.48
115	7125.53
116	7030.99
117	6959.37
118	6977.24
119	6924.06
120	6856.42
121	6795.55
122	6777.48
123	6731.49
124	6675.78
125	6720.51
126	6711.27
127	6712.54
128	6675.24
129	6689.19
130	6745.27
131	6783.55
132	6849.03
133	6940.53
134	7111.33
135	7213.1
136	7274.48
137	7243.23
138	7303.68
139	7344.9
140	7289.5
141	7293.68
142	7185.02
143	7125.14
144	6992.87
145	6878.9
146	6806.16
147	6747.82
148	6727.31
149	6554.82
150	6475.96
151	6443.54
152	6424.75
153	6442.04
154	6448.66
155	6315.62
156	6258.83
157	6242.6
158	6269.87
159	6276.36
160	6204.48
161	6111.52
162	6095.49
163	6044.08
164	5989.56
165	5977.5
166	6021.25
167	6046.55
168	6007.77
169	5976.33
170	5916.34
171	5926.51
172	5961.3
173	5995.51
174	5885.03
175	5687.88
176	5438.31
177	5327.25
178	5322.87
179	5362.91
180	5401
181	5418.41
182	5378.42
183	5317.17
184	5232.78
185	5211.55
186	5198.22
187	5229.3
188	5203.44
189	5156.52
190	5104.56
191	5069.37
192	5071.16
193	5059.81
194	5101.3
195	5100.44
196	5010.43
197	4880.69
198	4668.94
199	4436.83
200	4346.31
201	4324.65
202	4319.3
203	4283.02
204	4249.34
205	4140.67
206	4120.41
207	4120.44
208	4171.39
209	4180.79
210	4190.25
211	4187.77
212	4152.4
213	4149.65
214	4141.17
215	4158.8
216	4185.28
217	4196.52
218	4125.86
219	3923.06
220	3839.54
221	3757.1
222	3639.23
223	3606.37
224	3597.24
225	3598.93
226	3590.57
227	3603.16
228	3611.52
229	3601.89
230	3615.86
231	3638.22
232	3649.58
233	3649.24
234	3611.02
235	3592.24
236	3491.28
237	3489.97
238	3494.86
239	3467.55
240	3465.84
241	3445.34
242	3431.36
243	3411.25
244	3366.99
245	3366.59
246	3353.88
247	3344.3
248	3388.47
249	3401.07
250	3359.78
251	3330.58
252	3330.58
253	3335.53
254	3343
255	3350.85
256	3363.92
257	3360.93
258	3367.22
259	3380.64
260	3414.12
261	3418.05
262	3424.43
263	3423.29
264	3430.64
265	3426.25
266	3420.25
267	3423.6
268	3419.49
269	3418.29
270	3421.18
271	3420.89
272	3430.74
273	3445.33
274	3450.89
275	3463.24
276	3463.24
277	3465.72
278	3465.72
279	3461.74
280	3462
281	3455.61
282	3447.04
283	3446.12
284	3441.76
285	3450.56
286	3456.86
287	3455.28
288	3452.73
289	3452.08
290	3449.64
291	3450.17
292	3452.42
293	3450.32
294	3448.6
295	3449
296	3449.43
297	3435.94
298	3426.67
299	3409.93
300	3206.58
301	2991.2
302	2984.32
303	2935.5
304	2952.87
305	2960.4
306	2967.35
307	2973.91
308	2941.01
309	2879.03
310	2702.9
311	2535.69
312	2482.59
313	2446.53
314	2287.66
315	2239.66
316	2095.01
317	2060.91
318	2000.43
319	1971.22
320	1933.52
321	1894.8
322	1862.72
323	1839.17
324	1838.17
325	1839.69
326	1840.65
327	1841.49
328	1847.82
329	1880.47
330	1903.19
331	1914.36
332	1912.95
333	1955.46
334	1978.38
335	2010.23
336	1998.07
337	2006.56
338	2029.35
339	2044.48
340	2046.98
341	2055.31
342	2056.96
343	2043.24
344	2042.69
345	2042.67
346	2046.83
347	2047.93
348	2045.44
349	2047.39
350	2046.83
351	2049.8
352	2062.09
353	2007.39
354	1970.79
355	1877.84
356	1798.08
357	1743.13
358	1692.24
359	1713.76
360	1721.74
361	1742.13
362	1742.27
363	1743.74
364	1743.85
365	1748.82
366	1765.5
367	1765.5
368	1765.5
369	1770.62
370	1783.86
371	1815.09
372	1837.73
373	1849.55
374	1860.38
375	1864.79
376	1863.65
377	1866.03
378	1866.03
379	1866.03
380	1866.22
381	1866.81
382	1859.31
383	1858.53
384	1854.32
385	1856.38
386	1857.01
387	1856.38
388	1853.76
389	1848.76
390	1866.1
391	1871.04
392	1886.97
393	1906.04
394	1914.09
395	1921.82
396	1944.95
397	1964.65
398	1992.66
399	2017.34
400	1994.59
401	2011.19
402	2028.65
403	2041.15
404	2020.34
405	2023.2
406	2033.76
407	1993.36
408	1975.7
409	1966
410	1965.11
411	1970.71
412	1978.07
413	1979.55
414	1982.31
415	1982.36
416	1984.31
417	1984.17
418	1984.3
419	1983.55
420	1989.79
421	1989.86
422	1995.62
423	2015.97
424	2051.1
425	2071.44
426	2086.81
427	2095.57
428	2114.41
429	2120.82
430	2118.58
431	2119.98
432	2117.87
433	2125.62
434	2125.38
435	2125.31
436	2131.71
437	2139.51
438	2168.33
439	2175.56
440	2205.2
441	2203.03
442	2201.43
443	2227
444	2248.07
445	2249.27
446	2261.99
447	2274.55
448	2305.27
449	2357.15
450	2365.87
451	2378.24
452	2404.43
453	2414.14
454	2421.59
455	2437.46
456	2448.47
457	2455.7
458	2473.42
459	2478.98
460	2503.06
461	2535.67
462	2554.3
463	2590.51
464	2645.91
465	2667.78
466	2723.72
467	2732.87
468	2732.91
469	2733.08
470	2733.08
471	2733.08
472	2733.08
473	2733.66
474	2733.66
475	2733.66
476	2733.66
477	2733.66
478	2734.65
479	2734.61
480	2735.58
481	2736.58
482	2737.16
483	2738.23
484	2739.06
485	2739.06
486	2739.06
487	2739.06
488	2739.06
489	2739.06
490	2739.06
491	2745.32
492	2710.89
493	2706.47
494	2702.44
495	2725.9
496	2696.93
497	2660.61
498	2614.61
499	2677.1
500	2677.1
501	2677.1
502	2677.1
503	2677.1
504	2677.1
505	2677.1
506	2677.1
507	2677.1
508	2677.1
509	2677.1
510	2677.1
511	2677.1
512	2677.1
513	2677.1
514	2677.1
515	2677.1
516	2677.1
517	2677.1
518	2677.1
519	2677.1
520	2677.1
521	2677.1
522	2677.1
523	2677.1
524	2677.1
525	2677.1
526	2677.1
527	2677.1
528	2677.1
529	2677.1
530	2677.1
531	2677.1
532	2677.1
533	2677.1
534	2677.1
535	2677.1
536	2677.1
537	2677.1
538	2677.1
539	2677.1
540	2677.1
541	2677.1
542	2677.1
543	2677.1
544	2677.1
545	2677.1
546	2677.1
547	2677.1
548	2677.1
549	2677.1
550	2677.1
551	2677.1
552	2677.1
553	2677.1
554	2677.1
555	2677.1
556	2677.1
557	2677.1
558	2677.1
559	2677.1
560	2677.1
561	2677.1
562	2677.1
563	2677.1
564	2677.1
565	2677.1
566	2677.1
567	2677.1
568	2677.1
569	2677.1
570	2677.1
571	2677.1
572	2677.1
573	2677.1
574	2677.1
575	2677.1
576	2677.1
577	2677.1
578	2677.1
579	2677.1
580	2677.1
581	2677.1
582	2677.1
583	2677.1
584	2677.1
585	2677.1
586	2677.1
587	2677.1
588	2677.1
589	2677.1
590	2677.1
591	2677.1
592	2677.1
593	2677.1
594	2677.1
595	2677.1
596	2677.1
597	2677.1
598	2677.1
599	2677.1
600	2677.1
601	2677.1
602	2677.1
603	2677.1
604	2677.1
605	2677.1
606	2677.1
607	2677.1
608	2677.1
609	2677.1
610	2677.1
611	2677.1
612	2677.1
613	2677.1
614	2677.1
615	2677.1
616	2677.1
617	2677.1
618	2677.1
619	2677.1
620	2677.1
621	2677.1
622	2677.1
623	2677.1
624	2677.1
625	2677.1
626	2677.1
627	2677.1
628	2677.1
629	2677.1
630	2677.1
631	2677.1
632	2677.1
633	2677.1
634	2677.1
635	2677.1
636	2677.1
637	2677.1
638	2677.1
639	2677.1
640	2677.1
641	2677.1
642	2677.1
643	2677.1
644	2677.1
645	2677.1
646	2677.1
647	2677.1
648	2677.1
649	2677.1
650	2677.1
651	2677.1
652	2677.1
653	2677.1
654	2677.1
655	2677.1
656	2677.1
657	2677.1
658	2677.1
659	2677.1
660	2677.1
661	2677.1
662	2677.1
663	2677.1
664	2677.1
665	2677.1
666	2677.1
667	2677.1
668	2677.1
669	2677.1
670	2677.1
671	2677.1
672	2677.1
673	2677.1
674	2677.1
675	2677.1
676	2677.1
677	2677.1
678	2677.1
679	2677.1
680	2677.1
681	2677.1
682	2677.1
683	2677.1
684	2677.1
685	2677.1
686	2642.87
687	2510.29
688	2415.23
689	2353.87
690	2353.87
691	2353.87
692	2353.87
693	2419.32
