1	233.548
2	233.548
3	233.548
4	233.548
5	220.989
6	220.345
7	219.332
8	216.709
9	214.034
10	210.793
11	202.295
12	201.319
13	194.987
14	193.249
15	191.05
16	192.241
17	195.727
18	194.584
19	195.299
20	191.982
21	194.052
22	197.259
23	199.585
24	204.956
25	209.301
26	208.827
27	218.246
28	228.365
29	233.301
30	260.607
31	268.924
32	283.593
33	294.067
34	292.492
35	295.835
36	296.163
37	300.608
38	315.216
39	331.939
40	369.434
41	374.59
42	442.876
43	489.887
44	593.52
45	629.944
46	673.448
47	909.83
48	971.694
49	990.107
50	1026.88
51	1257.53
52	1429.8
53	1408.6
54	1522.85
55	1625.41
56	1638.63
57	1893.27
58	2499.45
59	2934.8
60	3121.62
61	3296.73
62	3403.07
63	3750.49
64	4156.23
65	4586.96
66	4554.43
67	4684.8
68	4777.19
69	5042.97
70	5165.11
71	5233.62
72	5249.06
73	5132.1
74	5077.16
75	5165.49
76	5249.89
77	5449.8
78	5565.9
79	5547.79
80	5550.85
81	5529.5
82	5532.72
83	5612.2
84	5648.63
85	5584.36
86	5520.23
87	5425.23
88	5499.25
89	5498.98
90	5585.38
91	5648.63
92	5627.08
93	5630.11
94	5608.08
95	5593.37
96	5562.07
97	5499.5
98	5497.52
99	5583.73
100	5588.18
101	5532.31
102	5438.47
103	5335.29
104	5292.17
105	5314.53
106	5334.45
107	5342
108	5253.88
109	5192.7
110	5168.63
111	5230.68
112	5107.05
113	5096.76
114	5122.72
115	5217.54
116	5297.69
117	5303.76
118	5202.71
119	5171.61
120	5128.83
121	5121.11
122	5190.74
123	5343.65
124	5339.72
125	5308.96
126	5363.01
127	5374.82
128	5372.65
129	5393.46
130	5397.33
131	5407.74
132	5450.36
133	5530.11
134	5552.55
135	5549.72
136	5475.58
137	5349.01
138	5203.69
139	5148.57
140	5074.93
141	5003.34
142	4920.6
143	4893.14
144	4916.96
145	4957.49
146	5050.66
147	5001.01
148	4922.24
149	4957.32
150	4994.13
151	5010.63
152	5003.82
153	4952.92
154	4897.04
155	4862.3
156	4851.48
157	4864.59
158	4865.27
159	4847.5
160	4819.9
161	4741.73
162	4632.26
163	4569.63
164	4576.1
165	4530.08
166	4589.85
167	4643.93
168	4770.94
169	4887.79
170	4881.55
171	4890.51
172	4938.43
173	4949.43
174	4900.21
175	4786.73
176	4721.25
177	4656.19
178	4642.67
179	4657.44
180	4638.8
181	4647.23
182	4649.36
183	4632.24
184	4611.51
185	4584.83
186	4567.67
187	4550.72
188	4545.5
189	4529.31
190	4478.45
191	4440.05
192	4388.25
193	4351.15
194	4311.44
195	4292.75
196	4294.13
197	4297.33
198	4307.51
199	4312.09
200	4294.06
201	4291.08
202	4298.91
203	4297.41
204	4264.53
205	4252.85
206	4241.38
207	4266.39
208	4285.33
209	4255.32
210	4233.66
211	4214.65
212	4180.07
213	4184.55
214	4159.73
215	4101.41
216	4088.12
217	4103.74
218	4095.59
219	4088.29
220	4087.94
221	4069.97
222	4064.92
223	4021.34
224	4021.87
225	4061.08
226	4037.26
227	4027.91
228	3998.21
229	3950.99
230	3905.65
231	3870.63
232	3854.13
233	3857.02
234	3853.08
235	3811.3
236	3801.18
237	3783.49
238	3791.71
239	3750.68
240	3748.29
241	3795
242	3808.63
243	3814.84
244	3829.07
245	3831.8
246	3854.07
247	3873.42
248	3915.17
249	3940.03
250	3954.95
251	3968.2
252	3966.34
253	3961.05
254	3960.14
255	3962.32
256	3960.53
257	3961.09
258	3975.4
259	3993.79
260	4007.65
261	4005.51
262	4015.64
263	4016.79
264	4056.07
265	4080.73
266	4081.89
267	4095.48
268	4105.82
269	4109.71
270	4113.35
271	4125.33
272	4144.35
273	4149.72
274	4148
275	4148
276	4142.45
277	4137.32
278	4130.76
279	4122
280	4069.26
281	4013
282	3805.88
283	3754.74
284	3607.33
285	3614.47
286	3630.77
287	3630.12
288	3655.32
289	3667.42
290	3651.65
291	3655.3
292	3656.68
293	3681.36
294	3683.86
295	3705.23
296	3706.97
297	3691.92
298	3674.03
299	3693.24
300	3734.19
301	3753.78
302	3776.68
303	3804.53
304	3825.96
305	3828.81
306	3839.13
307	3839.08
308	3845.4
309	3856.62
310	3879.84
311	3885.69
312	3884.92
313	3892.32
314	3903.06
315	3824.47
316	3752.24
317	3679.23
318	3623.02
319	3555.61
320	3564.92
321	3620.63
322	3652.23
323	3661.13
324	3608.44
325	3561.37
326	3444.67
327	3375.07
328	3364.53
329	3362.08
330	3353.5
331	3350.27
332	3350.38
333	3351.28
334	3351.03
335	3350.46
336	3347.36
337	3349.01
338	3349.76
339	3344.45
340	3344.56
341	3342.28
342	3342.02
343	3336.3
344	3294.49
345	3213.43
346	3216.44
347	3185.74
348	3117.56
349	3016.9
350	2988.76
351	2994.37
352	3004.32
353	3011.89
354	3017.18
355	3014.27
356	3017.84
357	3044.7
358	3050.04
359	3055.94
360	3059.07
361	3066.83
362	3071.92
363	3071.37
364	3074.43
365	3072.83
366	3064.71
367	3055.33
368	3051.22
369	3046.43
370	3048.08
371	3048.3
372	3037.87
373	3026.31
374	3039.7
375	3064.37
376	3068.27
377	3080.01
378	3086.42
379	3086.19
380	3085.87
381	3085.17
382	3100.04
383	3153.2
384	3182.72
385	3189.37
386	3216.34
387	3237.33
388	3266.99
389	3330.83
390	3354.04
391	3372.37
392	3383.89
393	3386.59
394	3385.58
395	3384.19
396	3383.31
397	3381.49
398	3381.35
399	3379.32
400	3379.92
401	3372.31
402	3363.42
403	3352.17
404	3316.21
405	3309.33
406	3323.13
407	3334.37
408	3355.98
409	3386.02
410	3422.37
411	3446.54
412	3470.57
413	3466.68
414	3466.47
415	3473.24
416	3489.83
417	3506.92
418	3501.23
419	3525.55
420	3594.64
421	3610.97
422	3639.64
423	3598.47
424	3593.51
425	3471.37
426	3430.83
427	3313.49
428	3283.74
429	3256.71
430	3277.5
431	3290.46
432	3331.3
433	3352.64
434	3362.08
435	3414.78
436	3440.28
437	3429.42
438	3486.24
439	3509.5
440	3570.59
441	3596.46
442	3664.72
443	3686.22
444	3692.57
445	3725.54
446	3734.87
447	3738.12
448	3756.19
449	3787.12
450	3794.36
451	3814.89
452	3813.98
453	3840.89
454	3848
455	3914.19
456	3952.41
457	3991.52
458	4055.04
459	4088.51
460	4125
461	4160.32
462	4185.3
463	4227.12
464	4262.24
465	4307.87
466	4349.9
467	4352.88
468	4359.51
469	4364.82
470	4389.32
471	4433.43
472	4467.38
473	4475.02
474	4538.06
475	4561.72
476	4605.92
477	4653
478	4672.55
479	4752.05
480	4778.28
481	4813.28
482	4822.41
483	4832.88
484	4828.75
485	4793.2
486	4805.05
487	4816.5
488	4679
489	4502.87
490	4502.87
491	4460.06
492	4470.95
493	4470.95
494	4470.95
495	4470.95
496	4470.95
497	4470.95
498	4470.95
499	4470.95
500	4470.95
501	4470.95
502	4470.95
503	4470.95
504	4470.95
505	4470.95
506	4470.95
507	4470.95
508	4470.95
509	4470.95
510	4470.95
511	4470.95
512	4470.95
513	4470.95
514	4470.95
515	4470.95
516	4470.95
517	4470.95
518	4470.95
519	4470.95
520	4470.95
521	4470.95
522	4470.95
523	4470.95
524	4470.95
525	4470.95
526	4470.95
527	4470.95
528	4470.95
529	4470.95
530	4470.95
531	4420.05
532	4369.73
533	4319.98
534	4174.11
535	4174.11
536	4126.58
537	4126.58
538	3987.24
539	3987.24
540	3987.24
541	3987.24
542	3987.24
543	3987.24
544	3987.24
545	3987.24
546	3987.24
547	3987.24
548	3987.24
549	3987.24
550	3987.24
551	3987.24
552	3987.24
553	3987.24
554	3987.24
555	3987.24
556	3987.24
557	3987.24
558	3987.24
559	3987.24
560	3987.24
561	3987.24
562	3987.24
563	3987.24
564	3987.24
565	3987.24
566	3987.24
567	3987.24
568	3987.24
569	3987.24
570	3987.24
571	3987.24
572	3987.24
573	3987.24
574	3987.24
575	3987.24
576	3987.24
577	3987.24
578	3987.24
579	3987.24
580	3987.24
581	3987.24
582	3987.24
583	3987.24
584	3987.24
585	3987.24
586	3987.24
587	3987.24
588	3987.24
589	3987.24
590	3987.24
591	3987.24
592	3987.24
593	3987.24
594	3987.24
595	3987.24
596	3987.24
597	3987.24
598	3987.24
599	3987.24
600	3987.24
601	3987.24
602	3987.24
603	3987.24
604	3987.24
605	3987.24
606	3987.24
607	3987.24
608	3987.24
609	3987.24
610	3987.24
611	3987.24
612	3987.24
613	3987.24
614	3987.24
615	3987.24
616	3987.24
617	3987.24
618	3987.24
619	3987.24
620	3987.24
621	3987.24
622	3987.24
623	3987.24
624	3987.24
625	3987.24
626	3987.24
627	3987.24
628	3987.24
629	3987.24
630	3987.24
631	3987.24
632	3987.24
633	3987.24
634	3987.24
635	3987.24
636	3987.24
637	3987.24
638	3987.24
639	3987.24
640	3987.24
641	3987.24
642	3987.24
643	3987.24
644	3987.24
645	3987.24
646	3987.24
647	3987.24
648	3987.24
649	3987.24
650	3987.24
651	3987.24
652	3987.24
653	3987.24
654	3987.24
655	3987.24
656	3987.24
657	3987.24
658	3987.24
659	3987.24
660	3987.24
661	3987.24
662	3987.24
663	3987.24
664	3987.24
665	3987.24
666	3987.24
667	3987.24
668	3987.24
669	3987.24
670	3987.24
671	3987.24
672	3987.24
673	3987.24
674	3987.24
675	3987.24
676	3954.78
