1	250.974
2	250.974
3	250.974
4	250.974
5	245.896
6	244.639
7	243.047
8	242.316
9	236.491
10	235.189
11	234.489
12	228.179
13	227.677
14	225.07
15	221.774
16	221.198
17	216.323
18	214.329
19	213.312
20	211.937
21	214.651
22	213.068
23	211.14
24	208.288
25	202.506
26	199.159
27	196.354
28	194.041
29	197.934
30	201.458
31	209.005
32	214.151
33	214.908
34	230.882
35	235.065
36	245.961
37	254.374
38	260.235
39	263.783
40	266.709
41	299.451
42	301.268
43	324.897
44	356.565
45	454.491
46	553.464
47	571.36
48	799.492
49	948.893
50	1007.28
51	1277.25
52	2026.5
53	3165.89
54	3838.87
55	4494.3
56	5160.3
57	5701.51
58	5798.65
59	6052.87
60	6115.27
61	6126.28
62	6131.52
63	6175.83
64	6125.06
65	6127.52
66	6231.17
67	6137.01
68	6149.09
69	6014.68
70	5945.3
71	5914.59
72	5921.02
73	6124.04
74	6325.38
75	6471.06
76	6472.77
77	6321.31
78	6279
79	5971.04
80	5945.27
81	5954.17
82	5928.06
83	5958.34
84	6069.3
85	6107.99
86	6211.61
87	6208.65
88	6269.44
89	6187.59
90	6035.49
91	6012.15
92	5983.81
93	5897
94	5841.49
95	5821.67
96	5784.19
97	5769.94
98	5727.67
99	5800.22
100	5895.25
101	6002.23
102	6086.53
103	6086.07
104	6079.23
105	6103.25
106	6096.86
107	6080.52
108	6109.46
109	6198.51
110	6242.83
111	6275.94
112	6329.59
113	6376.06
114	6381.11
115	6476.73
116	6491.55
117	6559.53
118	6564.01
119	6563.19
120	6591.89
121	6544.57
122	6490.72
123	6518.42
124	6505.63
125	6531.77
126	6557.18
127	6565.4
128	6594.54
129	6614.23
130	6593.36
131	6587.2
132	6597.31
133	6613.64
134	6610.73
135	6583.79
136	6581.5
137	6616.67
138	6608.16
139	6620.38
140	6582.24
141	6530.33
142	6519.01
143	6512.76
144	6457.55
145	6436.54
146	6459.92
147	6350.19
148	6342.92
149	6345.76
150	6308.97
151	6187.49
152	6101.06
153	5951.28
154	5923.17
155	5852.21
156	5816.36
157	5767.72
158	5761.97
159	5728.01
160	5680.26
161	5659.43
162	5607.47
163	5511.01
164	5434.59
165	5351.05
166	5285.89
167	5251.08
168	5221.64
169	5182.14
170	5263.91
171	5243.03
172	5193.99
173	5210.2
174	5152.34
175	5138.18
176	5084.94
177	5124.04
178	5097.06
179	5102.76
180	5074.64
181	5083.92
182	5050.54
183	5032.24
184	4947.73
185	4933.72
186	4912.71
187	4893.59
188	4854.15
189	4745.72
190	4749.62
191	4720.43
192	4745.37
193	4723.88
194	4636.65
195	4560.12
196	4531.97
197	4454.75
198	4400.45
199	4353.4
200	4360.67
201	4307.07
202	4323.55
203	4303.46
204	4274.76
205	4266.99
206	4238.19
207	4262.29
208	4254.18
209	4236
210	4212.19
211	4194.07
212	4171.7
213	4145.04
214	4126.62
215	4111.81
216	4103.08
217	4041.72
218	4054.48
219	4073.48
220	4063.11
221	4085.82
222	4077.2
223	4070.37
224	4059.75
225	4018.27
226	3997.9
227	4019.07
228	4008.45
229	3974.35
230	3940.15
231	3914.9
232	3884.7
233	3851.87
234	3791.31
235	3728.48
236	3617.58
237	3556.23
238	3516.26
239	3485.29
240	3455.77
241	3456.33
242	3475.37
243	3498.9
244	3495.34
245	3484.25
246	3475.34
247	3474.69
248	3478.7
249	3481.58
250	3482.71
251	3462.1
252	3429.95
253	3421.93
254	3397.41
255	3362.16
256	3354.69
257	3333.97
258	3283.72
259	3266.14
260	3193.06
261	3169.38
262	3165.85
263	3162.41
264	3158.73
265	3148.36
266	3149.35
267	3165.85
268	3199.4
269	3222.24
270	3260.55
271	3276.48
272	3300.69
273	3300.66
274	3334.89
275	3339.49
276	3345.67
277	3372.86
278	3384.35
279	3383.5
280	3374.91
281	3375.2
282	3353.27
283	3328.81
284	3302.83
285	3292.08
286	3272.06
287	3246.11
288	3243.56
289	3234.5
290	3234.36
291	3231.26
292	3240.34
293	3243.14
294	3243.93
295	3252.03
296	3255.33
297	3258.31
298	3252.85
299	3248.68
300	3249.41
301	3250.21
302	3251.86
303	3255.74
304	3257.36
305	3257.68
306	3258.6
307	3258.11
308	3257.59
309	3257.59
310	3098.01
311	2803.18
312	2740.3
313	2580.31
314	2552.06
315	2556.51
316	2571.09
317	2604.42
318	2622.03
319	2622.14
320	2623.44
321	2625.96
322	2626.5
323	2625.29
324	2624.17
325	2619.76
326	2607.81
327	2549.44
328	2494.33
329	2456.84
330	2346.17
331	2293.89
332	2247.17
333	2239.65
334	2213.02
335	2155.11
336	2140.61
337	2153.34
338	2137.64
339	2144.09
340	2123.28
341	2062.49
342	2062.58
343	2042.98
344	2023.63
345	1985.07
346	1965.12
347	1969.94
348	1974.71
349	1979.13
350	1984.33
351	1999.16
352	1917.32
353	1893.9
354	1803.49
355	1781.66
356	1781.66
357	1804.67
358	1836.39
359	1836.39
360	1850.92
361	1869.34
362	1885.74
363	1885.84
364	1886.11
365	1886.18
366	1891.79
367	1903.07
368	1900.07
369	1840.8
370	1826.46
371	1846.12
372	1857.72
373	1837.73
374	1734
375	1706.78
376	1667.49
377	1673.96
378	1657.5
379	1650.44
380	1651.02
381	1657.64
382	1657.72
383	1664.07
384	1664.14
385	1664.21
386	1664.58
387	1664.63
388	1664.39
389	1664.39
390	1669.09
391	1695.89
392	1718.83
393	1725.52
394	1729.76
395	1733.09
396	1741.22
397	1740.67
398	1744.49
399	1747.8
400	1748
401	1748.38
402	1777.54
403	1822.99
404	1841.54
405	1875.76
406	1882.04
407	1891.67
408	1908.88
409	1929.94
410	1953.98
411	1987.3
412	2004.52
413	2004.5
414	2002.82
415	2000.3
416	1999.18
417	1997.79
418	1998.2
419	2001.15
420	2004.78
421	2005.96
422	2007.21
423	2006.64
424	2018.47
425	2044.76
426	2056.32
427	2101.09
428	2106.06
429	2124.57
430	2127.2
431	2146.49
432	2171.86
433	2171.22
434	2124.68
435	2094.1
436	2081.59
437	2042.34
438	2044.13
439	2073.92
440	2094.55
441	2098.17
442	2101.67
443	2105.25
444	2106.72
445	2105.86
446	2105.31
447	2101.45
448	2094.47
449	2090.02
450	2084.17
451	2075.23
452	2071.21
453	2080.43
454	2100.41
455	2123.65
456	2168.78
457	2172.34
458	2167.59
459	2179.23
460	2177.55
461	2183.68
462	2204.21
463	2218.5
464	2230.63
465	2234.89
466	2255.69
467	2257.94
468	2254.49
469	2254.41
470	2251.48
471	2263.22
472	2310.36
473	2352.21
474	2405.74
475	2413.29
476	2412.78
477	2429.08
478	2434.51
479	2430.1
480	2434.01
481	2417.75
482	2440.59
483	2478.49
484	2481.13
485	2503.84
486	2505.77
487	2517.55
488	2527.57
489	2527.57
490	2527.57
491	2527.57
492	2527.57
493	2527.57
494	2527.57
495	2540.98
496	2540.98
497	2540.98
498	2567.66
499	2567.66
500	2567.66
501	2591.7
502	2618.82
503	2633.04
504	2661.33
505	2661.33
506	2661.33
507	2661.33
508	2661.33
509	2661.33
510	2661.33
511	2661.33
512	2661.33
513	2661.33
514	2661.33
515	2661.33
516	2661.33
517	2661.33
518	2661.33
519	2661.33
520	2661.33
521	2661.33
522	2661.33
523	2661.33
524	2661.33
525	2661.33
526	2661.33
527	2661.33
528	2675.02
529	2703
530	2730.93
531	2745.03
532	2774.7
533	2789.23
534	2803.12
535	2803.12
536	2803.12
537	2803.12
538	2803.12
539	2803.12
540	2803.12
541	2803.12
542	2803.12
543	2803.12
544	2803.12
545	2803.12
546	2803.12
547	2803.12
548	2803.12
549	2803.12
550	2803.12
551	2803.12
552	2803.12
553	2803.12
554	2803.12
555	2803.12
556	2803.12
557	2803.12
558	2803.12
559	2803.12
560	2803.12
561	2803.12
562	2803.12
563	2803.12
564	2803.12
565	2803.12
566	2803.12
567	2803.12
568	2803.12
569	2803.12
570	2803.12
571	2803.12
572	2803.12
573	2803.12
574	2803.12
575	2803.12
576	2803.12
577	2803.12
578	2803.12
579	2803.12
580	2803.12
581	2803.12
582	2803.12
583	2803.12
584	2803.12
585	2803.12
586	2803.12
587	2803.12
588	2803.12
589	2803.12
590	2803.12
591	2803.12
592	2803.12
593	2803.12
594	2803.12
595	2803.12
596	2803.12
597	2803.12
598	2803.12
599	2803.12
600	2803.12
601	2803.12
602	2803.12
603	2803.12
604	2803.12
605	2803.12
606	2803.12
607	2803.12
608	2803.12
609	2803.12
610	2803.12
611	2803.12
612	2803.12
613	2803.12
614	2803.12
615	2803.12
616	2803.12
617	2803.12
618	2803.12
619	2803.12
620	2803.12
621	2803.12
622	2803.12
623	2803.12
624	2803.12
625	2803.12
626	2803.12
627	2803.12
628	2803.12
629	2803.12
630	2803.12
631	2803.12
632	2803.12
633	2803.12
634	2803.12
635	2803.12
636	2803.12
637	2803.12
638	2803.12
639	2803.12
640	2803.12
641	2803.12
642	2803.12
643	2803.12
644	2803.12
645	2803.12
646	2803.12
647	2803.12
648	2803.12
649	2803.12
650	2803.12
651	2803.12
652	2803.12
653	2803.12
654	2803.12
655	2803.12
656	2803.12
657	2803.12
658	2803.12
659	2803.12
660	2803.12
661	2803.12
662	2803.12
663	2803.12
664	2803.12
665	2803.12
666	2803.12
667	2803.12
668	2803.12
669	2803.12
670	2803.12
671	2803.12
672	2803.12
673	2803.12
674	2803.12
675	2803.12
676	2803.12
677	2803.12
678	2803.12
679	2803.12
680	2803.12
681	2803.12
682	2837.92
