1	340.741
2	340.741
3	340.741
4	340.741
5	293.264
6	286.893
7	284.16
8	283.106
9	255.067
10	246.503
11	239.855
12	232.508
13	226.685
14	217.305
15	213.208
16	211.145
17	211.198
18	209.49
19	203.583
20	200.631
21	190.096
22	187.29
23	186.913
24	185.828
25	182.271
26	183.683
27	185.386
28	186.043
29	188.234
30	187.422
31	187.061
32	191.993
33	195.039
34	197.887
35	226.157
36	227.65
37	263.709
38	291.194
39	299.278
40	304.749
41	341.831
42	357.554
43	392.09
44	411.662
45	482.65
46	552.486
47	757.848
48	1230.08
49	1672.9
50	2355.15
51	3667.02
52	4059.54
53	4714.91
54	4867.18
55	4925.72
56	5094.29
57	5107.45
58	5125.05
59	5308.8
60	5344.36
61	5429.96
62	5380.61
63	5416.7
64	5293.14
65	5247.52
66	5165.33
67	5130.09
68	5018.49
69	4937.91
70	4886.86
71	4840.69
72	4829.23
73	4707.11
74	4703.96
75	4649.62
76	4675.42
77	4725.39
78	4776.42
79	4853.71
80	4970.36
81	5061.21
82	5219.05
83	5271.31
84	5224.98
85	5172.58
86	5146.92
87	5126.56
88	5217.99
89	5187.38
90	5181.46
91	5183.47
92	5215.78
93	5291.19
94	5410.21
95	5468.43
96	5462.83
97	5305.86
98	5244.68
99	5362.21
100	5400.95
101	5454.95
102	5466.94
103	5443.02
104	5435.11
105	5428.01
106	5463.78
107	5523.19
108	5532.06
109	5558.02
110	5608.53
111	5649.24
112	5676.52
113	5718.62
114	5732.66
115	5728.55
116	5777.85
117	5776.26
118	5767.03
119	5790.29
120	5870.14
121	5855.38
122	5797.52
123	5785.45
124	5813.63
125	5871.65
126	5933.37
127	5953.11
128	5855.64
129	5939.44
130	5941.44
131	5935.19
132	5877.37
133	5856.31
134	5795.24
135	5659.27
136	5544.28
137	5552.25
138	5644
139	5728.59
140	5730.34
141	5768.54
142	5828.61
143	5811.98
144	5789.07
145	5782.85
146	5671.08
147	5706.17
148	5712.63
149	5673.27
150	5607.45
151	5580.36
152	5552.8
153	5562.68
154	5486.57
155	5413.33
156	5193.96
157	5124.35
158	5078.22
159	5010.06
160	4942.42
161	4867.72
162	4817
163	4816.98
164	4843.07
165	4821.95
166	4787.12
167	4702.35
168	4719.98
169	4732.01
170	4802.04
171	4849.87
172	4872.52
173	4895.35
174	4850
175	4780.23
176	4768.5
177	4760.57
178	4737.38
179	4709.93
180	4793.35
181	4815.77
182	4772.3
183	4761.71
184	4713.32
185	4680.16
186	4698.59
187	4683.82
188	4686.04
189	4669.12
190	4679.01
191	4656.57
192	4660.2
193	4627.09
194	4668.77
195	4695.47
196	4674.21
197	4683.39
198	4727.88
199	4714.68
200	4715.63
201	4654.85
202	4652.18
203	4599.14
204	4619.88
205	4576.96
206	4511.5
207	4530.04
208	4501.48
209	4538.9
210	4501.12
211	4466.37
212	4412.33
213	4348.01
214	4399.33
215	4403.46
216	4406.8
217	4479.68
218	4480.09
219	4491.68
220	4467.57
221	4451.51
222	4446.47
223	4428.64
224	4415.23
225	4398.5
226	4383.45
227	4368.03
228	4338.72
229	4289.1
230	4254.04
231	4183.93
232	4123.67
233	4084.12
234	4045.34
235	4028.06
236	3977.64
237	3952.36
238	3942.63
239	3950.48
240	3948.9
241	3968.95
242	3984.01
243	3984.67
244	3993.62
245	4008.1
246	4015.53
247	4033.49
248	4041.52
249	4052.45
250	4053.86
251	4055.81
252	4064.03
253	4075.14
254	4084.41
255	4069.34
256	4085.06
257	4118.48
258	4124.3
259	4124.8
260	4119.07
261	4148.1
262	4147.22
263	4143.73
264	4158.11
265	4157.55
266	4160.15
267	4152.85
268	4147.3
269	4140.32
270	4140.43
271	4131.76
272	4124.67
273	4114.94
274	3976.52
275	3555.48
276	3377.83
277	3254.46
278	3245.37
279	3284
280	3269.69
281	3257.68
282	3260.69
283	3264.32
284	3260.1
285	3256.03
286	3256.59
287	3255.59
288	3255.04
289	3249.93
290	3241.59
291	3240.13
292	3247.94
293	3253.66
294	3244.91
295	3262.68
296	3270.99
297	3296.64
298	3309.56
299	3356.75
300	3384.29
301	3385.22
302	3384.69
303	3383.91
304	3379.01
305	3357.33
306	3333.78
307	3332.04
308	3324.32
309	3320.04
310	3321.55
311	3333.87
312	3298.56
313	3302.48
314	3227.91
315	3045.51
316	2982.39
317	2988.64
318	2998.67
319	3016.85
320	3015.39
321	3047.94
322	3052.94
323	3065.89
324	3059.99
325	3076.83
326	3077.81
327	3057.87
328	3048.71
329	3033.61
330	2978.02
331	2891.42
332	2818.57
333	2783.27
334	2713.39
335	2648.05
336	2626.37
337	2633.48
338	2642.24
339	2680.59
340	2699.72
341	2709.87
342	2730.6
343	2740.8
344	2757.01
345	2774.52
346	2785.33
347	2786.55
348	2803.85
349	2809.67
350	2808
351	2807.98
352	2801.67
353	2798.48
354	2792.32
355	2791.81
356	2694.13
357	2598.72
358	2476.75
359	2482.5
360	2482.5
361	2497.93
362	2497.44
363	2503.49
364	2516.8
365	2523.67
366	2529.99
367	2529.69
368	2531.1
369	2531.21
370	2529.3
371	2532.17
372	2544.13
373	2566.81
374	2585.87
375	2602.25
376	2611.4
377	2617.43
378	2631.66
379	2645.15
380	2644.88
381	2651.58
382	2649.55
383	2648.21
384	2652.11
385	2656.48
386	2660.61
387	2663.11
388	2664.73
389	2682.14
390	2692.15
391	2709.66
392	2729.73
393	2768.9
394	2799.36
395	2819.33
396	2853.53
397	2878.95
398	2920.41
399	2940.32
400	2969.07
401	2971.72
402	2975.54
403	2978.81
404	2979.31
405	2981.63
406	2981.63
407	2980.12
408	2983.82
409	2990.7
410	3000.36
411	3006.37
412	3002.6
413	3008.81
414	3011.33
415	3024.87
416	3040.95
417	3079.44
418	3104.96
419	3126.99
420	3138.99
421	3149.78
422	3157.84
423	3179.33
424	3185.37
425	3206.99
426	3217.59
427	3228.31
428	3230.69
429	3243.37
430	3241.67
431	3242.99
432	3247.27
433	3259.57
434	3260.91
435	3271.84
436	3268.97
437	3298.06
438	3295.02
439	3302.17
440	3300.58
441	3301.92
442	3311.61
443	3329.41
444	3355
445	3371.76
446	3385.24
447	3385.24
448	3387.33
449	3386.06
450	3382.71
451	3381.58
452	3381.34
453	3382.22
454	3384.71
455	3381.92
456	3387.72
457	3393.06
458	3401.85
459	3399.31
460	3413.73
461	3446.45
462	3459.89
463	3478.86
464	3511.99
465	3526.29
466	3549.9
467	3604.58
468	3649.18
469	3684.06
470	3693.49
471	3711.71
472	3724.94
473	3737.98
474	3745.72
475	3750.13
476	3750.13
477	3750.13
478	3789.16
479	3814.4
480	3840.2
481	3850.33
482	3844.86
483	3843.1
484	3830.31
485	3831.19
486	3832.09
487	3832.4
488	3831.77
489	3829.68
490	3829.68
491	3829.68
492	3829.68
493	3829.68
494	3829.68
495	3829.68
496	3829.68
497	3829.68
498	3829.68
499	3829.68
500	3829.68
501	3829.68
502	3829.68
503	3829.68
504	3829.68
505	3829.68
506	3829.68
507	3829.68
508	3829.68
509	3829.68
510	3829.68
511	3829.68
512	3829.68
513	3829.68
514	3829.68
515	3829.68
516	3829.68
517	3829.68
518	3829.68
519	3829.68
520	3829.68
521	3829.68
522	3829.68
523	3829.68
524	3829.68
525	3829.68
526	3829.68
527	3829.68
528	3829.68
529	3829.68
530	3829.68
531	3829.68
532	3829.68
533	3829.68
534	3829.68
535	3829.68
536	3829.68
537	3829.68
538	3829.68
539	3829.68
540	3829.68
541	3829.68
542	3829.68
543	3829.68
544	3829.68
545	3829.68
546	3829.68
547	3829.68
548	3829.68
549	3829.68
550	3829.68
551	3829.68
552	3829.68
553	3829.68
554	3829.68
555	3829.68
556	3829.68
557	3646.68
558	3558.49
559	3472.43
560	3388.45
561	3388.45
562	3388.45
563	3388.45
564	3388.45
565	3388.45
566	3388.45
567	3388.45
568	3388.45
569	3388.45
570	3388.45
571	3388.45
572	3388.45
573	3388.45
574	3388.45
575	3388.45
576	3388.45
577	3388.45
578	3388.45
579	3388.45
580	3388.45
581	3388.45
582	3388.45
583	3388.45
584	3388.45
585	3388.45
586	3388.45
587	3388.45
588	3388.45
589	3388.45
590	3388.45
591	3388.45
592	3388.45
593	3388.45
594	3388.45
595	3388.45
596	3388.45
597	3388.45
598	3388.45
599	3388.45
600	3388.45
601	3388.45
602	3388.45
603	3388.45
604	3388.45
605	3388.45
606	3388.45
607	3388.45
608	3388.45
609	3388.45
610	3388.45
611	3388.45
612	3388.45
613	3388.45
614	3388.45
615	3388.45
616	3388.45
617	3388.45
618	3388.45
619	3388.45
620	3388.45
621	3388.45
622	3388.45
623	3388.45
624	3388.45
625	3388.45
626	3388.45
627	3388.45
628	3388.45
629	3388.45
630	3388.45
631	3388.45
632	3388.45
633	3388.45
634	3388.45
635	3388.45
636	3388.45
637	3388.45
638	3388.45
639	3388.45
640	3388.45
641	3388.45
642	3388.45
643	3388.45
644	3388.45
645	3388.45
646	3388.45
647	3388.45
648	3388.45
649	3388.45
650	3388.45
651	3388.45
652	3388.45
653	3388.45
654	3388.45
655	3388.45
656	3388.45
657	3388.45
658	3388.45
659	3388.45
660	3388.45
661	3388.45
662	3388.45
663	3388.45
664	3388.45
665	3388.45
666	3388.45
667	3388.45
668	3344.94
669	3344.94
670	3301.99
671	3095.36
672	2977.64
673	2977.64
674	2977.64
675	2977.64
676	3113.28
