1	252.309
2	252.309
3	252.309
4	252.309
5	231.361
6	228.37
7	227.288
8	226.288
9	218.773
10	213.32
11	211.53
12	210.477
13	207.071
14	203.308
15	200.796
16	200.829
17	203.446
18	202.802
19	201.317
20	198.32
21	199.399
22	196.075
23	196.618
24	201.905
25	202.686
26	204.506
27	209.297
28	214.119
29	215.08
30	238.744
31	252.201
32	260.474
33	263.72
34	274.04
35	296.094
36	291.375
37	296.225
38	326.724
39	333.821
40	380.161
41	406.044
42	487.442
43	541.305
44	795.768
45	860.157
46	944.868
47	1114.79
48	1205.21
49	1323.92
50	1327.28
51	1317.09
52	1484.31
53	1593.8
54	1826.55
55	1894.98
56	1849.6
57	1857.02
58	1899.02
59	1966.24
60	2292.81
61	2767.49
62	3076.51
63	3510.24
64	3747.07
65	3851.47
66	4136.51
67	4173.72
68	4396.38
69	4369.52
70	4480.55
71	4456.55
72	4455.33
73	4554.4
74	4549.64
75	4665.01
76	4902.57
77	5182.38
78	5160.64
79	5178.66
80	5138.47
81	5145.07
82	5146.77
83	5130.7
84	5219.28
85	5350.77
86	5411.65
87	5486.14
88	5480.68
89	5489.19
90	5528.52
91	5582.74
92	5576.84
93	5684.49
94	5713.09
95	5758.14
96	5825.76
97	5853.61
98	5904.1
99	5869.07
100	5783.32
101	5777.95
102	5835.3
103	5867.6
104	5997.45
105	6057.88
106	6032.09
107	6018.97
108	6043.94
109	6021.56
110	6032.16
111	6009.73
112	5950.04
113	5859.42
114	5813.78
115	5741.84
116	5683.77
117	5651.38
118	5717.46
119	5831.56
120	5850.33
121	5900.12
122	5850.87
123	5907.1
124	5952.17
125	5992.16
126	6015.11
127	6060.41
128	6119.28
129	6112.75
130	6169.64
131	6179.24
132	6207.82
133	6198.01
134	6250.98
135	6311.55
136	6320.15
137	6320.28
138	6310.39
139	6275.25
140	6293.6
141	6318.48
142	6315.36
143	6291.11
144	6223.9
145	6171.8
146	6084.85
147	6030.73
148	5988.08
149	5944.19
150	5714.26
151	5683.12
152	5563.07
153	5552
154	5557.45
155	5554.41
156	5526.85
157	5568.73
158	5581.07
159	5537.61
160	5417.08
161	5319.89
162	5232.17
163	5143.74
164	4997.36
165	4827.31
166	4677.02
167	4616.21
168	4524.33
169	4436.28
170	4388.35
171	4377.88
172	4332.08
173	4293.11
174	4262.6
175	4207.15
176	4137.69
177	4027.51
178	4006.96
179	3990.93
180	3988
181	3975.86
182	3943.17
183	3881.89
184	3847.49
185	3757.13
186	3687.72
187	3637.05
188	3638.57
189	3654.57
190	3673.16
191	3666.65
192	3643.38
193	3653.38
194	3603.31
195	3565.26
196	3449.73
197	3369.92
198	3342.19
199	3352.1
200	3338.45
201	3354.45
202	3368.11
203	3384.67
204	3401.28
205	3417.13
206	3455.18
207	3454.36
208	3483.02
209	3533.7
210	3528.29
211	3521.26
212	3505.16
213	3485.22
214	3472.8
215	3438.28
216	3439.48
217	3444.48
218	3436.97
219	3431.95
220	3426.97
221	3426.45
222	3424
223	3422.81
224	3441.84
225	3448.93
226	3425.89
227	3426.34
228	3408.98
229	3369.76
230	3331.92
231	3254.91
232	3202.19
233	3153.96
234	3117.99
235	3103.07
236	3084.39
237	3070.28
238	3047.34
239	3041.23
240	3036.51
241	3033.29
242	3028.08
243	3021.66
244	3033.38
245	3031.32
246	3007.75
247	3006.34
248	3009.81
249	3007.11
250	3004.06
251	3004.05
252	3004.16
253	3002.62
254	2999.42
255	2998.95
256	2998.23
257	2995.96
258	2988.78
259	2982.96
260	2978.16
261	2976.2
262	2986.48
263	2987.15
264	2989.44
265	2990.27
266	3012.72
267	3026.83
268	3034.38
269	3044.37
270	3046.06
271	3038.12
272	3027.02
273	3015.65
274	3002.25
275	2961.92
276	2928.54
277	2863.83
278	2829.51
279	2744.17
280	2697.43
281	2706.96
282	2707.44
283	2710.92
284	2712.93
285	2702.43
286	2695.14
287	2710.29
288	2716.84
289	2728.31
290	2731.73
291	2742.42
292	2742
293	2740.22
294	2711.62
295	2702.39
296	2700.97
297	2700.74
298	2698.97
299	2707.14
300	2700.06
301	2721.18
302	2667.11
303	2668.82
304	2548.76
305	2555.66
306	2586.42
307	2574.9
308	2580.98
309	2544.51
310	2522.27
311	2376.94
312	2375.87
313	2331.64
314	2259.73
315	2258.47
316	2254.8
317	2249.99
318	2242.53
319	2236.74
320	2229.45
321	2219
322	2188.16
323	2159.07
324	2144.98
325	2143.73
326	2177.05
327	2202.95
328	2215.67
329	2258.84
330	2287.84
331	2308.13
332	2367.77
333	2367.58
334	2380.1
335	2386.08
336	2386.37
337	2395.43
338	2395.44
339	2395.44
340	2394.42
341	2395.13
342	2395.8
343	2396.16
344	2406.09
345	2444.55
346	2473.52
347	2483.43
348	2493.03
349	2494.26
350	2493.85
351	2508.86
352	2487.19
353	2531.6
354	2480.97
355	2382.3
356	2402.96
357	2407.91
358	2409.62
359	2417.82
360	2420.7
361	2432.65
362	2425.02
363	2422.53
364	2421.74
365	2394.81
366	2413.98
367	2374.5
368	2389.37
369	2389.61
370	2403.93
371	2361.86
372	2414.03
373	2421.74
374	2421.46
375	2366.66
376	2362.94
377	2362.93
378	2362.78
379	2343.7
380	2346.97
381	2352.33
382	2360
383	2361.15
384	2365.56
385	2364.43
386	2362.65
387	2370.05
388	2363.93
389	2384.49
390	2423.62
391	2449.59
392	2450.09
393	2489.51
394	2489.36
395	2492.68
396	2507.5
397	2517.74
398	2521.26
399	2557.34
400	2572.03
401	2601.88
402	2635.13
403	2667.02
404	2690.65
405	2723.21
406	2726.07
407	2729.36
408	2749.34
409	2751.46
410	2840.88
411	2884.78
412	2884.6
413	2883.67
414	2883.46
415	2882.67
416	2883.04
417	2883.62
418	2883.62
419	2888.44
420	2886.58
421	2885.46
422	2886.28
423	2886.28
424	2894.91
425	2893.76
426	2946.47
427	2958.97
428	2991.33
429	3022.23
430	3095.62
431	3138.62
432	3174.9
433	3168.95
434	3210.84
435	3283.04
436	3343.9
437	3380.46
438	3489.58
439	3598.76
440	3665.28
441	3687.03
442	3690.59
443	3721.52
444	3753.18
445	3856.33
446	3937.21
447	3962.76
448	4046.8
449	4161
450	4198.64
451	4268.11
452	4307.05
453	4307.07
454	4307.07
455	4271.19
456	4234.4
457	4159.45
458	4052.21
459	3984.13
460	3951.27
461	3951.34
462	3952.47
463	3952.47
464	3950.37
465	3949.63
466	3946.61
467	3945.34
468	3952.21
469	3972.49
470	4022.63
471	4054.96
472	4068.49
473	4159.33
474	4217.24
475	4311.15
476	4350.93
477	4381.63
478	4426.69
479	4462.55
480	4462.55
481	4467.72
482	4523.75
483	4599.61
484	4654.78
485	4746.57
486	4799.24
487	4875.12
488	4930.24
489	4930.24
490	4930.24
491	4930.24
492	4930.24
493	4930.24
494	4930.24
495	4930.24
496	4930.24
497	4930.24
498	4930.24
499	4930.24
500	4930.24
501	4930.24
502	4930.24
503	4930.24
504	4930.24
505	4930.24
506	4930.24
507	4930.24
508	4930.24
509	4930.24
510	4930.24
511	4930.24
512	4930.24
513	4930.24
514	4968.25
515	5007.27
516	5089.81
517	5089.81
518	5215.21
519	5257.26
520	5297.55
521	5339.57
522	5339.57
523	5339.57
524	5339.57
525	5339.57
526	5339.57
527	5339.57
528	5339.57
529	5339.57
530	5339.57
531	5339.57
532	5339.57
533	5339.57
534	5339.57
535	5339.57
536	5339.57
537	5339.57
538	5339.57
539	5339.57
540	5339.57
541	5339.57
542	5339.57
543	5339.57
544	5339.57
545	5339.57
546	5339.57
547	5339.57
548	5339.57
549	5339.57
550	5339.57
551	5339.57
552	5339.57
553	5339.57
554	5339.57
555	5339.57
556	5339.57
557	5339.57
558	5339.57
559	5339.57
560	5339.57
561	5339.57
562	5339.57
563	5339.57
564	5339.57
565	5339.57
566	5339.57
567	5339.57
568	5339.57
569	5339.57
570	5339.57
571	5339.57
572	5339.57
573	5339.57
574	5339.57
575	5339.57
576	5339.57
577	5339.57
578	5339.57
579	5339.57
580	5339.57
581	5339.57
582	5339.57
583	5339.57
584	5339.57
585	5339.57
586	5339.57
587	5339.57
588	5339.57
589	5339.57
590	5277.66
591	5277.66
592	4978.72
593	4920.99
594	4863.94
595	4863.94
596	4807.54
597	4807.54
598	4751.8
599	4751.8
600	4751.8
601	4751.8
602	4751.8
603	4751.8
604	4751.8
605	4751.8
606	4751.8
607	4751.8
608	4751.8
609	4751.8
610	4751.8
611	4751.8
612	4751.8
613	4751.8
614	4751.8
615	4751.8
616	4751.8
617	4751.8
618	4751.8
619	4751.8
620	4751.8
621	4751.8
622	4751.8
623	4751.8
624	4751.8
625	4751.8
626	4751.8
627	4751.8
628	4751.8
629	4751.8
630	4751.8
631	4751.8
632	4751.8
633	4751.8
634	4751.8
635	4751.8
636	4751.8
637	4751.8
638	4751.8
639	4751.8
640	4751.8
641	4751.8
642	4751.8
643	4751.8
644	4751.8
645	4751.8
646	4751.8
647	4751.8
648	4751.8
649	4751.8
650	4751.8
651	4751.8
652	4751.8
653	4751.8
654	4751.8
655	4751.8
656	4751.8
657	4751.8
658	4751.8
659	4751.8
660	4751.8
661	4751.8
662	4751.8
663	4751.8
664	4751.8
665	4751.8
666	4751.8
667	4751.8
668	4751.8
669	4751.8
670	4751.8
671	4751.8
672	4751.8
673	4751.8
674	4751.8
675	4751.8
676	4751.8
677	4751.8
678	4751.8
679	4751.8
680	4751.8
681	4751.8
682	4936.24
