1	304.436
2	304.436
3	304.436
4	304.436
5	262.724
6	258.254
7	256.605
8	253.139
9	234.373
10	230.678
11	227.289
12	221.991
13	204.463
14	194.53
15	188.173
16	190.154
17	181.77
18	182.937
19	180.294
20	175.702
21	173.361
22	165.119
23	164.559
24	163.724
25	166.222
26	173.577
27	174.331
28	192.869
29	212.862
30	215.782
31	227.998
32	245.399
33	251.475
34	266.131
35	279.722
36	308.912
37	332.864
38	441.766
39	461.689
40	526.776
41	535.977
42	538.798
43	573.474
44	644.312
45	684.152
46	882.236
47	1035.68
48	1040.41
49	1040.17
50	1040.31
51	1234.74
52	1391.38
53	1618.02
54	1918.69
55	2250.03
56	2458.91
57	2610.83
58	2865.18
59	2909.98
60	2995.13
61	3149.3
62	3281.62
63	3349.22
64	3675.36
65	3783.68
66	3839.18
67	3931.95
68	4045.3
69	4211.36
70	4261.82
71	4272.67
72	4289.7
73	4477.18
74	4509.49
75	4558.81
76	4590.38
77	4695.65
78	4828.53
79	4925.81
80	4939.27
81	4936.2
82	5002.82
83	5060.45
84	5180.12
85	5324.79
86	5582.09
87	5658.42
88	5728.02
89	5778.9
90	5680.58
91	5540.74
92	5480.43
93	5435.32
94	5326.07
95	5348.14
96	5365.43
97	5344.92
98	5320.5
99	5264.3
100	5213.23
101	5209.9
102	5164.64
103	5163.04
104	5242.25
105	5194.71
106	5093.1
107	5125.71
108	5102.05
109	5089.28
110	5160.69
111	5203.59
112	5201.4
113	5247.22
114	5287.07
115	5324.8
116	5408.76
117	5535.69
118	5591.75
119	5580.96
120	5614.29
121	5596.03
122	5502.31
123	5433.83
124	5336.28
125	5231.9
126	5049.48
127	5024.12
128	5007.36
129	4974.69
130	5022.61
131	5014.78
132	5002.48
133	4987.12
134	4985.61
135	5053.78
136	5116.83
137	5161.03
138	5167.11
139	5117.42
140	5110.06
141	5075.79
142	5116.41
143	5134.94
144	5164.56
145	5144.78
146	5108.05
147	5058.99
148	5063.4
149	5055.75
150	5058.8
151	5002.97
152	4834.22
153	4791.73
154	4728.69
155	4702.04
156	4723.18
157	4713.96
158	4710.32
159	4675.99
160	4574.86
161	4548.76
162	4549.04
163	4567.64
164	4530.57
165	4509.77
166	4512.97
167	4507.5
168	4456.86
169	4460.94
170	4462.82
171	4445.04
172	4494.5
173	4500.54
174	4469.57
175	4435.58
176	4397.6
177	4404.52
178	4416.97
179	4407.5
180	4421.81
181	4390.8
182	4392.61
183	4366.42
184	4321.67
185	4202.48
186	4176.54
187	4118.36
188	4157.92
189	4171.56
190	4148.53
191	4138.52
192	4103.88
193	4090.5
194	4081.79
195	4107.1
196	4128.18
197	4172.49
198	4227.74
199	4248.68
200	4256
201	4240.72
202	4179.28
203	4168.66
204	4096.99
205	4007.95
206	3986.03
207	3947.92
208	3907.27
209	3858.67
210	3830.28
211	3779.62
212	3730.48
213	3662.3
214	3658.22
215	3634.32
216	3586.72
217	3589.71
218	3556.91
219	3544.37
220	3516.5
221	3444.19
222	3363.12
223	3278.92
224	3197.46
225	3137.15
226	3168.65
227	3193.38
228	3225.22
229	3198.38
230	3159.77
231	3116.58
232	3088.38
233	3109.93
234	3113.93
235	3145.01
236	3178.28
237	3188.01
238	3197.46
239	3167.54
240	3146.06
241	3127.43
242	3113.54
243	3097.9
244	3081.18
245	3068.53
246	3062.65
247	3043.72
248	3031.91
249	3022.51
250	3008.81
251	3015.85
252	3019.17
253	3090.44
254	3086.45
255	3086.01
256	3085.52
257	3092.22
258	3083.87
259	3091.36
260	3103.15
261	3118.37
262	3122.29
263	3113.03
264	3116.95
265	3112.33
266	3105.97
267	3113.78
268	3109.57
269	3100.39
270	3067.15
271	3043.53
272	3044.79
273	3043.18
274	3039.6
275	3030.91
276	3012.2
277	3001.39
278	2992.84
279	2986.23
280	2978.71
281	2994.3
282	3027.28
283	3046.27
284	3060.34
285	3156.3
286	3157.95
287	3162.85
288	3172.69
289	3173.67
290	3176.91
291	3183.15
292	3185.72
293	3191.67
294	3194.94
295	3201.15
296	3203.2
297	3212.73
298	3221.07
299	3233.98
300	3240.59
301	3213.63
302	3147.8
303	3034.72
304	2923.7
305	2887.21
306	2886.98
307	2885.21
308	2878.16
309	2875.59
310	2873.35
311	2871.91
312	2882.97
313	2882.79
314	2897.67
315	2791.56
316	2773.3
317	2722.76
318	2540.36
319	2327.59
320	2181.36
321	2140.76
322	2120.97
323	2038.92
324	2020.3
325	1972.57
326	1932.98
327	1868.24
328	1884.34
329	1867.67
330	1827.63
331	1802.17
332	1789.59
333	1740.41
334	1740.94
335	1678.46
336	1681.52
337	1686.11
338	1684.49
339	1696.41
340	1703.32
341	1703.83
342	1661.44
343	1635.04
344	1652.44
345	1623.06
346	1606.28
347	1604.5
348	1598.8
349	1592.87
350	1590.92
351	1592.58
352	1593.27
353	1593.71
354	1594.56
355	1598.22
356	1598.1
357	1610.71
358	1624.57
359	1633.89
360	1637.97
361	1637.97
362	1641.88
363	1657.82
364	1666.25
365	1674.47
366	1674.87
367	1675.05
368	1675.05
369	1675.05
370	1674.34
371	1674.46
372	1674.55
373	1673.96
374	1673.56
375	1672.2
376	1679.13
377	1691.54
378	1696.69
379	1711.18
380	1732.23
381	1765.75
382	1788.52
383	1795.67
384	1808.57
385	1820.33
386	1847.78
387	1873.78
388	1890.64
389	1922.41
390	1933.49
391	1958.79
392	1958.79
393	1959.27
394	1958.28
395	1963.41
396	1961.95
397	1980.61
398	1987.96
399	1992.52
400	2013.35
401	2027.57
402	2042.26
403	2049.96
404	2092.07
405	2092.07
406	2099.4
407	2098.97
408	2114.61
409	2127.56
410	2144.61
411	2187.54
412	2209.42
413	2223.63
414	2239.06
415	2238.65
416	2260.26
417	2282.59
418	2299.11
419	2338.8
420	2380.99
421	2430.43
422	2449.56
423	2467.72
424	2464.62
425	2466.99
426	2468.97
427	2488.91
428	2517.81
429	2523.15
430	2535.65
431	2563.08
432	2576.83
433	2581.1
434	2570.81
435	2566.84
436	2559.64
437	2558.39
438	2558.39
439	2557.66
440	2563.09
441	2570.96
442	2606.04
443	2625.23
444	2667.9
445	2724.56
446	2764.46
447	2782.83
448	2789.87
449	2798.97
450	2843.27
451	2859.88
452	2858.68
453	2873.3
454	2870.88
455	2871.67
456	2872.13
457	2879.29
458	2895.02
459	2896.68
460	2898.77
461	2900.17
462	2915.24
463	2944.74
464	2977.67
465	2977.22
466	2985.6
467	3007.63
468	3039.61
469	3132.8
470	3201.59
471	3280.96
472	3311.54
473	3321.43
474	3353.77
475	3362.47
476	3370.9
477	3316.01
478	3245.44
479	3221.63
480	3222.17
481	3206.61
482	3175.68
483	3159.54
484	3157.7
485	3170.76
486	3170.76
487	3170.76
488	3170.76
489	3101.85
490	3101.85
491	3101.85
492	3101.85
493	3101.85
494	3034.44
495	2903.98
496	2903.98
497	2872.25
498	2881.91
499	2895.87
500	2923.74
501	2966.18
502	2966.18
503	2966.18
504	2966.18
505	2979.24
506	2979.24
507	2979.24
508	2979.24
509	2979.24
510	2979.24
511	2979.24
512	2979.24
513	2979.24
514	2979.24
515	2979.24
516	2979.24
517	2979.24
518	2979.24
519	2979.24
520	2979.24
521	2979.24
522	2979.24
523	2979.24
524	2979.24
525	2979.24
526	2979.24
527	2979.24
528	2979.24
529	2979.24
530	2979.24
531	2979.24
532	2979.24
533	2979.24
534	2979.24
535	2979.24
536	2979.24
537	2979.24
538	2979.24
539	2979.24
540	2979.24
541	2979.24
542	2979.24
543	2979.24
544	2979.24
545	2979.24
546	2979.24
547	2979.24
548	2979.24
549	2979.24
550	2979.24
551	2979.24
552	2979.24
553	2979.24
554	2979.24
555	2979.24
556	2979.24
557	2979.24
558	2979.24
559	2979.24
560	2979.24
561	2979.24
562	2979.24
563	2979.24
564	2979.24
565	2908.97
566	2840.35
567	2740.45
568	2644.06
569	2644.06
570	2644.06
571	2644.06
572	2644.06
573	2644.06
574	2644.06
575	2644.06
576	2644.06
577	2644.06
578	2644.06
579	2644.06
580	2644.06
581	2644.06
582	2644.06
583	2644.06
584	2644.06
585	2644.06
586	2644.06
587	2644.06
588	2644.06
589	2498.19
590	2442.12
591	2387.31
592	2387.31
593	2387.31
594	2387.31
595	2387.31
596	2387.31
597	2360.37
598	2360.37
599	2360.37
600	2360.37
601	2360.37
602	2360.37
603	2360.37
604	2360.37
605	2360.37
606	2360.37
607	2360.37
608	2360.37
609	2360.37
610	2360.37
611	2360.37
612	2360.37
613	2360.37
614	2360.37
615	2360.37
616	2360.37
617	2360.37
618	2360.37
619	2360.37
620	2360.37
621	2360.37
622	2360.37
623	2360.37
624	2360.37
625	2360.37
626	2360.37
627	2360.37
628	2360.37
629	2360.37
630	2360.37
631	2360.37
632	2360.37
633	2360.37
634	2360.37
635	2360.37
636	2360.37
637	2360.37
638	2360.37
639	2360.37
640	2360.37
641	2360.37
642	2360.37
643	2360.37
644	2360.37
645	2360.37
646	2360.37
647	2360.37
648	2360.37
649	2360.37
650	2360.37
651	2360.37
652	2360.37
653	2360.37
654	2360.37
655	2360.37
656	2360.37
657	2360.37
658	2360.37
659	2360.37
660	2360.37
661	2360.37
662	2360.37
663	2360.37
664	2360.37
665	2360.37
666	2360.37
667	2360.37
668	2360.37
669	2360.37
670	2360.37
671	2360.37
672	2360.37
673	2360.37
674	2360.37
675	2360.37
676	2360.37
677	2360.37
678	2360.37
679	2360.37
680	2360.37
681	2360.37
682	2360.37
683	2360.37
684	2360.37
685	2360.37
686	2360.37
687	2360.37
688	2360.37
689	2360.37
690	2360.37
691	2360.37
692	2360.37
693	2360.37
694	2360.37
695	2360.37
696	2360.37
697	2360.37
698	2360.37
699	2360.37
700	2360.37
701	2360.37
702	2360.37
703	2360.37
704	2360.37
705	2360.37
706	2360.37
707	2360.37
708	2360.37
709	2360.37
710	2360.37
711	2360.37
712	2360.37
713	2360.37
714	2360.37
715	2360.37
716	2360.37
717	2360.37
718	2360.37
719	2360.37
720	2360.37
721	2360.37
722	2360.37
723	2360.37
724	2360.37
725	2360.37
726	2360.37
727	2360.37
728	2360.37
729	2360.37
730	2360.37
731	2360.37
732	2360.37
733	2360.37
734	2360.37
735	2360.37
736	2411.94
