1	378.654
2	378.654
3	378.654
4	378.654
5	317.518
6	307.517
7	296.631
8	291.743
9	236.432
10	225.67
11	216.976
12	203.549
13	199.614
14	188.909
15	183.123
16	179.581
17	172.23
18	170.659
19	166.837
20	166.351
21	168.306
22	169.191
23	170.993
24	174.024
25	176.511
26	180.895
27	183.719
28	189.256
29	191.721
30	195.32
31	200.286
32	203.814
33	204.917
34	210.088
35	216.519
36	239.275
37	265.511
38	287.6
39	299.501
40	321.325
41	366.009
42	429.811
43	493.553
44	568.238
45	726.486
46	949.477
47	1299.08
48	1925.07
49	2395.32
50	3043.31
51	3504.86
52	3821.72
53	3887.63
54	3943.14
55	4284.44
56	4369.26
57	4515.25
58	4897.05
59	4834.7
60	4768.04
61	4729.93
62	4653.12
63	4497.6
64	4601.3
65	4606.58
66	4637.87
67	4622.49
68	4636.33
69	4658.87
70	4672.36
71	4772.59
72	4850.63
73	4913.45
74	4970.87
75	4897.93
76	4855.19
77	4822.59
78	4723.82
79	4694.66
80	4648.05
81	4597.73
82	4634.86
83	4760.03
84	4766.68
85	4760.77
86	4746.68
87	4712.8
88	4746.62
89	4752.98
90	4873.99
91	5017.58
92	4994.95
93	4928.75
94	4863.75
95	4811.58
96	4767.67
97	4881.53
98	4988.67
99	5077.86
100	5187.39
101	5107.28
102	4974.14
103	4907.09
104	4876.03
105	4949.91
106	5057.19
107	5211.04
108	5196.31
109	5185.66
110	5119.73
111	5114.42
112	5126.15
113	5118.3
114	5047.82
115	4990.97
116	4982.46
117	4905.13
118	4850.37
119	4808.11
120	4764.49
121	4674.07
122	4665.14
123	4693.57
124	4752.8
125	4824.04
126	4795.76
127	4769.59
128	4773.86
129	4780.28
130	4714.22
131	4686.54
132	4620.18
133	4568.01
134	4535.93
135	4559.12
136	4609.33
137	4641.17
138	4642.31
139	4778.76
140	4805.75
141	4834.38
142	4878.68
143	4902.21
144	4945.79
145	4938.65
146	4962.58
147	4890.95
148	4811.06
149	4759.61
150	4739.65
151	4669.85
152	4570.97
153	4513.94
154	4534.94
155	4493.73
156	4514.54
157	4517.77
158	4568.55
159	4644.15
160	4646.64
161	4761.85
162	4801.83
163	4785.54
164	4811.53
165	4800.34
166	4777.39
167	4728.55
168	4717.67
169	4683.31
170	4656.73
171	4626.97
172	4588.57
173	4555.73
174	4439.72
175	4404.93
176	4339.37
177	4190.36
178	3979.05
179	3915.44
180	3851.78
181	3769.34
182	3765.34
183	3731.87
184	3735.58
185	3734.63
186	3743.98
187	3733.77
188	3742.36
189	3752.57
190	3797.77
191	3817.39
192	3815.36
193	3790.87
194	3752.73
195	3749.97
196	3760.24
197	3702.96
198	3713.89
199	3743.07
200	3748.12
201	3742.1
202	3755.82
203	3787.45
204	3761.2
205	3711.19
206	3643.5
207	3593.5
208	3541.74
209	3549.11
210	3573.92
211	3613.19
212	3657.95
213	3665.15
214	3648.94
215	3649.79
216	3655.87
217	3669.86
218	3680.4
219	3675.39
220	3676.73
221	3679.6
222	3650.09
223	3566.75
224	3542.88
225	3523.17
226	3554.8
227	3571.52
228	3598.47
229	3614.73
230	3641.27
231	3628.48
232	3650.62
233	3664.83
234	3691.26
235	3715.27
236	3691.7
237	3714.23
238	3754.05
239	3748.37
240	3735.86
241	3707.7
242	3681.07
243	3658.19
244	3653.68
245	3657.72
246	3672.25
247	3695.53
248	3697.63
249	3702.67
250	3726.5
251	3759.04
252	3762.01
253	3763.48
254	3769.24
255	3802.22
256	3815.53
257	3826.68
258	3849.91
259	3885.66
260	3906.22
261	3899.98
262	3880.17
263	3896.24
264	3925.78
265	3921.42
266	3924.83
267	3910.99
268	3897.65
269	3886.87
270	3874.94
271	3858.85
272	3857.55
273	3857.26
274	3867.58
275	3770.98
276	3498.62
277	3414.96
278	3418.96
279	3418.09
280	3439.15
281	3445.87
282	3445.96
283	3444.29
284	3442.99
285	3441.45
286	3441.39
287	3459.51
288	3464.03
289	3471.72
290	3475.47
291	3480.31
292	3481.24
293	3485.54
294	3485.54
295	3485.8
296	3486.43
297	3486.13
298	3486.05
299	3486.12
300	3485.1
301	3483.98
302	3483.98
303	3485.58
304	3486.83
305	3465.69
306	3461.74
307	3436.12
308	3429.9
309	3422.9
310	3425.13
311	3388.91
312	3410.43
313	3423.71
314	3397.89
315	3382.19
316	3253.61
317	3187.47
318	3202.36
319	3216.88
320	3196.56
321	3204.07
322	3167.06
323	3173.32
324	3170.23
325	3181.47
326	3187.52
327	3193.24
328	3191.78
329	3216.7
330	3243.36
331	3273.25
332	3318.8
333	3351.1
334	3387.73
335	3396.4
336	3412.73
337	3435.58
338	3447.08
339	3448.61
340	3456.37
341	3458.39
342	3459.11
343	3459.11
344	3454.94
345	3469.35
346	3492.33
347	3548.91
348	3566.51
349	3593.93
350	3593.24
351	3593.38
352	3596.03
353	3597.91
354	3598.4
355	3598.9
356	3599.33
357	3599.15
358	3600.96
359	3638.22
360	3638.6
361	3641.78
362	3642.43
363	3697.41
364	3729.74
365	3738.93
366	3744.94
367	3761.27
368	3779.61
369	3783.62
370	3813.51
371	3832.75
372	3849.57
373	3842.87
374	3873.94
375	3884.62
376	3856.89
377	3889.38
378	3910.68
379	3931.55
380	3946.95
381	3965.68
382	3965.76
383	3990.47
384	4020.42
385	4029.73
386	4058.22
387	4059.11
388	4057.33
389	4055.04
390	4065.98
391	4078.7
392	4078.7
393	4091.73
394	4096.48
395	4134.57
396	4184.28
397	4203.69
398	4201.61
399	4241.44
400	4265.02
401	4256.26
402	4292.99
403	4328.6
404	4362.17
405	4237.48
406	4200.33
407	4112.24
408	4027.32
409	3984.35
410	3815.55
411	3696.85
412	3615.42
413	3616.62
414	3627.61
415	3629.67
416	3623.81
417	3585.67
418	3587.15
419	3574.92
420	3564.03
421	3547.35
422	3549.44
423	3562.16
424	3571.48
425	3582.59
426	3582.39
427	3585.12
428	3584.3
429	3583.74
430	3583.74
431	3584.12
432	3585.29
433	3585.02
434	3584.79
435	3589.65
436	3619.11
437	3646.69
438	3660.58
439	3727.4
440	3780.8
441	3825.67
442	3888.59
443	3913.95
444	3953.2
445	3978.06
446	3990.16
447	3984.39
448	3980.8
449	3969.22
450	3985.11
451	4002.74
452	4031.9
453	4074.08
454	4104.76
455	4156.83
456	4259.21
457	4325.58
458	4356.97
459	4390.77
460	4435.76
461	4452.17
462	4484.82
463	4567.46
464	4614.05
465	4638.53
466	4701.99
467	4785.12
468	4841.47
469	4913.21
470	5057.38
471	5122.88
472	5247.52
473	5340.29
474	5434.74
475	5477.52
476	5503.1
477	5556.84
478	5585.51
479	5631.19
480	5705.95
481	5757.99
482	5788.08
483	5814.45
484	5814.45
485	5814.45
486	5814.45
487	5828.08
488	5828.08
489	5828.08
490	5828.08
491	5828.08
492	5828.08
493	5828.08
494	5828.08
495	5828.08
496	5828.08
497	5828.08
498	5828.08
499	5828.08
500	5828.08
501	5828.08
502	5828.08
503	5828.08
504	5828.08
505	5828.08
506	5828.08
507	5828.08
508	5828.08
509	5828.08
510	5828.08
511	5828.08
512	5828.08
513	5828.08
514	5828.08
515	5828.08
516	5828.08
517	5828.08
518	5828.08
519	5828.08
520	5828.08
521	5828.08
522	5828.08
523	5828.08
524	5828.08
525	5828.08
526	5828.08
527	5828.08
528	5828.08
529	5828.08
530	5828.08
531	5828.08
532	5828.08
533	5828.08
534	5828.08
535	5828.08
536	5828.08
537	5828.08
538	5828.08
539	5828.08
540	5828.08
541	5828.08
542	5828.08
543	5828.08
544	5828.08
545	5828.08
546	5828.08
547	5828.08
548	5828.08
549	5828.08
550	5828.08
551	5828.08
552	5828.08
553	5828.08
554	5828.08
555	5828.08
556	5828.08
557	5828.08
558	5828.08
559	5828.08
560	5828.08
561	5828.08
562	5828.08
563	5828.08
564	5828.08
565	5828.08
566	5828.08
567	5828.08
568	5828.08
569	5828.08
570	5828.08
571	5828.08
572	5828.08
573	5828.08
574	5828.08
575	5828.08
576	5828.08
577	5828.08
578	5828.08
579	5828.08
580	5828.08
581	5828.08
582	5828.08
583	5828.08
584	5828.08
585	5828.08
586	5828.08
587	5828.08
588	5828.08
589	5828.08
590	5828.08
591	5828.08
592	5828.08
593	5828.08
594	5828.08
595	5828.08
596	5828.08
597	5828.08
598	5828.08
599	5828.08
600	5828.08
601	5828.08
602	5828.08
603	5828.08
604	5828.08
605	5828.08
606	5828.08
607	5828.08
608	5828.08
609	5828.08
610	5828.08
611	5828.08
612	5828.08
613	5828.08
614	5828.08
615	5828.08
616	5828.08
617	5828.08
618	5828.08
619	5828.08
620	5828.08
621	5828.08
622	5828.08
623	5828.08
624	5828.08
625	5828.08
626	5828.08
627	5828.08
628	5828.08
629	5828.08
630	5828.08
631	5828.08
632	5828.08
633	5828.08
634	5828.08
635	5828.08
636	5828.08
637	5828.08
638	5828.08
639	5828.08
640	5828.08
641	5828.08
642	5828.08
643	5828.08
644	5828.08
645	5828.08
646	5828.08
647	5828.08
648	5828.08
649	5828.08
650	5828.08
651	5828.08
652	5828.08
653	5828.08
654	5828.08
655	5828.08
656	5828.08
657	5828.08
658	5828.08
659	5828.08
660	5828.08
661	5828.08
662	5828.08
663	5828.08
664	5828.08
665	5828.08
666	5828.08
667	5828.08
668	5828.08
669	5828.08
670	5484.25
671	5223.84
672	5160.7
673	5160.7
674	5160.7
675	5160.7
676	5340.49
