1	302.518
2	302.518
3	302.518
4	302.518
5	294.189
6	291.047
7	290.417
8	283.26
9	263.585
10	256.758
11	250.319
12	244.98
13	214.38
14	207.673
15	204.592
16	194.307
17	184.878
18	182.612
19	182.357
20	179.687
21	183.395
22	186.306
23	185.859
24	183.451
25	188.841
26	189.002
27	189.153
28	197.832
29	199.698
30	203.287
31	201.298
32	212.354
33	219.51
34	244.436
35	259.714
36	269.722
37	321.293
38	338.601
39	352.468
40	386.658
41	411.587
42	460.827
43	516.774
44	565.586
45	708.356
46	809.513
47	1087.2
48	1584.82
49	1902.38
50	2099.65
51	2132.3
52	2453.98
53	2698.23
54	2945.96
55	3360.43
56	3642.23
57	3955.14
58	4013.69
59	4129.12
60	4500.88
61	4525.01
62	4468.69
63	4475.91
64	4557.95
65	4710.5
66	5021.68
67	5264.99
68	5360.2
69	5438.07
70	5600.89
71	5747.71
72	5713.14
73	5836.77
74	5904.2
75	6057.48
76	6304.92
77	6401.1
78	6435.09
79	6431.8
80	6469.03
81	6488.74
82	6538.04
83	6487.82
84	6519.99
85	6471.69
86	6448.28
87	6369.61
88	6394.64
89	6415.86
90	6384.18
91	6267.5
92	6282.72
93	6346.89
94	6384.21
95	6344.17
96	6284.33
97	6156.51
98	6088.28
99	5986.94
100	5858.83
101	5850.82
102	5779.22
103	5701.37
104	5688.6
105	5707.9
106	5670.62
107	5621.22
108	5572.78
109	5539.69
110	5618.74
111	5680.42
112	5674.36
113	5722.37
114	5715.42
115	5647.3
116	5646.59
117	5611.21
118	5609.95
119	5627.88
120	5621.95
121	5544.07
122	5527.03
123	5542.06
124	5547.62
125	5527.5
126	5586.52
127	5571.94
128	5570.95
129	5543.73
130	5550.38
131	5493.84
132	5471.3
133	5529.12
134	5648.84
135	5665.9
136	5738.19
137	5744.55
138	5720.05
139	5650.47
140	5649.6
141	5597.8
142	5639.95
143	5659.55
144	5632.42
145	5550.17
146	5364.32
147	5297.12
148	5217.45
149	5098.42
150	5060.49
151	5038.01
152	5040.33
153	5077.15
154	5099.39
155	5095.19
156	5021.67
157	5014.24
158	5011.49
159	4980.85
160	4905.35
161	4850.16
162	4814.82
163	4739.15
164	4656.77
165	4607.95
166	4597.65
167	4597.19
168	4562.16
169	4522.17
170	4584.71
171	4587.17
172	4626
173	4452.69
174	4424.2
175	4375.84
176	4353.4
177	4283.14
178	4265.43
179	4164.61
180	4115.25
181	4115.34
182	4047.14
183	3999.03
184	3919.09
185	3875.43
186	3859.33
187	3837.95
188	3829.87
189	3808.34
190	3812.88
191	3813.53
192	3794.22
193	3764.63
194	3737.66
195	3689.35
196	3708.71
197	3693.76
198	3704.91
199	3708.3
200	3721.27
201	3684.59
202	3654.89
203	3659.63
204	3662.05
205	3633.03
206	3599.05
207	3583.29
208	3589.13
209	3590
210	3602.12
211	3635.97
212	3721.86
213	3748.31
214	3767.48
215	3767.52
216	3752.07
217	3738.06
218	3710.59
219	3668.46
220	3609.38
221	3578.39
222	3552.14
223	3543.08
224	3489.2
225	3467.86
226	3428.36
227	3411.43
228	3431.87
229	3436.46
230	3417.34
231	3400.78
232	3397.05
233	3340.27
234	3309.12
235	3269.11
236	3229.77
237	3208.92
238	3171.95
239	3198.9
240	3174.81
241	3212.71
242	3185.2
243	3178.83
244	3194.21
245	3207.48
246	3211.86
247	3214.76
248	3217.36
249	3218.25
250	3203.93
251	3200.81
252	3202.38
253	3238.19
254	3246.19
255	3251.88
256	3276.52
257	3286.54
258	3285.16
259	3283.7
260	3306.81
261	3344.43
262	3376.24
263	3402.75
264	3406.66
265	3406.26
266	3415.57
267	3408.25
268	3215.27
269	3024.48
270	2941.22
271	2937.87
272	2962.7
273	3005.4
274	2992.47
275	3001.76
276	2992.03
277	2984.87
278	2983.77
279	2979.94
280	2984.17
281	2984.22
282	2982.65
283	2981.63
284	2974.12
285	2936.69
286	2859.13
287	2676.65
288	2674.34
289	2554.71
290	2519.22
291	2388.31
292	2367.35
293	2336.96
294	2335.01
295	2343.6
296	2366.19
297	2387.26
298	2389.95
299	2389.95
300	2383.57
301	2379.76
302	2378.5
303	2377.74
304	2375.95
305	2374.95
306	2374.47
307	2374.51
308	2374.51
309	2387.27
310	2391.64
311	2396.38
312	2396.38
313	2341.4
314	2348.44
315	2357.64
316	2283.23
317	2073.62
318	1956.06
319	1913.38
320	1869.17
321	1823.75
322	1772.31
323	1690.7
324	1660.19
325	1656.77
326	1654.42
327	1654.83
328	1659.31
329	1659.5
330	1662.83
331	1664.2
332	1664.47
333	1669.8
334	1672.3
335	1670.35
336	1670.93
337	1663.39
338	1663.7
339	1667.07
340	1671.65
341	1678.99
342	1675.7
343	1676.57
344	1678.51
345	1679.59
346	1685.7
347	1702.14
348	1707.67
349	1715.59
350	1715.37
351	1718.45
352	1718.06
353	1719.65
354	1717.06
355	1719.16
356	1719.2
357	1720.74
358	1725.33
359	1730.15
360	1731.05
361	1731.59
362	1738.79
363	1745.73
364	1765.97
365	1793.43
366	1814.01
367	1833.92
368	1837.81
369	1858.3
370	1858.64
371	1851.93
372	1851.83
373	1889.74
374	1899.47
375	1932.7
376	1978.42
377	1982.55
378	2007.71
379	2006.49
380	2012.34
381	2026.41
382	2048.9
383	2049.77
384	2066.32
385	2071.52
386	2068.88
387	2064.22
388	2061.09
389	2045.29
390	2033.1
391	2019.71
392	2011.39
393	2009.03
394	2004.95
395	2002.09
396	2003.34
397	2005.25
398	2022.66
399	2027.55
400	2006.48
401	2007.84
402	2044.05
403	2036.49
404	2031.03
405	2069.79
406	2125.57
407	2144.21
408	2165.75
409	2175.94
410	2177.97
411	2183.63
412	2208.42
413	2218.36
414	2229.05
415	2245.55
416	2260.7
417	2293
418	2320.42
419	2367.78
420	2387.37
421	2433.38
422	2457.95
423	2464.38
424	2470.47
425	2477.38
426	2488.72
427	2546.14
428	2587.28
429	2629.78
430	2713.59
431	2747.45
432	2760.87
433	2759.96
434	2759.12
435	2758.4
436	2758.04
437	2763.22
438	2765.06
439	2770.08
440	2774.47
441	2780.25
442	2789.28
443	2816.55
444	2856.89
445	2863.9
446	2855.45
447	2919.29
448	2904.92
449	2977.01
450	3003.26
451	3022.94
452	3056.87
453	3101.25
454	3150.52
455	3188.96
456	3201.44
457	3230.87
458	3312.57
459	3362.83
460	3440.25
461	3482.17
462	3505.05
463	3562.62
464	3575.31
465	3604.83
466	3644.35
467	3705.17
468	3755.41
469	3834.49
470	3971.89
471	4134.5
472	4207.15
473	4275.82
474	4290.9
475	4356.03
476	4357
477	4399.26
478	4404.69
479	4405.37
480	4405.12
481	4496.69
482	4592.02
483	4651.43
484	4716.58
485	4733.74
486	4733.74
487	4733.74
488	4733.74
489	4733.74
490	4733.74
491	4764.89
492	4764.89
493	4856.37
494	4920.43
495	4920.43
496	5048.3
497	5048.3
498	5048.3
499	5048.3
500	5048.3
501	5048.3
502	5048.3
503	5048.3
504	5048.3
505	5048.3
506	5048.3
507	5048.3
508	5048.3
509	5048.3
510	5048.3
511	5048.3
512	5048.3
513	5048.3
514	5048.3
515	5048.3
516	5048.3
517	5048.3
518	5048.3
519	5048.3
520	5048.3
521	5048.3
522	5048.3
523	5048.3
524	5048.3
525	5048.3
526	5048.3
527	5048.3
528	5048.3
529	5048.3
530	5048.3
531	5048.3
532	5048.3
533	5048.3
534	5048.3
535	5048.3
536	5048.3
537	5048.3
538	5048.3
539	5048.3
540	5048.3
541	5048.3
542	5048.3
543	5048.3
544	5048.3
545	5048.3
546	5048.3
547	5048.3
548	5048.3
549	5048.3
550	5048.3
551	5048.3
552	5048.3
553	5048.3
554	5048.3
555	5048.3
556	5048.3
557	5048.3
558	5048.3
559	5048.3
560	5048.3
561	5048.3
562	5048.3
563	5048.3
564	5048.3
565	5048.3
566	5048.3
567	5048.3
568	5048.3
569	5048.3
570	5048.3
571	5048.3
572	5048.3
573	5048.3
574	5048.3
575	5048.3
576	5048.3
577	5048.3
578	5048.3
579	5048.3
580	5048.3
581	5048.3
582	5048.3
583	5048.3
584	5048.3
585	5048.3
586	5048.3
587	5048.3
588	5048.3
589	5048.3
590	5048.3
591	5048.3
592	5048.3
593	5048.3
594	5048.3
595	5048.3
596	5048.3
597	5048.3
598	5048.3
599	5048.3
600	5048.3
601	5048.3
602	5048.3
603	5048.3
604	5048.3
605	5048.3
606	5048.3
607	5048.3
608	5048.3
609	5048.3
610	5048.3
611	5048.3
612	5048.3
613	5048.3
614	5048.3
615	5048.3
616	5048.3
617	5048.3
618	5048.3
619	5048.3
620	5048.3
621	5048.3
622	5048.3
623	5048.3
624	5048.3
625	5048.3
626	5048.3
627	5048.3
628	5048.3
629	5048.3
630	5048.3
631	5048.3
632	5048.3
633	5048.3
634	5048.3
635	5048.3
636	5048.3
637	5048.3
638	5048.3
639	5048.3
640	5048.3
641	5048.3
642	5048.3
643	5048.3
644	5048.3
645	5048.3
646	5048.3
647	5048.3
648	5048.3
649	5048.3
650	5048.3
651	5048.3
652	5048.3
653	5048.3
654	5048.3
655	5048.3
656	5048.3
657	5048.3
658	5048.3
659	5048.3
660	5048.3
661	5048.3
662	5048.3
663	5048.3
664	5048.3
665	5048.3
666	5048.3
667	5048.3
668	5048.3
669	5048.3
670	5048.3
671	5048.3
672	4925.16
673	4864.72
674	4630.28
675	4573.46
676	4517.34
677	4517.34
678	4461.9
679	4461.9
680	4461.9
681	4461.9
682	4675.83
