1	203.368
2	203.368
3	203.368
4	203.368
5	211.165
6	212.459
7	212.346
8	212.36
9	214.032
10	212.216
11	213.979
12	214.666
13	217.226
14	220.081
15	218.993
16	217.197
17	214.989
18	213.614
19	211.629
20	206.994
21	203.765
22	200.492
23	192.892
24	192.33
25	192.976
26	193.061
27	194.111
28	196.849
29	194.958
30	196.703
31	204.338
32	205.603
33	205.982
34	205.3
35	217.647
36	224.03
37	238.039
38	240.054
39	242.679
40	261.029
41	270.899
42	277.532
43	275.541
44	278.8
45	339.306
46	382.581
47	554.583
48	558.633
49	705.194
50	869.151
51	1132.09
52	1440.79
53	2170.49
54	2899.37
55	3498.47
56	3986
57	4439.78
58	5087.57
59	5914.43
60	6105.11
61	6468.2
62	7137.28
63	7242.46
64	7382.12
65	7291.45
66	7361.04
67	7480.5
68	7656.52
69	7871.84
70	7986.3
71	7994.89
72	8049.57
73	8131.82
74	8071.28
75	7961.15
76	7842.02
77	7686.54
78	7599.47
79	7560.71
80	7571.82
81	7520.2
82	7656.95
83	7805.59
84	7867.59
85	7851.18
86	7811.84
87	7782.48
88	7783.05
89	7732.32
90	7701.28
91	7742.44
92	7862.86
93	7907.22
94	8101.04
95	8349.78
96	8280.91
97	8320.44
98	8313.33
99	8175.47
100	8075.34
101	8008.91
102	7971.75
103	8022.22
104	8050.16
105	8147.92
106	8240.63
107	8356.2
108	8308.01
109	8418.61
110	8473.21
111	8331.2
112	8226.23
113	8178.73
114	8273.15
115	8247.57
116	8026.33
117	8020.71
118	8006.43
119	7997.6
120	8147.35
121	8270.41
122	8368.94
123	8465.48
124	8307.97
125	8228.07
126	8038.39
127	7932.19
128	7895.61
129	7928.54
130	7998.65
131	8036.39
132	8068.45
133	8160.73
134	8313.14
135	8439.69
136	8572.33
137	8594.35
138	8585.14
139	8551.18
140	8544.41
141	8411.69
142	8306
143	8171.6
144	7996.67
145	7903.63
146	7819.18
147	7783.66
148	7668.74
149	7575.55
150	7517.42
151	7559.96
152	7620.24
153	7691.65
154	7648.22
155	7587.93
156	7486.11
157	7467.67
158	7413.25
159	7412.39
160	7396.49
161	7333.37
162	7302.06
163	7322.34
164	7279.15
165	7248.69
166	7276.62
167	7226.26
168	7116.57
169	7063.94
170	6742.16
171	6683.3
172	6657.12
173	6747.86
174	6841.86
175	6817.05
176	6798.46
177	6793.43
178	6754.68
179	6712.15
180	6675.95
181	6697.47
182	6692.98
183	6647.56
184	6649.64
185	6527.45
186	6357.83
187	6370.9
188	6180.9
189	5847.02
190	5756.71
191	5634.06
192	5629.41
193	5713.58
194	5772.9
195	5769.52
196	5773.2
197	5783.83
198	5799.21
199	5794.29
200	5755.76
201	5725.09
202	5614.51
203	5457.37
204	5332.99
205	5270.53
206	5200.42
207	5186.27
208	5169.1
209	5173.55
210	5137.59
211	5052.73
212	5012.39
213	4962.12
214	4833.8
215	4577.27
216	4471.53
217	4276.12
218	4178.62
219	4096.21
220	3886.08
221	3640.58
222	3581.66
223	3564.9
224	3524.74
225	3550.18
226	3559.45
227	3547.68
228	3519.82
229	3476.97
230	3379.74
231	3264.28
232	3256.56
233	3235.48
234	3193.2
235	3181.14
236	3174.24
237	3156.85
238	3189.77
239	3193.41
240	3188.42
241	3208.66
242	3259.96
243	3293.73
244	3263.01
245	3191.07
246	3183.21
247	3162.61
248	3142.13
249	3127.76
250	3114.61
251	3104.65
252	3089.18
253	3077.58
254	3073.7
255	3065.79
256	3050.48
257	3044.81
258	3042
259	3035.08
260	3035.08
261	3033.9
262	3033.14
263	3032.95
264	3031.18
265	3026.93
266	3026
267	3021.79
268	3024.91
269	3020.53
270	3019.22
271	3018.4
272	3040.68
273	3067.73
274	3064.48
275	3104.09
276	3148.48
277	3147.21
278	3150.61
279	3142.04
280	3134.51
281	3138.08
282	3124.78
283	3103.03
284	3104.43
285	3104.11
286	3103.98
287	3104.45
288	3112.2
289	3109.67
290	3109.67
291	3145.61
292	3174.58
293	3179.5
294	3171.45
295	3167.15
296	3174.24
297	3164.92
298	3159.59
299	3154.07
300	3150.48
301	3139.92
302	3100.28
303	3026.99
304	2965.39
305	2878.98
306	2877.64
307	2688.94
308	2625.06
309	2565.57
310	2514.17
311	2370.09
312	2301.25
313	2290.12
314	2290.12
315	2290.42
316	2170.82
317	1983.06
318	1863.25
319	1819.17
320	1816.54
321	1784.57
322	1758.17
323	1687.88
324	1682.6
325	1677.93
326	1670.82
327	1605.17
328	1542.54
329	1467.55
330	1315.9
331	1275.56
332	1274.45
333	1256.81
334	1256.67
335	1226.74
336	1194.98
337	1164.33
338	1169.62
339	1164.12
340	1156.19
341	1172.38
342	1103.31
343	1094.46
344	1107.26
345	1109.05
346	1109.34
347	1109.56
348	1109.95
349	1096.91
350	1084.77
351	1072.11
352	1047.8
353	1037.22
354	1015.56
355	993.507
356	1002.33
357	1016.08
358	1012.81
359	996.815
360	975.553
361	948.82
362	850.337
363	831.301
364	820.991
365	820.991
366	823.112
367	823.591
368	794.133
369	765.756
370	737.741
371	727.741
372	725.668
373	724.781
374	724.781
375	724.593
376	723.852
377	723.122
378	722.69
379	722.558
380	722.558
381	722.608
382	724.203
383	727.617
384	719.127
385	722.3
386	725.141
387	727.405
388	703.952
389	690.545
390	676.798
391	669.094
392	675.939
393	675.731
394	677.837
395	677.793
396	679.531
397	685.474
398	685.733
399	690.12
400	694.967
401	696.833
402	697.333
403	698.597
404	701.012
405	701.64
406	701.682
407	704.03
408	704.03
409	704.256
410	705.919
411	706.391
412	706.676
413	707.083
414	707.095
415	707.045
416	706.924
417	710.199
418	702.853
419	698.2
420	698.823
421	706.984
422	711.565
423	717.504
424	722.314
425	728.332
426	731.468
427	735.982
428	739.012
429	733.52
430	739.568
431	732.648
432	711.584
433	712.749
434	711.523
435	699.253
436	698.315
437	713.06
438	720.012
439	725.92
440	733.984
441	735.709
442	735.709
443	739.133
444	743.25
445	742.932
446	749.459
447	753.434
448	753.498
449	753.664
450	756.767
451	758.138
452	765.525
453	768.567
454	769.854
455	777.865
456	793.854
457	793.854
458	803.697
459	806.808
460	814.856
461	827.869
462	829.481
463	836.148
464	842.07
465	845.117
466	847.032
467	847.032
468	846.959
469	846.959
470	851.43
471	865.247
472	874.884
473	884.176
474	884.872
475	885.147
476	890.013
477	894.544
478	894.612
479	897.77
480	907.601
481	918.379
482	937.417
483	938.445
484	953.672
485	975.685
486	984.732
487	1003.83
488	1005.09
489	1005.09
490	1005.09
491	1005.09
492	1005.09
493	1005.09
494	1005.09
495	1005.09
496	1005.09
497	1005.09
498	1005.09
499	1005.09
500	1005.09
501	1005.09
502	1005.09
503	1005.09
504	1005.09
505	1005.09
506	1005.09
507	1005.09
508	1005.09
509	1005.09
510	1005.09
511	1005.09
512	1005.09
513	1005.09
514	1005.09
515	1005.09
516	1005.09
517	1005.09
518	1005.09
519	1005.09
520	1005.09
521	1005.09
522	1005.09
523	1005.09
524	1005.09
525	1005.09
526	1005.09
527	1005.09
528	1005.09
529	1005.09
530	1005.09
531	1005.09
532	1005.09
533	1005.09
534	1005.09
535	1005.09
536	1005.09
537	1005.09
538	1005.09
539	1005.09
540	1005.09
541	969.419
542	969.419
543	935.013
544	923.819
545	912.758
546	901.829
547	901.829
548	891.032
549	891.032
550	891.032
551	891.032
552	891.032
553	891.032
554	891.032
555	891.032
556	891.032
557	891.032
558	891.032
559	891.032
560	891.032
561	891.032
562	891.032
563	891.032
564	891.032
565	891.032
566	891.032
567	891.032
568	891.032
569	891.032
570	891.032
571	891.032
572	891.032
573	891.032
574	891.032
575	891.032
576	869.564
577	838.329
578	828.169
579	798.421
580	788.744
581	788.744
582	788.744
583	788.744
584	788.744
585	788.744
586	788.744
587	788.744
588	788.744
589	788.744
590	788.744
591	788.744
592	788.744
593	788.744
594	788.744
595	788.744
596	788.744
597	788.744
598	788.744
599	788.744
600	788.744
601	788.744
602	788.744
603	788.744
604	788.744
605	788.744
606	788.744
607	788.744
608	760.046
609	732.392
610	714.517
611	705.744
612	697.079
613	697.079
614	697.079
615	697.079
616	697.079
617	697.079
618	697.079
619	697.079
620	697.079
621	697.079
622	697.079
623	697.079
624	697.079
625	697.079
626	697.079
627	697.079
628	697.079
629	697.079
630	697.079
631	697.079
632	697.079
633	697.079
634	697.079
635	697.079
636	697.079
637	697.079
638	697.079
639	697.079
640	697.079
641	697.079
642	697.079
643	646.326
644	622.353
645	614.561
646	614.561
647	614.561
648	614.561
649	614.561
650	614.561
651	614.561
652	614.561
653	614.561
654	614.561
655	614.561
656	614.561
657	614.561
658	614.561
659	614.561
660	614.561
661	614.561
662	614.561
663	614.561
664	614.561
665	614.561
666	614.561
667	614.561
668	614.561
669	614.561
670	614.561
671	614.561
672	614.561
673	614.561
674	614.561
675	614.561
676	614.561
677	614.561
678	614.561
679	614.561
680	614.561
681	614.561
682	614.561
683	614.561
684	614.561
685	614.561
686	614.561
687	614.561
688	614.561
689	614.561
690	614.561
691	614.561
692	614.561
693	614.561
694	614.561
695	614.561
696	614.561
697	614.561
698	614.561
699	614.561
700	614.561
701	614.561
702	614.561
703	614.561
704	614.561
705	614.561
706	614.561
707	614.561
708	614.561
709	614.561
710	614.561
711	614.561
712	614.561
713	614.561
714	614.561
715	614.561
716	614.561
717	614.561
718	614.561
719	614.561
720	614.561
721	614.561
722	614.561
723	614.561
724	614.561
725	614.561
726	614.561
727	614.561
728	614.561
729	614.561
730	614.561
731	614.561
732	614.561
733	614.561
734	614.561
735	614.561
736	612.522
