1	294.997
2	294.997
3	294.997
4	294.997
5	254.661
6	252.824
7	251.835
8	251.141
9	245.16
10	235.886
11	228.275
12	222.981
13	218.379
14	212.839
15	211.842
16	212.377
17	206.269
18	202.788
19	198.689
20	195.913
21	197.549
22	196.825
23	194.883
24	192.642
25	186.623
26	183.224
27	177.894
28	179.552
29	178.348
30	182.21
31	183.494
32	184.213
33	185.08
34	185.506
35	192.083
36	199.881
37	203.838
38	212.281
39	223.843
40	229.081
41	235.569
42	320.106
43	377.936
44	506.722
45	616.882
46	797.341
47	1108.29
48	1205.73
49	1468.16
50	1688.7
51	2438.83
52	2838.87
53	3934.87
54	4119.37
55	4311.19
56	4393.05
57	4325.65
58	4334.22
59	4360.98
60	4370.22
61	4345.5
62	4270.28
63	4346.35
64	4484.74
65	4647.33
66	4691.44
67	4978.03
68	4923.95
69	4943.96
70	4971.97
71	5006.14
72	5012.48
73	4969.58
74	4927.63
75	4867.25
76	4865.83
77	5004.74
78	5008.19
79	5008.98
80	5090.88
81	5070.88
82	5110.14
83	5128.4
84	5206.6
85	5224.95
86	5244.6
87	5318.35
88	5230.35
89	5249.64
90	5285.75
91	5290.72
92	5377.18
93	5363.12
94	5278.54
95	5253.24
96	5239.62
97	5270.72
98	5232.32
99	5226.76
100	5234.75
101	5238.36
102	5220.49
103	5215.13
104	5204.08
105	5209.35
106	5255.63
107	5250.25
108	5282.66
109	5348.31
110	5456.6
111	5511.67
112	5598.11
113	5680.11
114	5776.02
115	5751.61
116	5616.59
117	5499.72
118	5399.54
119	5389.79
120	5347.44
121	5288.59
122	5236.64
123	5148.94
124	5137.3
125	5129.51
126	5130.42
127	5190.88
128	5268.74
129	5301.8
130	5327.36
131	5322.93
132	5311.49
133	5264.5
134	5192.67
135	5183.28
136	5152.21
137	5156.8
138	5154.87
139	5161.59
140	5190.29
141	5189.65
142	5204.99
143	5203.66
144	5164.13
145	5158.07
146	5158.96
147	5156.47
148	5123.42
149	5088.66
150	5033.08
151	5033.38
152	5077.07
153	5015.41
154	5008.31
155	4998.2
156	5028.09
157	5077.35
158	5093.29
159	5095.74
160	5088.4
161	5115.12
162	5100.8
163	5104.48
164	5140.18
165	5210.19
166	5288.61
167	5307.89
168	5381.31
169	5405.93
170	5414.24
171	5447.35
172	5436.81
173	5399.42
174	5338.37
175	5275.89
176	5214.66
177	5178.87
178	5168.94
179	5199.09
180	5235.52
181	5222.68
182	5201.76
183	5134.18
184	5107.19
185	5027.28
186	4994.22
187	4912.01
188	4871.4
189	4834.32
190	4787.69
191	4689.87
192	4589.04
193	4528.34
194	4525.46
195	4214.77
196	4138.61
197	4139.32
198	4162.66
199	4165.21
200	4181.69
201	4181.9
202	4140.94
203	4044.77
204	3994.62
205	3973.22
206	3958.03
207	3860.79
208	3869.12
209	3893.16
210	3901.86
211	3938.91
212	3960.75
213	3944.77
214	3944.48
215	3925.63
216	3907.34
217	3871.01
218	3882.82
219	3834.04
220	3764.44
221	3668.92
222	3583.98
223	3523.31
224	3465.15
225	3379.08
226	3379.37
227	3385.97
228	3427.28
229	3423.49
230	3459.47
231	3471.01
232	3504.98
233	3544.83
234	3562.52
235	3576.26
236	3587.45
237	3597.76
238	3605.17
239	3595.35
240	3584.39
241	3578.29
242	3557.07
243	3565.18
244	3561.06
245	3549.98
246	3537.28
247	3530.92
248	3526.84
249	3540.21
250	3544.5
251	3550.74
252	3531.35
253	3518.33
254	3498.59
255	3490.7
256	3485.67
257	3474.69
258	3458.73
259	3457.52
260	3451.44
261	3439.9
262	3432.47
263	3432.36
264	3431.04
265	3431.13
266	3430.22
267	3429.78
268	3429.78
269	3429.95
270	3430.45
271	3423.13
272	3419.31
273	3397.63
274	3367.16
275	3362.08
276	3323.13
277	3323.1
278	3296.35
279	3208.89
280	3039.98
281	2945.97
282	2866.97
283	2866
284	2879.86
285	2890.08
286	2899.5
287	2904.57
288	2904.25
289	2914.47
290	2918.66
291	2922.77
292	2925.75
293	2925.51
294	2932.64
295	2933.95
296	2952.06
297	2954.05
298	2956.76
299	2960.75
300	2971.13
301	2896.72
302	2842.61
303	2821.19
304	2685.15
305	2655.64
306	2659.04
307	2635.45
308	2610.38
309	2519.61
310	2496.38
311	2478.28
312	2498.54
313	2521.39
314	2563.59
315	2575.61
316	2593.14
317	2586.92
318	2585.47
319	2579.84
320	2582.08
321	2581.93
322	2579.18
323	2577.09
324	2562.64
325	2552.69
326	2528.54
327	2521.77
328	2498.13
329	2468.64
330	2465.84
331	2470.81
332	2478.57
333	2485.61
334	2493.78
335	2492.59
336	2509.07
337	2524.18
338	2546.98
339	2560.86
340	2580.85
341	2588.48
342	2590.7
343	2601.33
344	2600.48
345	2626.06
346	2643.87
347	2645.61
348	2665.11
349	2665.11
350	2665.34
351	2664.56
352	2658.26
353	2656.37
354	2647.04
355	2645.96
356	2649.05
357	2658.73
358	2658.15
359	2661.23
360	2664.32
361	2664.04
362	2664.36
363	2664.36
364	2632.93
365	2633.09
366	2601.68
367	2570.64
368	2509.66
369	2450.2
370	2363.76
371	2364.49
372	2364.45
373	2362.35
374	2361.56
375	2359.66
376	2356.17
377	2356.4
378	2347.27
379	2322.17
380	2292.83
381	2287.08
382	2238.74
383	2190.17
384	2203.07
385	2173.75
386	2151.19
387	2184.72
388	2186.9
389	2204.7
390	2187.81
391	2179.89
392	2179.13
393	2181.63
394	2185.51
395	2188.68
396	2213.19
397	2231.03
398	2242.52
399	2250.29
400	2261.83
401	2275.8
402	2285.88
403	2302.69
404	2215.49
405	2104.64
406	2015.47
407	1974.04
408	1973.35
409	1906.18
410	1884.99
411	1863.85
412	1866.88
413	1857.01
414	1860.34
415	1870.83
416	1886.33
417	1891.95
418	1912.15
419	1928.3
420	1928.69
421	1929.38
422	1929.38
423	1931.24
424	1912.04
425	1890.67
426	1890.67
427	1902.54
428	1897.32
429	1909.37
430	1915.24
431	1872.05
432	1837.52
433	1824.01
434	1830.98
435	1834.59
436	1851.61
437	1873.48
438	1903.75
439	1920.66
440	1943.51
441	1973.54
442	1987.96
443	2028.97
444	2077.06
445	2094.98
446	2160.73
447	2189.55
448	2213.46
449	2270.1
450	2308.81
451	2357.88
452	2413.78
453	2462.73
454	2490.65
455	2522.64
456	2538.65
457	2538.38
458	2538.38
459	2604.93
460	2675.19
461	2771.7
462	2792.16
463	2834.13
464	2852.93
465	2891.89
466	2929.43
467	2974.99
468	3008.84
469	3019.29
470	3063.22
471	3097.64
472	3115.48
473	3113.92
474	3116.63
475	3140.99
476	3165.81
477	3206.52
478	3217.2
479	3234.34
480	3284.77
481	3283.26
482	3405.61
483	3405.61
484	3501.13
485	3535.79
486	3535.79
487	3535.79
488	3535.79
489	3535.79
490	3535.79
491	3535.79
492	3535.79
493	3535.79
494	3502.89
495	3437.82
496	3437.82
497	3437.82
498	3437.82
499	3374.06
500	3374.06
501	3374.06
502	3310.47
503	3310.47
504	3310.47
505	3250.76
506	3220.94
507	3220.94
508	3220.94
509	3220.94
510	3220.94
511	3220.94
512	3220.94
513	3220.94
514	3220.94
515	3220.94
516	3220.94
517	3220.94
518	3220.94
519	3220.94
520	3220.94
521	3220.94
522	3220.94
523	3183.32
524	3109.4
525	3109.4
526	3073.08
527	3001.71
528	2966.65
529	2897.76
530	2897.76
531	2863.91
532	2863.91
533	2863.91
534	2863.91
535	2875.87
536	2875.87
537	2911.77
538	2936.92
539	2936.92
540	2936.92
541	2936.92
542	2936.92
543	2949.38
544	2974.93
545	2987.69
546	2987.69
547	2987.69
548	2987.69
549	2987.69
550	2987.69
551	2987.69
552	2987.69
553	2987.69
554	2987.69
555	2987.69
556	2987.69
557	2987.69
558	2987.69
559	2987.69
560	2987.69
561	2987.69
562	2987.69
563	2987.69
564	2987.69
565	2987.69
566	2918.66
567	2851.24
568	2818.11
569	2785.36
570	2753
571	2721.02
572	2721.02
573	2721.02
574	2689.4
575	2658.15
576	2658.15
577	2658.15
578	2658.15
579	2658.15
580	2658.15
581	2658.15
582	2658.15
583	2658.15
584	2658.15
585	2658.15
586	2658.15
587	2658.15
588	2658.15
589	2658.15
590	2658.15
591	2658.15
592	2658.15
593	2658.15
594	2658.15
595	2658.15
596	2658.15
597	2658.15
598	2658.15
599	2658.15
600	2658.15
601	2658.15
602	2658.15
603	2658.15
604	2658.15
605	2658.15
606	2658.15
607	2658.15
608	2658.15
609	2658.15
610	2658.15
611	2658.15
612	2658.15
613	2658.15
614	2658.15
615	2658.15
616	2658.15
617	2658.15
618	2658.15
619	2658.15
620	2658.15
621	2658.15
622	2658.15
623	2658.15
624	2658.15
625	2658.15
626	2658.15
627	2658.15
628	2658.15
629	2658.15
630	2658.15
631	2658.15
632	2658.15
633	2658.15
634	2658.15
635	2658.15
636	2658.15
637	2658.15
638	2658.15
639	2658.15
640	2658.15
641	2658.15
642	2658.15
643	2658.15
644	2658.15
645	2658.15
646	2658.15
647	2658.15
648	2658.15
649	2658.15
650	2658.15
651	2658.15
652	2658.15
653	2658.15
654	2658.15
655	2658.15
656	2658.15
657	2658.15
658	2658.15
659	2658.15
660	2658.15
661	2658.15
662	2658.15
663	2658.15
664	2658.15
665	2658.15
666	2658.15
667	2658.15
668	2658.15
669	2658.15
670	2658.15
671	2658.15
672	2658.15
673	2658.15
674	2658.15
675	2658.15
676	2658.15
677	2658.15
678	2658.15
679	2658.15
680	2658.15
681	2658.15
682	2658.15
683	2658.15
684	2658.15
685	2658.15
686	2658.15
687	2658.15
688	2658.15
689	2658.15
690	2658.15
691	2658.15
692	2658.15
693	2658.15
694	2658.15
695	2658.15
696	2658.15
697	2658.15
698	2658.15
699	2658.15
700	2658.15
701	2658.15
702	2658.15
703	2769.95
