1	319.102
2	319.102
3	319.102
4	319.102
5	297.909
6	288.337
7	285.415
8	285.134
9	254.236
10	243.295
11	237.93
12	229.434
13	214.787
14	202.36
15	201.135
16	195.871
17	195.559
18	195.686
19	192.921
20	192.973
21	192.778
22	184.999
23	184.338
24	184.717
25	187.599
26	190.605
27	188.469
28	191.59
29	195.724
30	217.98
31	221.798
32	226.675
33	238.495
34	254.329
35	259.045
36	265.584
37	288.567
38	314.784
39	315.509
40	348.754
41	389.107
42	493.29
43	506.707
44	634.912
45	747.997
46	798.47
47	832.885
48	1013.28
49	1367.24
50	1555.39
51	1860.07
52	2211.28
53	2502.6
54	2656.95
55	2682.79
56	2716.82
57	2810.66
58	3212.81
59	3237.15
60	3374.89
61	3505.68
62	3650.75
63	3646.49
64	3608.21
65	3606.48
66	3778.81
67	3997.17
68	4161.04
69	4188.71
70	4272.72
71	4466.41
72	4797.82
73	4810.6
74	4824.2
75	4770.64
76	4689.37
77	4600.59
78	4555.53
79	4531.5
80	4597.91
81	4673.13
82	4761.22
83	4736.62
84	4700
85	4679.61
86	4660.86
87	4683.27
88	4741.37
89	4874.46
90	4873.99
91	4904.27
92	4933.59
93	4948.76
94	4994.43
95	5018.19
96	4934.29
97	4906.92
98	4842.93
99	4815.73
100	4808.1
101	4820
102	4862.03
103	4910.69
104	4995.53
105	5146
106	5147.72
107	5197.51
108	5225.01
109	5210.24
110	5139.64
111	5073.2
112	5043.81
113	5065.36
114	5045.02
115	4970.32
116	4965.22
117	4951.37
118	5010.03
119	5045.96
120	5049.76
121	5099.67
122	5074.28
123	5035.27
124	4947.54
125	4901.01
126	4824.37
127	4819.08
128	4795.38
129	4826.02
130	4784.15
131	4728.61
132	4701.73
133	4727.15
134	4746.92
135	4711.17
136	4698.08
137	4645.79
138	4634.39
139	4642.84
140	4665.23
141	4650.95
142	4641.89
143	4553.64
144	4574.25
145	4612.77
146	4684.37
147	4716.2
148	4728.79
149	4729.05
150	4633.7
151	4600.34
152	4524.28
153	4483.57
154	4451.95
155	4454.23
156	4516.5
157	4550.59
158	4591.52
159	4602
160	4635.5
161	4612.9
162	4628.23
163	4626.11
164	4656.21
165	4650.94
166	4524.49
167	4448.88
168	4443.37
169	4434.53
170	4404.14
171	4436.01
172	4450.72
173	4466.34
174	4487.66
175	4481.72
176	4564.99
177	4531.48
178	4488.84
179	4426.03
180	4367.6
181	4389.31
182	4420.4
183	4424.02
184	4387.5
185	4311.64
186	4240.83
187	4253.11
188	4211.3
189	4249.57
190	4264.51
191	4239.72
192	4168.74
193	4135.25
194	4003.09
195	3923.61
196	3824.24
197	3808.5
198	3787.04
199	3764.53
200	3745.31
201	3735.53
202	3722.15
203	3728.19
204	3766.02
205	3785.58
206	3803.71
207	3843.46
208	3859.5
209	3883.28
210	3870.23
211	3879.26
212	3875.51
213	3877.69
214	3844.85
215	3855.73
216	3843.05
217	3833.35
218	3799.74
219	3815.9
220	3789.25
221	3749.56
222	3733.29
223	3705.73
224	3721.1
225	3698.74
226	3687.73
227	3729.62
228	3709.99
229	3695.05
230	3686.47
231	3671.1
232	3647.2
233	3575.74
234	3567.22
235	3576.02
236	3603.5
237	3635.52
238	3655.91
239	3654.77
240	3669.92
241	3641.6
242	3569.3
243	3554.66
244	3535.5
245	3498.73
246	3499.28
247	3464.63
248	3421.94
249	3416.43
250	3395.4
251	3385.59
252	3381.98
253	3378.7
254	3373.45
255	3360.21
256	3340.64
257	3324.47
258	3290.15
259	3281.2
260	3292.29
261	3311.24
262	3316.78
263	3317.83
264	3327.4
265	3349.27
266	3342.44
267	3336.08
268	3328.11
269	3327.05
270	3326.48
271	3325.6
272	3313.92
273	3293.31
274	3294.11
275	3293.26
276	3295.89
277	3303.11
278	3301.05
279	3301.58
280	3298.13
281	3295.12
282	3296.68
283	3291.36
284	3283.3
285	3257.01
286	3257.04
287	3247.53
288	3240.05
289	3261.5
290	3260.62
291	3251.12
292	3247.38
293	3241.97
294	3231.67
295	3230.98
296	3222.77
297	3209.12
298	3202.33
299	3197.9
300	3183.44
301	3017.96
302	2896.97
303	2818.03
304	2779.78
305	2779.67
306	2782.77
307	2803.45
308	2815.86
309	2814.95
310	2822.25
311	2850.63
312	2864.52
313	2696.76
314	2555.75
315	2349.2
316	2271.59
317	2271.51
318	2307.77
319	2333.41
320	2315.9
321	2338.44
322	2377.77
323	2324.45
324	2248.57
325	2209.21
326	2216.78
327	2166.48
328	2141.09
329	2020.05
330	1978.19
331	1942.13
332	1951.64
333	1956.51
334	1970.79
335	1984.55
336	1991.53
337	2000.2
338	2000
339	2001.33
340	2019.01
341	2027.83
342	2044.5
343	2044.64
344	2064.56
345	2065.71
346	2067.52
347	2067.75
348	2065.74
349	2060.91
350	2057.58
351	2057.22
352	2058.04
353	2062.75
354	2068.95
355	2082.46
356	2091.52
357	2121.91
358	2130.63
359	2151.52
360	2152.51
361	2157.79
362	2162.74
363	2165.78
364	2166.2
365	2165.23
366	2167.37
367	2168.03
368	2165.94
369	2164.38
370	2185
371	2183.61
372	2229.21
373	2231.96
374	2250.89
375	2259.84
376	2256.85
377	2254.96
378	2259.02
379	2259.88
380	2274.98
381	2301.26
382	2363.41
383	2373.05
384	2389.06
385	2433.8
386	2471.24
387	2515.44
388	2564.51
389	2589.6
390	2604.64
391	2614.86
392	2628.27
393	2630.3
394	2656.85
395	2670.03
396	2706.94
397	2749.67
398	2775.21
399	2823.97
400	2847.53
401	2859.48
402	2902.8
403	2957.73
404	3014.14
405	3089.18
406	3100.62
407	3094.89
408	3107.76
409	3124.19
410	3136.75
411	3148.12
412	3148.12
413	3150.17
414	3150.17
415	3150.17
416	3150.17
417	3150.17
418	3150.17
419	3150
420	3150.41
421	3148.56
422	3153.3
423	3153.98
424	3161.35
425	3176.82
426	3184.62
427	3184.62
428	3187.25
429	3190.01
430	3199.66
431	3199.66
432	3199.66
433	3204.04
434	3206.91
435	3208.58
436	3238.38
437	3251.36
438	3318.39
439	3397.19
440	3444.35
441	3508.53
442	3538.19
443	3548.18
444	3564.87
445	3577.67
446	3586.16
447	3592.02
448	3590.53
449	3586.97
450	3601.93
451	3602.39
452	3637.04
453	3666.83
454	3687.99
455	3709.38
456	3748
457	3783.34
458	3773.45
459	3809.79
460	3820.92
461	3839.68
462	3863.99
463	3871.39
464	3927.19
465	3943.3
466	3950.73
467	3959.59
468	3982.13
469	3982.13
470	3995.55
471	3997.13
472	4011.43
473	4026.49
474	4025.97
475	4025.97
476	4025.97
477	4119.76
478	4135.97
479	4188.05
480	4264.62
481	4350.96
482	4419.51
483	4466.41
484	4466.41
485	4490.22
486	4538.6
487	4538.6
488	4538.6
489	4562.54
490	4608.9
491	4731.7
492	4832.24
493	4939.24
494	4967.18
495	5024.04
496	5073.54
497	5098.44
498	5098.44
499	5139.81
500	5216.93
501	5281.54
502	5361.5
503	5361.5
504	5388.63
505	5551.62
506	5666.25
507	5816.95
508	5816.95
509	5816.95
510	5816.95
511	5816.95
512	5939.16
513	6021.88
514	6060.89
515	6100.94
516	6100.94
517	6100.94
518	6100.94
519	6100.94
520	6100.94
521	6100.94
522	6100.94
523	6100.94
524	6100.94
525	6100.94
526	6100.94
527	6100.94
528	6100.94
529	6100.94
530	6100.94
531	6100.94
532	6100.94
533	6042.57
534	5928.17
535	5814.87
536	5650.33
537	5543.55
538	5543.55
539	5543.55
540	5543.55
541	5543.55
542	5543.55
543	5543.55
544	5543.55
545	5543.55
546	5543.55
547	5543.55
548	5543.55
549	5543.55
550	5543.55
551	5543.55
552	5543.55
553	5543.55
554	5543.55
555	5543.55
556	5543.55
557	5543.55
558	5543.55
559	5543.55
560	5543.55
561	5543.55
562	5543.55
563	5543.55
564	5543.55
565	5543.55
566	5543.55
567	5543.55
568	5543.55
569	5543.55
570	5543.55
571	5543.55
572	5543.55
573	5543.55
574	5543.55
575	5543.55
576	5543.55
577	5543.55
578	5543.55
579	5543.55
580	5543.55
581	5543.55
582	5543.55
583	5543.55
584	5543.55
585	5543.55
586	5543.55
587	5543.55
588	5543.55
589	5543.55
590	5543.55
591	5543.55
592	5543.55
593	5543.55
594	5543.55
595	5543.55
596	5543.55
597	5543.55
598	5543.55
599	5543.55
600	5543.55
601	5543.55
602	5543.55
603	5543.55
604	5543.55
605	5543.55
606	5543.55
607	5543.55
608	5543.55
609	5543.55
610	5543.55
611	5543.55
612	5543.55
613	5543.55
614	5543.55
615	5543.55
616	5543.55
617	5543.55
618	5543.55
619	5543.55
620	5543.55
621	5543.55
622	5543.55
623	5543.55
624	5543.55
625	5543.55
626	5543.55
627	5543.55
628	5543.55
629	5543.55
630	5543.55
631	5543.55
632	5543.55
633	5543.55
634	5543.55
635	5543.55
636	5543.55
637	5543.55
638	5543.55
639	5543.55
640	5354.65
641	5172.18
642	5112.75
643	5112.75
644	5112.75
645	4938.53
646	4938.53
647	4938.53
648	4938.53
649	4938.53
650	4938.53
651	4938.53
652	4938.53
653	4938.53
654	4938.53
655	4938.53
656	4938.53
657	4938.53
658	4938.53
659	4938.53
660	4938.53
661	4938.53
662	4938.53
663	4938.53
664	4938.53
665	4938.53
666	4938.53
667	4938.53
668	4938.53
669	4938.53
670	4938.53
671	4938.53
672	4938.53
673	4938.53
674	4938.53
675	4938.53
676	4938.53
677	4938.53
678	4938.53
679	4938.53
680	4938.53
681	4938.53
682	5104.63
