1	252.273
2	252.273
3	252.273
4	252.273
5	254.252
6	252.914
7	253.859
8	251.864
9	231.28
10	222.781
11	208.402
12	202.982
13	200.348
14	191.693
15	185.375
16	185.47
17	182.121
18	182.995
19	176.131
20	174.664
21	171.708
22	172.006
23	173.95
24	170.4
25	169.243
26	172.965
27	188.168
28	206.32
29	208.402
30	209.247
31	214.884
32	235.848
33	254.483
34	284.69
35	302.559
36	327.537
37	337.953
38	339.45
39	403.864
40	404.707
41	399.646
42	436.603
43	483.855
44	671.045
45	757.3
46	827.881
47	1086.05
48	1199.26
49	1291.96
50	1766.39
51	2009.23
52	2217.22
53	2401.81
54	2975.27
55	3591.18
56	3715.51
57	3984.81
58	4123.17
59	4187.86
60	4233.86
61	4540.86
62	4783.15
63	4787.8
64	4789.74
65	4790.21
66	4893.69
67	5017.77
68	5050.85
69	5052.01
70	5114.21
71	5074.72
72	5100.94
73	5159.38
74	5116.57
75	5189.55
76	5187.66
77	5225.01
78	5249.85
79	5349.93
80	5474.98
81	5531.21
82	5576.32
83	5589.75
84	5600.01
85	5518.9
86	5359.96
87	5305.64
88	5265.94
89	5241.43
90	5352.3
91	5351.54
92	5358.16
93	5366.98
94	5396.67
95	5370.12
96	5407.54
97	5463.6
98	5362.14
99	5313.47
100	5219.07
101	5164.38
102	5160.26
103	5235.86
104	5314.22
105	5405.47
106	5481.04
107	5580.54
108	5725.44
109	5797.5
110	5733.52
111	5617.95
112	5602.08
113	5552.51
114	5499.02
115	5562.09
116	5563.47
117	5575.12
118	5488.42
119	5432.85
120	5405.85
121	5289.78
122	5268.92
123	5269.17
124	5284.97
125	5312.19
126	5448.09
127	5503.75
128	5561.52
129	5583.61
130	5575.34
131	5542.73
132	5465.74
133	5380.57
134	5313.86
135	5255.86
136	5206.02
137	5177.61
138	5174.49
139	5153.88
140	5111.26
141	5104.87
142	5115.06
143	5091.46
144	5151.12
145	5169.64
146	5204.86
147	5203.02
148	5192.26
149	5094.3
150	5016.3
151	4951.16
152	4901.13
153	4865.01
154	4854.99
155	4827.36
156	4785.09
157	4755.33
158	4708.12
159	4630.45
160	4578.2
161	4598.4
162	4580.56
163	4597.64
164	4567.89
165	4522.12
166	4474.21
167	4454.38
168	4462.65
169	4511.55
170	4554.93
171	4516.19
172	4442.46
173	4334.23
174	4308.88
175	4305.07
176	4327.37
177	4372.54
178	4312.89
179	4207.64
180	4150.15
181	4063.04
182	4008.08
183	3989.61
184	3987.74
185	3968.73
186	3977.26
187	3989.15
188	3975.09
189	3941.69
190	3893.9
191	3834.19
192	3795.69
193	3761.52
194	3712.07
195	3684.44
196	3652.33
197	3587.39
198	3529.11
199	3506.59
200	3466.11
201	3467.42
202	3440.43
203	3364.78
204	3227.9
205	3147.79
206	3096.51
207	3062.98
208	3049.2
209	3038.24
210	3046.57
211	3046.07
212	3055.76
213	3051.71
214	3065.48
215	3145.9
216	3214.99
217	3216.91
218	3224.62
219	3197.24
220	3180.78
221	3183.69
222	3183.79
223	3149.91
224	3112.77
225	3076.89
226	3049.08
227	3050.84
228	3061.62
229	3071.05
230	3033.04
231	2890.91
232	2605.65
233	2539.81
234	2530.78
235	2536.23
236	2553.99
237	2566.35
238	2561.9
239	2557.8
240	2574.85
241	2605.43
242	2641.85
243	2640.76
244	2668.67
245	2673.03
246	2683.73
247	2692.98
248	2697.83
249	2711.53
250	2713.17
251	2712.17
252	2719.97
253	2717.37
254	2725.04
255	2737.07
256	2767.66
257	2770.81
258	2791.67
259	2794.56
260	2801.58
261	2798.1
262	2781.7
263	2776.02
264	2762.93
265	2744.7
266	2740.25
267	2735.86
268	2730.49
269	2727.69
270	2727.32
271	2723.21
272	2715.28
273	2675.56
274	2656.13
275	2637.8
276	2632.76
277	2641.39
278	2647.45
279	2645.34
280	2648.4
281	2643.99
282	2644.04
283	2642.73
284	2645.78
285	2651.5
286	2613.07
287	2578
288	2441.23
289	2287.91
290	2034.97
291	2023.45
292	2011.12
293	1987.94
294	1989.96
295	1923.18
296	1877.96
297	1884.88
298	1842.12
299	1778.6
300	1765.36
301	1687.8
302	1584.87
303	1441.96
304	1362.29
305	1309.2
306	1299.47
307	1277.95
308	1282.69
309	1283.4
310	1284.6
311	1289.95
312	1288.94
313	1290.03
314	1296.05
315	1315.66
316	1315.43
317	1315.08
318	1315.61
319	1315.95
320	1324.43
321	1329.02
322	1327.23
323	1324.94
324	1324.12
325	1285.63
326	1275.79
327	1254.37
328	1234.7
329	1217.16
330	1224.16
331	1227.68
332	1233.51
333	1230.29
334	1231.53
335	1230.86
336	1231.42
337	1202.93
338	1075.79
339	999.864
340	976.055
341	907.301
342	864.289
343	852.408
344	852.121
345	852.121
346	852.19
347	851.64
348	851.49
349	850.071
350	849.006
351	846.439
352	845.963
353	845.893
354	844.762
355	843.879
356	843.476
357	834.577
358	834.447
359	834.752
360	826.146
361	826.991
362	804.737
363	783.604
364	770.772
365	770.625
366	773.64
367	776.071
368	781.569
369	791.077
370	798.686
371	799.355
372	803.495
373	805.93
374	808.988
375	809.154
376	814.935
377	825.113
378	815.543
379	806.96
380	794.675
381	782.772
382	777.701
383	781.822
384	785.137
385	786.764
386	789.251
387	789.448
388	789.896
389	789.844
390	788.879
391	789.089
392	786.643
393	782.229
394	780.11
395	780.85
396	784.141
397	784.658
398	786.6
399	790.619
400	793.843
401	797.095
402	795.737
403	798.649
404	808.611
405	814.997
406	826.133
407	834.339
408	849.652
409	853.482
410	853.123
411	851.53
412	819.484
413	804.559
414	778.664
415	779.31
416	775.492
417	778.675
418	785.361
419	789.618
420	795.228
421	799.362
422	798.682
423	798.682
424	800.727
425	802.848
426	804.907
427	806.995
428	780.96
429	755.764
430	752.041
431	743.865
432	743.865
433	727.946
434	727.946
435	727.946
436	728.179
437	728.179
438	729.273
439	730.438
440	731.085
441	730.662
442	730.22
443	727.981
444	727.766
445	729.736
446	731.945
447	732.257
448	740.233
449	744.538
450	751.183
451	759.088
452	767.974
453	779.655
454	790.338
455	776.255
456	781.389
457	780.168
458	784.011
459	787.515
460	788.755
461	792.864
462	763.75
463	759.331
464	748.358
465	750.371
466	758.646
467	761.483
468	767.206
469	768.953
470	774.961
471	783.699
472	785.578
473	787.035
474	798.512
475	793.426
476	793.715
477	766.994
478	762.288
479	761.856
480	747.609
481	740.511
482	740.687
483	733.494
484	733.951
485	734.371
486	735.141
487	735.141
488	735.141
489	735.518
490	735.518
491	735.518
492	735.518
493	735.518
494	735.518
495	735.518
496	735.518
497	735.518
498	735.518
499	735.518
500	735.518
501	735.518
502	735.518
503	735.518
504	735.518
505	735.518
506	735.518
507	735.518
508	735.518
509	735.518
510	735.518
511	735.518
512	735.518
513	735.518
514	735.518
515	735.518
516	735.518
517	735.518
518	735.518
519	735.518
520	735.518
521	735.518
522	735.518
523	735.518
524	735.518
525	735.518
526	735.518
527	735.518
528	735.518
529	735.518
530	735.518
531	735.518
532	735.518
533	735.518
534	735.518
535	735.518
536	735.518
537	735.518
538	735.518
539	735.518
540	735.518
541	735.518
542	735.518
543	735.518
544	735.518
545	735.518
546	735.518
547	735.518
548	735.518
549	735.518
550	735.518
551	735.518
552	735.518
553	735.518
554	735.518
555	735.518
556	735.518
557	735.518
558	735.518
559	735.518
560	735.518
561	735.518
562	735.518
563	735.518
564	735.518
565	735.518
566	735.518
567	735.518
568	735.518
569	735.518
570	735.518
571	735.518
572	735.518
573	735.518
574	735.518
575	735.518
576	735.518
577	735.518
578	735.518
579	735.518
580	735.518
581	735.518
582	735.518
583	735.518
584	735.518
585	735.518
586	735.518
587	735.518
588	735.518
589	735.518
590	735.518
591	735.518
592	735.518
593	735.518
594	735.518
595	735.518
596	735.518
597	735.518
598	735.518
599	735.518
600	735.518
601	735.518
602	735.518
603	735.518
604	735.518
605	735.518
606	735.518
607	735.518
608	735.518
609	735.518
610	735.518
611	735.518
612	735.518
613	735.518
614	735.518
615	735.518
616	735.518
617	735.518
618	735.518
619	735.518
620	735.518
621	735.518
622	735.518
623	735.518
624	735.518
625	735.518
626	735.518
627	735.518
628	735.518
629	735.518
630	735.518
631	735.518
632	735.518
633	735.518
634	735.518
635	735.518
636	735.518
637	735.518
638	735.518
639	735.518
640	735.518
641	735.518
642	735.518
643	735.518
644	735.518
645	735.518
646	735.518
647	735.518
648	735.518
649	735.518
650	735.518
651	735.518
652	735.518
653	735.518
654	735.518
655	735.518
656	735.518
657	735.518
658	735.518
659	735.518
660	735.518
661	735.518
662	735.518
663	735.518
664	735.518
665	735.518
666	735.518
667	735.518
668	735.518
669	735.518
670	735.518
671	735.518
672	735.518
673	735.518
674	735.518
675	735.518
676	735.518
677	735.518
678	735.518
679	735.518
680	735.518
681	735.518
682	735.518
683	735.518
684	735.518
685	735.518
686	735.518
687	735.518
688	735.518
689	735.518
690	735.518
691	735.518
692	735.518
693	726.249
694	708.06
695	699.137
696	681.626
697	664.555
698	624.148
699	572.037
700	572.037
701	572.037
702	572.037
703	571.806
