1	197.176
2	197.176
3	197.176
4	197.176
5	203.023
6	206.009
7	206.444
8	206.32
9	207.601
10	208.456
11	208.109
12	209.723
13	212.027
14	216.346
15	218.929
16	221.294
17	225.794
18	226.114
19	226.656
20	228.704
21	226.127
22	224.344
23	225.325
24	222.729
25	221.422
26	223.427
27	224.089
28	223.895
29	225.951
30	224.826
31	219.546
32	225.148
33	227.737
34	231.389
35	234.529
36	248.174
37	247.835
38	256.675
39	254.971
40	255.799
41	257.02
42	265.315
43	271.313
44	308.796
45	352.4
46	364.031
47	446.767
48	551.387
49	597.887
50	702.131
51	712.786
52	857.955
53	921.789
54	1528.5
55	2257.63
56	2483.26
57	3201.19
58	3586.16
59	4479.13
60	5214.27
61	5472.62
62	5618.69
63	6222.08
64	6507.85
65	6386.95
66	6279.08
67	6118.21
68	5949.99
69	5882.42
70	6020.07
71	6247.11
72	6333.65
73	6356.47
74	6205.44
75	6164.27
76	6054.16
77	5944.61
78	5886.02
79	5780.36
80	5707.96
81	5774.11
82	5804.16
83	5933.57
84	6051.7
85	5967.41
86	6001.57
87	5883.33
88	5846.29
89	5858.56
90	5843.5
91	5870.37
92	5913.15
93	6009.91
94	6072.27
95	6063.47
96	6015.38
97	5983.98
98	5930.29
99	5948.47
100	6020.27
101	6082.14
102	6134.42
103	6137.34
104	6162.69
105	6158.22
106	6295.57
107	6364.48
108	6455.77
109	6392.39
110	6399.06
111	6385.08
112	6399.32
113	6488.07
114	6475.4
115	6483.27
116	6509.71
117	6568.59
118	6564.77
119	6495.98
120	6493.48
121	6452.64
122	6433
123	6500.29
124	6526.92
125	6545.04
126	6531.81
127	6504.33
128	6462.3
129	6454.02
130	6380.09
131	6335.44
132	6304.31
133	6233.18
134	6210.07
135	6260.64
136	6338.63
137	6390.21
138	6332.41
139	6217.89
140	6118.94
141	6050.56
142	6083.33
143	6034.87
144	6041.74
145	6096.9
146	6066.69
147	6025.54
148	5997.58
149	5945.42
150	5969.79
151	5959.7
152	6019.77
153	6088.63
154	6131.77
155	6068.5
156	6000.73
157	5863.27
158	5858.9
159	5909.13
160	5932.14
161	5926.71
162	5931.04
163	5955.78
164	5964.72
165	5977.71
166	5986.55
167	6024.89
168	6075.76
169	6103.42
170	6146.02
171	6189.01
172	6220.81
173	6229.92
174	6229.7
175	6256.18
176	6286.71
177	6288.07
178	6287.3
179	6220.29
180	5986.23
181	5813.51
182	5790.72
183	5778.46
184	5652.81
185	5534.8
186	5387.65
187	5355.24
188	5329.59
189	5311.09
190	5230.64
191	5202.5
192	5161.39
193	5148.43
194	5149.71
195	5179.83
196	5226.67
197	5229.71
198	5265.69
199	5340.55
200	5383.4
201	5397.82
202	5423.85
203	5377.89
204	5331.09
205	5240.87
206	5182.99
207	5130.45
208	5040.15
209	4979.04
210	4910.7
211	4867.53
212	4927.24
213	4935.73
214	4818.68
215	4710.77
216	4664.03
217	4634.85
218	4596.08
219	4515.55
220	4449.86
221	4414.68
222	4441.57
223	4425.98
224	4457.42
225	4412.1
226	4413.53
227	4382.71
228	4364.11
229	4290.77
230	4305.45
231	4276.02
232	4230.6
233	4224.36
234	4102.48
235	4015.01
236	3906.02
237	3835.85
238	3811.79
239	3813.18
240	3780.72
241	3769.2
242	3741.69
243	3735.76
244	3728.39
245	3739.48
246	3748.17
247	3757.46
248	3756.01
249	3746.72
250	3736.93
251	3724.43
252	3711.47
253	3687.83
254	3670.75
255	3657.31
256	3642.12
257	3624.88
258	3610.3
259	3570.66
260	3552.78
261	3546.1
262	3567.06
263	3549.85
264	3576.52
265	3544.55
266	3557.54
267	3538.6
268	3528.35
269	3525.47
270	3507.4
271	3521.48
272	3512.85
273	3523.48
274	3522.81
275	3527.56
276	3514.58
277	3506.1
278	3542.53
279	3546.44
280	3601.09
281	3683.31
282	3650.91
283	3661.26
284	3680.78
285	3710.23
286	3735.67
287	3772.89
288	3819.05
289	3812.09
290	3817.51
291	3828.21
292	3786.17
293	3454.55
294	3281.24
295	3270.54
296	3284.11
297	3313.56
298	3320.81
299	3302.84
300	3300.71
301	3252.6
302	3218.42
303	3017.27
304	2899.91
305	2903.93
306	2902.71
307	2925.02
308	2933.96
309	2951.15
310	2955.39
311	2957.6
312	2951.66
313	2955.41
314	2953.57
315	2931.26
316	2940.26
317	2933.2
318	2933.41
319	2946.06
320	2951.7
321	2931.64
322	2943.03
323	2956.49
324	2974.95
325	2988.09
326	3014.74
327	3021.32
328	3020.79
329	3013.77
330	3007.64
331	3006.41
332	2928.7
333	2851.87
334	2815.52
335	2629.81
336	2461.73
337	2439.36
338	2326.24
339	2158.56
340	2044.74
341	2065.98
342	2047.86
343	2026.32
344	2029.32
345	1991.38
346	1971.55
347	1950.1
348	1931.15
349	1840.21
350	1706.12
351	1685.34
352	1617.44
353	1586.45
354	1561.7
355	1496.39
356	1471.04
357	1421.67
358	1392.35
359	1340.71
360	1348.65
361	1351.38
362	1361.46
363	1365.61
364	1364.97
365	1368.16
366	1365.63
367	1364.24
368	1359.17
369	1360.68
370	1350.5
371	1343.19
372	1308.72
373	1292.14
374	1254.76
375	1217.84
376	1214.69
377	1227.07
378	1231.21
379	1233.48
380	1236.42
381	1236.42
382	1239.41
383	1243.85
384	1244.44
385	1241.66
386	1240.83
387	1237.24
388	1238.4
389	1236.61
390	1233.64
391	1233.49
392	1229.9
393	1237.61
394	1239.5
395	1270.2
396	1292.78
397	1309.26
398	1332.85
399	1332.7
400	1332.86
401	1332.97
402	1332.97
403	1332.97
404	1332.97
405	1332.97
406	1331.71
407	1332.04
408	1329.59
409	1302.88
410	1302.06
411	1300.88
412	1288.01
413	1287.81
414	1273.32
415	1248.82
416	1211.32
417	1207.6
418	1202.04
419	1215.85
420	1203.52
421	1194.82
422	1205.96
423	1180.27
424	1163.6
425	1139.32
426	1120.34
427	1074.12
428	1063.18
429	1045.88
430	1049.4
431	1050.63
432	1052.06
433	1051.85
434	1051.85
435	1051.52
436	1051.6
437	1051.64
438	1057.85
439	1061.73
440	1064.68
441	1065.44
442	1070.32
443	1078.84
444	1083.9
445	1088.07
446	1088.64
447	1088.78
448	1089.61
449	1089.16
450	1096.3
451	1101.63
452	1126.16
453	1136.57
454	1154.32
455	1157.4
456	1156.73
457	1161.17
458	1161.44
459	1139.68
460	1129.45
461	1098.26
462	1099.05
463	1079.62
464	1064.84
465	1073.49
466	1081.01
467	1088.46
468	1094.12
469	1098.92
470	1102.96
471	1104.66
472	1114.26
473	1122.8
474	1122.44
475	1124.64
476	1125.34
477	1125.34
478	1125.71
479	1125.69
480	1126.02
481	1126.12
482	1126.12
483	1126.12
484	1126.12
485	1126.12
486	1126.12
487	1126.12
488	1126.12
489	1126.12
490	1126.12
491	1126.12
492	1136.27
493	1141.42
494	1146.59
495	1166.27
496	1176.12
497	1176.12
498	1192.56
499	1192.56
500	1203.65
501	1214.97
502	1220.73
503	1226.55
504	1226.55
505	1226.55
506	1231.58
507	1231.58
508	1231.58
509	1231.58
510	1231.58
511	1231.58
512	1231.58
513	1231.58
514	1231.58
515	1231.58
516	1224.45
517	1210.03
518	1195.87
519	1168.11
520	1168.11
521	1168.11
522	1161.37
523	1161.37
524	1161.37
525	1161.37
526	1161.37
527	1161.37
528	1161.37
529	1141.46
530	1131.5
531	1121.46
532	1112.2
533	1093.56
534	1083.8
535	1074.33
536	1074.33
537	1065.47
538	1065.47
539	1065.47
540	1065.47
541	1065.47
542	1065.47
543	1065.47
544	1065.47
545	1065.47
546	1065.47
547	1065.47
548	1065.47
549	1065.47
550	1065.47
551	1065.47
552	1065.47
553	1065.47
554	1065.47
555	1065.47
556	1065.47
557	1065.47
558	1065.47
559	1065.47
560	1065.47
561	1065.47
562	1065.47
563	1065.47
564	1065.47
565	1065.47
566	1065.47
567	1065.47
568	1065.47
569	1065.47
570	1065.47
571	1065.47
572	1065.47
573	1065.47
574	1065.47
575	1065.47
576	1065.47
577	1065.47
578	1065.47
579	1065.47
580	1065.47
581	1065.47
582	1065.47
583	1065.47
584	1065.47
585	1065.47
586	1065.47
587	1065.47
588	1065.47
589	1056.76
590	1048.2
591	1048.2
592	1039.54
593	1022.9
594	1022.9
595	1014.57
596	990.445
597	982.424
598	982.424
599	982.424
600	982.424
601	982.424
602	982.424
603	982.424
604	982.424
605	982.424
606	982.424
607	982.424
608	982.424
609	982.424
610	982.424
611	982.424
612	982.424
613	982.424
614	982.424
615	982.424
616	982.424
617	982.424
618	982.424
619	982.424
620	982.424
621	982.424
622	982.424
623	982.424
624	982.424
625	982.424
626	982.424
627	982.424
628	982.424
629	982.424
630	982.424
631	982.424
632	982.424
633	982.424
634	982.424
635	982.424
636	982.424
637	982.424
638	982.424
639	982.424
640	982.424
641	982.424
642	982.424
643	982.424
644	982.424
645	982.424
646	982.424
647	982.424
648	982.424
649	982.424
650	982.424
651	970.545
652	958.809
653	935.763
654	924.448
655	902.228
656	869.894
657	869.894
658	869.894
659	869.894
660	869.894
661	869.894
662	869.894
663	869.894
664	869.894
665	869.894
666	869.894
667	869.894
668	869.894
669	869.894
670	869.894
671	869.894
672	869.894
673	869.894
674	869.894
675	869.894
676	869.894
677	869.894
678	869.894
679	869.894
680	869.894
681	869.894
682	869.894
683	869.894
684	869.894
685	869.894
686	869.894
687	869.894
688	869.894
689	869.894
690	869.894
691	869.894
692	869.894
693	869.894
694	869.894
695	869.894
696	869.894
697	869.894
698	869.894
699	869.894
700	869.894
701	869.894
702	869.894
703	869.894
704	869.894
705	869.894
706	869.894
707	869.894
708	869.894
709	869.894
710	869.894
711	869.894
712	869.894
713	869.894
714	869.894
715	869.894
716	869.894
717	869.894
718	869.894
719	859.711
720	839.702
721	820.158
722	810.558
723	801.07
724	773.266
725	773.266
726	773.266
727	773.266
728	773.266
729	742.989
730	733.162
731	695.138
732	676.871
733	676.871
734	676.871
735	676.871
736	695.938
