1	299.732
2	299.732
3	299.732
4	299.732
5	267.832
6	264.21
7	259.973
8	258.711
9	228.188
10	220.52
11	216.583
12	213.794
13	199.108
14	190.09
15	184.738
16	180.475
17	173.222
18	171.315
19	167.731
20	165.9
21	168.739
22	168.151
23	164.6
24	164.823
25	166.278
26	165.026
27	165.458
28	176.651
29	185.405
30	191.806
31	197.976
32	205.902
33	214.673
34	221.898
35	259.421
36	282.009
37	298.016
38	308.274
39	343.905
40	471.654
41	636.193
42	667.447
43	729.637
44	850.434
45	917.639
46	1054.19
47	1375.45
48	1568.17
49	2141.06
50	2173.84
51	2199.32
52	2199.67
53	2406.26
54	2441.21
55	2508.55
56	2561.12
57	2694.56
58	2925.25
59	2953.5
60	3101.91
61	3206.34
62	3336.45
63	3350.89
64	3458.59
65	3652.32
66	3758.06
67	3789.21
68	3845.11
69	3866.59
70	3912.34
71	3970.81
72	3961.85
73	4016.76
74	4033.24
75	3999.45
76	4186.86
77	4372.44
78	4402.99
79	4466.24
80	4416.6
81	4326.58
82	4331.37
83	4266.82
84	4596.29
85	4603.72
86	4555.27
87	4546.09
88	4560.66
89	4809.3
90	5175.06
91	5213.86
92	5360.37
93	5621.6
94	5725.27
95	5716.56
96	5708.33
97	5589.93
98	5563.24
99	5510.11
100	5478.29
101	5273.99
102	5243.18
103	5206.57
104	5160.55
105	5187.92
106	5216.73
107	5306.91
108	5373.68
109	5429.17
110	5452.95
111	5379.77
112	5224.69
113	5196.27
114	5098.17
115	5061.48
116	5093.46
117	5125.69
118	5071.05
119	5114.74
120	5228.65
121	5232.84
122	5066.45
123	4997.3
124	4896.45
125	4786.27
126	4760.1
127	4772.41
128	4739.85
129	4688.63
130	4668.17
131	4605.5
132	4589.33
133	4610.46
134	4609.39
135	4626.92
136	4652.52
137	4573.61
138	4520.57
139	4456.84
140	4457.16
141	4396.85
142	4402.77
143	4395.94
144	4399.49
145	4410.41
146	4433.34
147	4455.52
148	4463.15
149	4451.85
150	4492.29
151	4487.77
152	4505.88
153	4457.35
154	4370.9
155	4308.6
156	4313.27
157	4351.54
158	4409.33
159	4397.46
160	4380.53
161	4355.08
162	4361.63
163	4245.95
164	4243.23
165	4215.03
166	4201.89
167	4246.63
168	4279.87
169	4315.31
170	4303.09
171	4380.76
172	4348.21
173	4333.35
174	4199.82
175	4189.89
176	4192.16
177	4062.67
178	4070.29
179	4017.93
180	3992.71
181	3985.73
182	3976.31
183	3925.43
184	3938.33
185	3964.95
186	3934
187	3819.66
188	3810.57
189	3755.77
190	3735.72
191	3672.77
192	3619.95
193	3496.57
194	3456.46
195	3451.38
196	3446.45
197	3372.74
198	3254.52
199	3082.61
200	2910.51
201	2862.79
202	2834.49
203	2785.71
204	2780.42
205	2674.74
206	2626.67
207	2598.51
208	2549.53
209	2570.34
210	2602.24
211	2630.48
212	2690.44
213	2718.31
214	2732.09
215	2751.93
216	2754.8
217	2740.52
218	2725.53
219	2701.4
220	2679.68
221	2672.66
222	2656
223	2653.67
224	2657.58
225	2647.73
226	2637.7
227	2621.75
228	2615.76
229	2568.34
230	2525.03
231	2512.14
232	2513.41
233	2510.52
234	2507.89
235	2508.08
236	2493.25
237	2475.53
238	2482.02
239	2483.39
240	2457.03
241	2447.67
242	2362.67
243	2242.15
244	2124.57
245	2122.76
246	2124.67
247	2137.48
248	2149.82
249	2169.26
250	2185.72
251	2204.49
252	2209.11
253	2203.59
254	2202.5
255	2205.23
256	2208.13
257	2241.84
258	2268.52
259	2277.31
260	2282.42
261	2280.8
262	2280.73
263	2280.96
264	2293.28
265	2315.35
266	2334.57
267	2336.37
268	2339.9
269	2344.85
270	2350.47
271	2352.06
272	2352.93
273	2360.05
274	2387.58
275	2402.71
276	2419.49
277	2437.01
278	2440.87
279	2440.61
280	2441.68
281	2404.17
282	2336.6
283	2324.57
284	2290.15
285	2220.31
286	2101.72
287	2005.7
288	1933.82
289	1919.57
290	1923.13
291	1912.25
292	1898.98
293	1900.92
294	1873.7
295	1850.62
296	1853.82
297	1841.06
298	1831.36
299	1801.02
300	1768.49
301	1746.72
302	1690.45
303	1655.49
304	1569.09
305	1441.87
306	1341.69
307	1311.25
308	1284.7
309	1284.7
310	1248.26
311	1236.33
312	1200.5
313	1202.34
314	1199.04
315	1200.15
316	1195.02
317	1189.72
318	1191.19
319	1185.27
320	1181.89
321	1185.07
322	1190.29
323	1193.39
324	1197.14
325	1204.86
326	1223.99
327	1236.94
328	1231.05
329	1221.46
330	1193.71
331	1159.71
332	1149.11
333	1137.99
334	1136.67
335	1135.38
336	1134.91
337	1134.59
338	1136.11
339	1136.55
340	1121.82
341	1088.38
342	1079.44
343	1063.28
344	1055.31
345	1049.09
346	1051.97
347	1054.34
348	1054.34
349	1055.4
350	1060.85
351	1064.67
352	1066.7
353	1070.79
354	1070.84
355	1072.29
356	1071.72
357	1073.92
358	1073.18
359	1079.34
360	1086.03
361	1101.16
362	1104.57
363	1105.21
364	1105.69
365	1105.74
366	1107.38
367	1117.3
368	1139.24
369	1157.43
370	1185.76
371	1237.3
372	1254.96
373	1263.74
374	1263.78
375	1274.7
376	1278.63
377	1298.69
378	1314.1
379	1332.46
380	1340.94
381	1350.25
382	1358.99
383	1363.91
384	1364.11
385	1376.5
386	1380.39
387	1380.69
388	1380.53
389	1379.9
390	1380.22
391	1380.18
392	1380.18
393	1380.67
394	1380.67
395	1381.49
396	1381.89
397	1378.43
398	1377.48
399	1377.37
400	1376.41
401	1375.33
402	1372.26
403	1371.08
404	1370.59
405	1371.43
406	1374.57
407	1377.23
408	1381.08
409	1384.88
410	1388.09
411	1391.19
412	1392.57
413	1394.99
414	1398.43
415	1400.41
416	1402.52
417	1404.58
418	1409.67
419	1408.04
420	1412.26
421	1417.47
422	1416.28
423	1419.41
424	1417.14
425	1418.47
426	1416.45
427	1436.59
428	1435.25
429	1438.93
430	1443.2
431	1443.2
432	1443.33
433	1444.19
434	1445.31
435	1445.42
436	1451.79
437	1465.79
438	1484.26
439	1489.2
440	1490.17
441	1485.85
442	1470.16
443	1470.16
444	1463.39
445	1459.7
446	1459.26
447	1459.26
448	1457.51
449	1456.05
450	1454.46
451	1453.6
452	1453.6
453	1461.46
454	1466.87
455	1469.41
456	1472.16
457	1476.87
458	1477.33
459	1479.78
460	1483.18
461	1484.45
462	1487.3
463	1487.74
464	1488.19
465	1490.18
466	1491.2
467	1492.79
468	1495.89
469	1496.41
470	1496.8
471	1498.1
472	1498.1
473	1502.48
474	1505.61
475	1508.09
476	1507.4
477	1486.69
478	1482.64
479	1504.21
480	1514.35
481	1538.4
482	1610.8
483	1637.5
484	1652.78
485	1679.62
486	1705.24
487	1705.24
488	1710.63
489	1710.63
490	1710.63
491	1710.63
492	1710.63
493	1710.63
494	1710.63
495	1710.63
496	1710.63
497	1710.63
498	1710.63
499	1710.63
500	1710.63
501	1710.63
502	1710.63
503	1710.63
504	1710.63
505	1710.63
506	1710.63
507	1710.63
508	1710.63
509	1710.63
510	1710.63
511	1710.63
512	1710.63
513	1710.63
514	1710.63
515	1710.63
516	1710.63
517	1710.63
518	1710.63
519	1710.63
520	1710.63
521	1710.63
522	1710.63
523	1710.63
524	1710.63
525	1710.63
526	1710.63
527	1710.63
528	1710.63
529	1710.63
530	1710.63
531	1710.63
532	1710.63
533	1710.63
534	1710.63
535	1710.63
536	1710.63
537	1710.63
538	1710.63
539	1710.63
540	1710.63
541	1710.63
542	1710.63
543	1710.63
544	1710.63
545	1710.63
546	1710.63
547	1710.63
548	1710.63
549	1710.63
550	1710.63
551	1710.63
552	1710.63
553	1710.63
554	1710.63
555	1710.63
556	1675.92
557	1675.92
558	1658.83
559	1608.59
560	1608.59
561	1592.19
562	1575.95
563	1543.97
564	1543.97
565	1543.97
566	1543.97
567	1543.97
568	1543.97
569	1543.97
570	1543.97
571	1543.97
572	1543.97
573	1543.97
574	1543.97
575	1543.97
576	1543.97
577	1543.97
578	1543.97
579	1543.97
580	1543.97
581	1543.97
582	1543.97
583	1543.97
584	1543.97
585	1543.97
586	1543.97
587	1543.97
588	1543.97
589	1543.97
590	1543.97
591	1543.97
592	1543.97
593	1543.97
594	1543.97
595	1543.97
596	1543.97
597	1543.97
598	1543.97
599	1543.97
600	1543.97
601	1543.97
602	1543.97
603	1543.97
604	1488.65
605	1461.97
606	1448.45
607	1448.45
608	1448.45
609	1422.38
610	1422.38
611	1422.38
612	1409.44
613	1409.44
614	1409.44
615	1409.44
616	1409.44
617	1409.44
618	1409.44
619	1409.44
620	1409.44
621	1409.44
622	1409.44
623	1409.44
624	1409.44
625	1409.44
626	1409.44
627	1409.44
628	1409.44
629	1409.44
630	1409.44
631	1409.44
632	1409.44
633	1409.44
634	1409.44
635	1409.44
636	1409.44
637	1409.44
638	1409.44
639	1409.44
640	1409.44
641	1409.44
642	1409.44
643	1409.44
644	1409.44
645	1409.44
646	1409.44
647	1409.44
648	1409.44
649	1409.44
650	1409.44
651	1409.44
652	1409.44
653	1409.44
654	1409.44
655	1409.44
656	1409.44
657	1409.44
658	1409.44
659	1409.44
660	1409.44
661	1409.44
662	1409.44
663	1409.44
664	1409.44
665	1409.44
666	1409.44
667	1409.44
668	1409.44
669	1409.44
670	1409.44
671	1409.44
672	1409.44
673	1409.44
674	1409.44
675	1409.44
676	1409.44
677	1409.44
678	1409.44
679	1409.44
680	1409.44
681	1409.44
682	1390.47
683	1318
684	1318
685	1265.5
686	1231.68
687	1184.18
688	1124.69
689	1082.04
690	1082.04
691	1082.04
692	1082.04
693	1096.06
