1	407.636
2	407.636
3	407.636
4	407.636
5	331.827
6	315.438
7	274.7
8	273.882
9	227.1
10	203.11
11	181.947
12	184.581
13	174.295
14	172.899
15	170.17
16	159.409
17	159.855
18	157.299
19	153.801
20	153.613
21	148.765
22	153.602
23	158.669
24	158.739
25	165.766
26	168.397
27	191.377
28	200.228
29	200.756
30	207.128
31	226.352
32	251.315
33	303.78
34	332.315
35	395.675
36	399.839
37	425.207
38	463.862
39	547.925
40	693.931
41	1017.48
42	1233.23
43	1378.91
44	1539.02
45	1679.79
46	1732.17
47	2040.1
48	2098.5
49	2169.19
50	2169.75
51	2119.42
52	2138.63
53	2064.31
54	2111.38
55	2246.34
56	2423.73
57	2561.05
58	2624.13
59	2722.06
60	2793.51
61	2815.24
62	2827.49
63	2789.65
64	2718.21
65	2664.01
66	2612.99
67	2608.82
68	2605.45
69	2643.71
70	2773.83
71	2817.84
72	2830.2
73	2888.39
74	2888.4
75	2922.62
76	2954.77
77	2968.43
78	2999.66
79	3155.24
80	3267.15
81	3487.8
82	3579.11
83	3608.66
84	3611.17
85	3559.3
86	3510.63
87	3463.52
88	3434.89
89	3403.34
90	3365.22
91	3282.13
92	3242.33
93	3190.85
94	3176.79
95	3237.16
96	3306.39
97	3374.51
98	3466.72
99	3519.72
100	3560.96
101	3562.18
102	3559.1
103	3560.05
104	3526.11
105	3483.71
106	3495.01
107	3516.67
108	3529.59
109	3493.76
110	3484.74
111	3488.28
112	3484.46
113	3507.52
114	3516.49
115	3580.47
116	3581.98
117	3556.33
118	3554.75
119	3541
120	3546.68
121	3565.1
122	3624.06
123	3656.73
124	3648.12
125	3647.57
126	3633.2
127	3630.38
128	3624.5
129	3619.34
130	3636.36
131	3670.78
132	3730.7
133	3746.18
134	3705.06
135	3672.98
136	3695.75
137	3697.19
138	3681.53
139	3620.13
140	3570.33
141	3565.62
142	3550.74
143	3560.57
144	3565.8
145	3545.36
146	3573.79
147	3625.97
148	3654.95
149	3689.46
150	3623.8
151	3575.3
152	3526.83
153	3496.91
154	3475.8
155	3459.87
156	3432.85
157	3368.67
158	3330.47
159	3292.54
160	3277.62
161	3239.72
162	3190.5
163	3164.84
164	3146.25
165	3145.2
166	3147.05
167	3181.49
168	3202.54
169	3214.45
170	3229.66
171	3239.53
172	3278.94
173	3314.81
174	3341.66
175	3304.72
176	3255.64
177	3233.68
178	3243.3
179	3245.98
180	3231.84
181	3208.02
182	3228.99
183	3268.64
184	3330.3
185	3361.44
186	3358.23
187	3358.82
188	3305.12
189	3292.6
190	3264.12
191	3195.59
192	3163.57
193	3165.41
194	3142.55
195	3147.92
196	3101.57
197	3075.11
198	3083.16
199	3069.02
200	3057.8
201	3044.45
202	3022.14
203	3044.87
204	3076.61
205	3132.71
206	3190.68
207	3236.93
208	3271.4
209	3277.75
210	3285.72
211	3289.71
212	3268
213	3252.73
214	3198.65
215	3165.14
216	3142.85
217	3139.25
218	3143.85
219	3114.1
220	3114.26
221	3120.79
222	3119.83
223	3141.27
224	3173.56
225	3196.92
226	3257.19
227	3269.06
228	3295.24
229	3310.21
230	3335.88
231	3303.51
232	3282.45
233	3301.12
234	3317.68
235	3388.72
236	3455.84
237	3497.34
238	3544.44
239	3589.06
240	3631.2
241	3677.97
242	3697.16
243	3702.07
244	3684.85
245	3671.07
246	3671.38
247	3660.08
248	3650.42
249	3646.46
250	3655.6
251	3659.15
252	3669.68
253	3671.56
254	3680.98
255	3702.03
256	3709.01
257	3716.53
258	3709.62
259	3702.18
260	3692.16
261	3684.58
262	3696.04
263	3737.23
264	3733.32
265	3731.82
266	3741.56
267	3756.47
268	3769.63
269	3786.63
270	3779.92
271	3782.84
272	3733.24
273	3550.32
274	3323.14
275	3300.86
276	3302.14
277	3339.41
278	3378.28
279	3386.81
280	3406.63
281	3424.1
282	3419.64
283	3417.75
284	3420.29
285	3414.3
286	3381.58
287	3376.66
288	3353.27
289	3353.43
290	3070.14
291	3028.93
292	2954.4
293	2930.49
294	2936.43
295	2928.28
296	2932.93
297	2897.68
298	2794.63
299	2694.06
300	2666.89
301	2668.72
302	2620.89
303	2630.25
304	2639.75
305	2653.71
306	2665.75
307	2680.78
308	2704.54
309	2706.65
310	2712.45
311	2697.71
312	2703.71
313	2710.01
314	2707.7
315	2710.1
316	2714.84
317	2715.07
318	2711.96
319	2710.68
320	2709.94
321	2676.04
322	2617.43
323	2572.77
324	2579.95
325	2562.45
326	2560.99
327	2529.52
328	2533.51
329	2532.63
330	2541.05
331	2565.6
332	2589.33
333	2606.77
334	2606.2
335	2600.75
336	2571.63
337	2572.8
338	2517.66
339	2390.75
340	2342.06
341	2343.22
342	2345.29
343	2342.73
344	2339.15
345	2337.59
346	2349.66
347	2373.14
348	2380.83
349	2381.41
350	2380.76
351	2380.49
352	2389.18
353	2403.02
354	2441.85
355	2460.96
356	2476.73
357	2501.13
358	2512.6
359	2513.22
360	2529.03
361	2546.82
362	2563.49
363	2572.91
364	2568.54
365	2557.63
366	2549.28
367	2537.35
368	2525.87
369	2523.01
370	2525.67
371	2532.05
372	2550.09
373	2571.1
374	2570.36
375	2570.36
376	2570.36
377	2570.48
378	2570.87
379	2569.49
380	2566.74
381	2566.9
382	2569.47
383	2570.95
384	2567.67
385	2567.51
386	2564.47
387	2561.59
388	2561.22
389	2584.46
390	2593.11
391	2605.23
392	2630.33
393	2665.79
394	2688.91
395	2696.53
396	2701.25
397	2701.95
398	2702.74
399	2710.26
400	2722.19
401	2734.68
402	2718.01
403	2660.7
404	2555.56
405	2495.41
406	2499.91
407	2501.67
408	2503.97
409	2523.01
410	2533.62
411	2552.42
412	2569.35
413	2585.89
414	2595.1
415	2594.78
416	2591.09
417	2597.62
418	2614.37
419	2612.49
420	2617.04
421	2614.36
422	2621.39
423	2624.91
424	2628.26
425	2631.67
426	2643.05
427	2652.37
428	2652.37
429	2674.49
430	2674.55
431	2662.16
432	2642.26
433	2651.87
434	2668.63
435	2670.68
436	2699.19
437	2706.23
438	2715.41
439	2740.5
440	2765.92
441	2781.07
442	2804.04
443	2820.65
444	2845.25
445	2878.47
446	2893.24
447	2921.21
448	2957.87
449	3009.68
450	3017.92
451	3045.93
452	3034.96
453	3043.9
454	3039.38
455	3042.23
456	3042.23
457	3042.24
458	3042.24
459	3043.26
460	3043.45
461	3043.72
462	3070.18
463	3102.22
464	3132.67
465	3199
466	3278.3
467	3307.3
468	3324.76
469	3327.49
470	3327.69
471	3323.52
472	3290.54
473	3289.06
474	3260.79
475	3224.74
476	3170.12
477	3177.92
478	3094.9
479	3085.95
480	3095.04
481	3138.79
482	3164.48
483	3174.68
484	3186.64
485	3186.64
486	3186.64
487	3186.64
488	3186.64
489	3186.64
490	3186.64
491	3186.64
492	3197.96
493	3209.24
494	3209.24
495	3209.24
496	3229.68
497	3285.15
498	3335.84
499	3360.52
500	3398.04
501	3422.58
502	3422.58
503	3422.58
504	3422.58
505	3422.58
506	3422.58
507	3422.58
508	3422.58
509	3422.58
510	3422.58
511	3422.58
512	3422.58
513	3431.97
514	3449.45
515	3467.99
516	3494.55
517	3503.08
518	3512.37
519	3512.37
520	3512.37
521	3512.37
522	3512.37
523	3512.37
524	3512.37
525	3512.37
526	3446.49
527	3380.8
528	3285.93
529	3254.61
530	3224.46
531	3194.38
532	3194.38
533	3160.22
534	2994.83
535	2931.12
536	2899.78
537	2899.78
538	2868.77
539	2835.11
540	2801.84
541	2704.37
542	2704.37
543	2641.28
544	2579.66
545	2549.39
546	2549.39
547	2549.39
548	2549.39
549	2549.39
550	2549.39
551	2549.39
552	2549.39
553	2549.39
554	2549.39
555	2549.39
556	2549.39
557	2549.39
558	2549.39
559	2549.39
560	2549.39
561	2549.39
562	2549.39
563	2549.39
564	2549.39
565	2549.39
566	2549.39
567	2549.39
568	2549.39
569	2549.39
570	2549.39
571	2549.39
572	2549.39
573	2520.17
574	2434.5
575	2324.79
576	2271.81
577	2271.81
578	2271.81
579	2271.81
580	2271.81
581	2271.81
582	2271.81
583	2271.81
584	2271.81
585	2271.81
586	2271.81
587	2271.81
588	2271.81
589	2271.81
590	2271.81
591	2271.81
592	2271.81
593	2271.81
594	2271.81
595	2271.81
596	2271.81
597	2271.81
598	2271.81
599	2271.81
600	2271.81
601	2271.81
602	2271.81
603	2271.81
604	2271.81
605	2271.81
606	2271.81
607	2271.81
608	2271.81
609	2271.81
610	2271.81
611	2271.81
612	2271.81
613	2271.81
614	2271.81
615	2271.81
616	2271.81
617	2271.81
618	2271.81
619	2271.81
620	2271.81
621	2271.81
622	2271.81
623	2271.81
624	2271.81
625	2271.81
626	2271.81
627	2271.81
628	2271.81
629	2271.81
630	2271.81
631	2271.81
632	2271.81
633	2271.81
634	2271.81
635	2271.81
636	2271.81
637	2271.81
638	2271.81
639	2271.81
640	2271.81
641	2271.81
642	2271.81
643	2271.81
644	2271.81
645	2271.81
646	2271.81
647	2271.81
648	2271.81
649	2271.81
650	2271.81
651	2271.81
652	2271.81
653	2271.81
654	2271.81
655	2271.81
656	2271.81
657	2271.81
658	2271.81
659	2271.81
660	2271.81
661	2271.81
662	2271.81
663	2271.81
664	2271.81
665	2271.81
666	2271.81
667	2271.81
668	2271.81
669	2271.81
670	2271.81
671	2211.17
672	1984.36
673	1984.36
674	1984.36
675	1984.36
676	2027.84
