1	322.66
2	322.66
3	322.66
4	322.66
5	291.386
6	286.173
7	277.227
8	274.676
9	230.425
10	223.73
11	218.458
12	215.718
13	205.403
14	198.046
15	194.215
16	191.598
17	190.062
18	187.571
19	187.582
20	187.025
21	187.244
22	189.858
23	190.281
24	188.816
25	191.342
26	188.497
27	192.16
28	198.668
29	202.263
30	205.578
31	215.211
32	219.567
33	227.702
34	239.747
35	257.773
36	262.908
37	281.834
38	298.633
39	319.867
40	361.836
41	405.11
42	525.496
43	638.767
44	936.325
45	935.806
46	1150.33
47	1198.27
48	1304.26
49	1400.64
50	1552.08
51	1951.9
52	2051.23
53	2305.31
54	2344.24
55	2331.12
56	2489.35
57	2731.45
58	2831.22
59	3174.16
60	3290.12
61	3327.85
62	3367.23
63	3469.66
64	3708.32
65	3972.03
66	4060.06
67	4197.44
68	4492.64
69	4567.38
70	4597.19
71	4591.4
72	4467.39
73	4511.63
74	4496.64
75	4424.2
76	4545.71
77	4569.87
78	4667.55
79	4734.37
80	4802.09
81	4871.89
82	4967.86
83	5128.88
84	5227.31
85	5238.01
86	5220.65
87	5147.97
88	5072.67
89	5097.31
90	5118.4
91	5130.48
92	5045.83
93	4919.71
94	4955.87
95	4907.31
96	4889.45
97	4920.82
98	4887.18
99	4955.38
100	4957.7
101	4996.03
102	5026.18
103	5066.99
104	5133.45
105	5106.11
106	5136.5
107	5123.81
108	5035.39
109	4973.3
110	4976.4
111	5009.81
112	5013.86
113	5059.5
114	5019.52
115	5054.17
116	5046.04
117	5166.59
118	5160.47
119	5128.59
120	5186.88
121	5193.15
122	5144.23
123	5164.52
124	5191.29
125	5120.23
126	5136.26
127	5127.45
128	5164.44
129	5171.54
130	5162.45
131	5175.19
132	5201.9
133	5193.57
134	5175.76
135	5157.32
136	5033.94
137	4958.36
138	4839.55
139	4801.87
140	4775.07
141	4740.56
142	4759.54
143	4722.49
144	4707.09
145	4713.79
146	4727.14
147	4794.87
148	4853.83
149	4928.94
150	4932.15
151	4967.44
152	4989.42
153	5020.1
154	5038.59
155	5071.05
156	5105.31
157	5110.43
158	5070.08
159	5024.77
160	5004.5
161	4912.65
162	4783.04
163	4739.95
164	4675.5
165	4610.96
166	4550.36
167	4521.91
168	4480.52
169	4449.78
170	4414.8
171	4363.54
172	4316.89
173	4354.5
174	4355.93
175	4371.14
176	4345.55
177	4294.75
178	4205.96
179	4100.09
180	4020.89
181	4011.28
182	4107.59
183	4084.55
184	4168.65
185	4186.34
186	4195.6
187	4199.55
188	4169.82
189	4166.25
190	4148.38
191	4142.95
192	4055.34
193	4025.24
194	3966.17
195	3953.12
196	3945.47
197	3959.87
198	4006.67
199	4035.12
200	4057.42
201	3955.47
202	3913.62
203	3730.48
204	3593.97
205	3538.42
206	3524.36
207	3517.41
208	3486.88
209	3475.31
210	3454.77
211	3473.29
212	3438.04
213	3431.31
214	3414.45
215	3403.57
216	3391.68
217	3421.3
218	3421.38
219	3388.98
220	3389.99
221	3409.18
222	3435.28
223	3451.24
224	3452.98
225	3412.14
226	3353.81
227	3366
228	3374.87
229	3389.32
230	3420.43
231	3445.02
232	3477.5
233	3480.05
234	3517.6
235	3546.34
236	3560.88
237	3568.58
238	3550.98
239	3548.08
240	3542.83
241	3533.2
242	3529.83
243	3588.89
244	3643.25
245	3654.15
246	3670.06
247	3685.28
248	3546.5
249	3283.2
250	3240.04
251	3244.59
252	3252.02
253	3259.1
254	3264.72
255	3255.2
256	3258.89
257	3258.44
258	3257.6
259	3257.16
260	3254.72
261	3254.08
262	3244.22
263	3236.95
264	3225.03
265	3219.68
266	3207.98
267	3196.92
268	3053.14
269	3033.55
270	2852.7
271	2860.03
272	2878.2
273	2891.1
274	2912.95
275	2914.92
276	2915.56
277	2920.71
278	2923.67
279	2927.39
280	2926.89
281	2927.72
282	2922.69
283	2919.95
284	2923.29
285	2926.56
286	2915.65
287	2913.18
288	2907.94
289	2875.97
290	2833.28
291	2846.36
292	2865.55
293	2788.04
294	2680.06
295	2624.55
296	2622.35
297	2602.3
298	2590.48
299	2578.35
300	2441.33
301	2428.9
302	2340.27
303	2349.45
304	2356.91
305	2364.85
306	2304.63
307	2223.79
308	2121.37
309	2133.47
310	2094.28
311	2065.5
312	2037.8
313	2012.62
314	1963.55
315	1917.95
316	1877.93
317	1903.81
318	1917.41
319	1937.52
320	1960.79
321	1958.61
322	1958.04
323	1956.15
324	1971.59
325	1979.71
326	2013.48
327	2065.84
328	2105.09
329	2112.57
330	2119.35
331	2130.43
332	2127.02
333	2131.31
334	2127.95
335	2126.37
336	2127.27
337	2124.26
338	2124.78
339	2119.55
340	2118.24
341	2111.17
342	2113.32
343	2122.99
344	2140.18
345	2153.42
346	2162.4
347	2171.23
348	2216.56
349	2234.11
350	2271.98
351	2292.7
352	2294.62
353	2321.13
354	2318.73
355	2324.45
356	2331.73
357	2337.18
358	2344.05
359	2344.26
360	2346.75
361	2347.77
362	2350.61
363	2355.2
364	2369.88
365	2380.73
366	2390.29
367	2409.01
368	2409.55
369	2411.97
370	2398.3
371	2398.99
372	2399.57
373	2396.59
374	2366.71
375	2322.6
376	2258.95
377	2218.83
378	2180.55
379	2159.96
380	2164.41
381	2162.77
382	2163.56
383	2166.75
384	2183.63
385	2133.58
386	2029.96
387	2009.69
388	2021.2
389	2041.83
390	2033.78
391	2040.5
392	2059.95
393	2062.52
394	2081.02
395	2097.74
396	2106.65
397	2126.17
398	2129.32
399	2130.85
400	2146.64
401	2145.13
402	2151.7
403	2160.22
404	2161.76
405	2174.31
406	2200.61
407	2235.79
408	2248.39
409	2266.88
410	2283.76
411	2292.55
412	2333.41
413	2349.14
414	2354.34
415	2353.83
416	2366.58
417	2379.47
418	2380.42
419	2409.75
420	2432.87
421	2436.16
422	2439.9
423	2446.99
424	2449.15
425	2450.43
426	2480.32
427	2513.34
428	2524.31
429	2538.94
430	2541.36
431	2547.3
432	2546.61
433	2546.19
434	2543.85
435	2543.85
436	2540.26
437	2550.43
438	2517.95
439	2514.86
440	2457.02
441	2466.63
442	2462.23
443	2478.89
444	2446.76
445	2424.85
446	2344.81
447	2318.83
448	2327.17
449	2327.17
450	2303.53
451	2325.64
452	2341.12
453	2389.2
454	2410
455	2421.21
456	2458.82
457	2474.32
458	2484.29
459	2494.38
460	2512.72
461	2532.54
462	2542.1
463	2542.41
464	2542.41
465	2550.97
466	2558.86
467	2607.02
468	2631.76
469	2677.66
470	2733.75
471	2755.45
472	2788.77
473	2811.12
474	2812.81
475	2823.56
476	2832.45
477	2851.88
478	2876.11
479	2876.34
480	2876.59
481	2886.34
482	2895.12
483	2893.51
484	2914.78
485	2915.59
486	2916.56
487	2917.62
488	2918.25
489	2918.25
490	2918.25
491	2918.25
492	2918.25
493	2918.25
494	2918.25
495	2918.25
496	2918.25
497	2918.25
498	2892.29
499	2867.28
500	2841.87
501	2792.53
502	2719.75
503	2695.95
504	2695.95
505	2672.61
506	2672.61
507	2672.61
508	2672.61
509	2672.61
510	2672.61
511	2672.61
512	2672.61
513	2672.61
514	2672.61
515	2672.61
516	2672.61
517	2672.61
518	2672.61
519	2672.61
520	2672.61
521	2672.61
522	2672.61
523	2672.61
524	2672.61
525	2672.61
526	2672.61
527	2672.61
528	2672.61
529	2672.61
530	2672.61
531	2672.61
532	2672.61
533	2672.61
534	2672.61
535	2672.61
536	2672.61
537	2672.61
538	2672.61
539	2672.61
540	2672.61
541	2672.61
542	2672.61
543	2672.61
544	2672.61
545	2672.61
546	2672.61
547	2672.61
548	2672.61
549	2672.61
550	2672.61
551	2672.61
552	2672.61
553	2672.61
554	2672.61
555	2672.61
556	2672.61
557	2672.61
558	2672.61
559	2672.61
560	2672.61
561	2672.61
562	2672.61
563	2672.61
564	2672.61
565	2672.61
566	2672.61
567	2672.61
568	2672.61
569	2672.61
570	2672.61
571	2672.61
572	2672.61
573	2672.61
574	2672.61
575	2672.61
576	2672.61
577	2672.61
578	2672.61
579	2672.61
580	2672.61
581	2672.61
582	2672.61
583	2672.61
584	2672.61
585	2672.61
586	2672.61
587	2672.61
588	2672.61
589	2672.61
590	2672.61
591	2672.61
592	2672.61
593	2672.61
594	2672.61
595	2672.61
596	2672.61
597	2672.61
598	2672.61
599	2672.61
600	2672.61
601	2672.61
602	2672.61
603	2672.61
604	2672.61
605	2672.61
606	2672.61
607	2672.61
608	2672.61
609	2672.61
610	2672.61
611	2672.61
612	2672.61
613	2672.61
614	2672.61
615	2672.61
616	2672.61
617	2672.61
618	2672.61
619	2672.61
620	2672.61
621	2672.61
622	2672.61
623	2672.61
624	2672.61
625	2672.61
626	2672.61
627	2672.61
628	2672.61
629	2672.61
630	2672.61
631	2672.61
632	2672.61
633	2672.61
634	2672.61
635	2672.61
636	2672.61
637	2672.61
638	2672.61
639	2672.61
640	2672.61
641	2672.61
642	2672.61
643	2672.61
644	2672.61
645	2672.61
646	2672.61
647	2672.61
648	2672.61
649	2672.61
650	2672.61
651	2672.61
652	2672.61
653	2672.61
654	2672.61
655	2672.61
656	2672.61
657	2672.61
658	2672.61
659	2672.61
660	2672.61
661	2672.61
662	2672.61
663	2672.61
664	2672.61
665	2672.61
666	2672.61
667	2672.61
668	2672.61
669	2672.61
670	2672.61
671	2672.61
672	2672.61
673	2672.61
674	2672.61
675	2672.61
676	2672.61
677	2672.61
678	2672.61
679	2672.61
680	2672.61
681	2672.61
682	2672.61
683	2672.61
684	2672.61
685	2672.61
686	2672.61
687	2672.61
688	2672.61
689	2672.61
690	2672.61
691	2672.61
692	2672.61
693	2675.61
