1	223.264
2	223.264
3	223.264
4	223.264
5	222.046
6	222.269
7	221.696
8	221.362
9	217.5
10	216.812
11	219.189
12	219.394
13	217.798
14	217.352
15	214.334
16	212.919
17	214.382
18	211.707
19	209.288
20	208.837
21	211.561
22	211.004
23	212.355
24	213.552
25	214.412
26	219.312
27	222.245
28	223.448
29	222.974
30	223.631
31	226.809
32	226.852
33	231.915
34	238.536
35	250.24
36	259.319
37	262.91
38	270.291
39	298.546
40	302.807
41	325.776
42	329.6
43	336.399
44	343.744
45	359.659
46	403.48
47	489.698
48	540.832
49	640.037
50	912.275
51	1064.11
52	1091.67
53	1189.54
54	1378
55	1612.18
56	2065.68
57	2184.36
58	2626.3
59	3189.99
60	3492.25
61	3677.63
62	4074.96
63	4214.86
64	4205.59
65	4261.51
66	4332.62
67	4342.16
68	4371.67
69	4439.49
70	4564.89
71	4615.36
72	4706.06
73	4930.05
74	4891.02
75	4845.81
76	4783.63
77	4949.01
78	5003.14
79	4990.66
80	4999.43
81	5142.45
82	5234.56
83	5404.3
84	5479.91
85	5558.53
86	5607.84
87	5633.44
88	5691.68
89	5669.85
90	5682.04
91	5744.91
92	5756.25
93	5742.29
94	5674.99
95	5574.64
96	5476.93
97	5386.99
98	5391.16
99	5316.76
100	5323.99
101	5364.31
102	5389.5
103	5380.46
104	5448.36
105	5499.67
106	5584.77
107	5721.55
108	5613.28
109	5575.92
110	5502.04
111	5507.57
112	5470.69
113	5483.58
114	5487.7
115	5501.31
116	5576.14
117	5627.13
118	5647.15
119	5662.68
120	5523.54
121	5381.93
122	5245.86
123	5097.68
124	5016.07
125	4935.13
126	4903.43
127	4948.49
128	4984.76
129	5023.66
130	5034.97
131	5077.71
132	5104.54
133	5151.39
134	5217.94
135	5270.17
136	5374.7
137	5458.64
138	5502.81
139	5509.49
140	5516.59
141	5513.87
142	5495.6
143	5462.38
144	5470.98
145	5460.25
146	5408.83
147	5441.28
148	5398.47
149	5371.34
150	5370.89
151	5391.02
152	5452.84
153	5475.59
154	5487.98
155	5471.49
156	5417.92
157	5348.81
158	5260.31
159	5168.25
160	5087.8
161	5041.34
162	5005.73
163	4986.46
164	4980.59
165	4996.34
166	4940.01
167	4900.75
168	4894.65
169	4870.91
170	4813.57
171	4763.53
172	4770.66
173	4746.67
174	4701.02
175	4616.57
176	4538.91
177	4497.23
178	4531.64
179	4512.67
180	4442.81
181	4374.67
182	4327.84
183	4244.79
184	4161.16
185	4068.45
186	4019.62
187	4040.27
188	4079.5
189	4163.41
190	4221.17
191	4267.66
192	4282.97
193	4303.66
194	4292.19
195	4334.62
196	4420.73
197	4462.99
198	4490.25
199	4388.27
200	4285.89
201	4256.76
202	4238.8
203	4235.3
204	4245.83
205	4318.68
206	4355.28
207	4373.64
208	4372.51
209	4399.58
210	4420.15
211	4457.5
212	4441.35
213	4426.7
214	4419.13
215	4414.7
216	4407.06
217	4388.87
218	4388.08
219	4349.57
220	4309.96
221	4290.48
222	4278.31
223	4240.27
224	4227.2
225	4169.03
226	4111.81
227	4070.45
228	4013.19
229	3892.62
230	3825.67
231	3814.92
232	3790.78
233	3793.59
234	3776.6
235	3773.1
236	3739.7
237	3706.37
238	3686.39
239	3696.41
240	3796.15
241	3886.34
242	3893.61
243	3888.62
244	3879.64
245	3865.11
246	3868.21
247	3857.74
248	3854.99
249	3851.41
250	3845.62
251	3864
252	3834.49
253	3839.72
254	3848.42
255	3879.36
256	3891.95
257	3906.31
258	3925.4
259	3916.3
260	3890.31
261	3862.53
262	3845.95
263	3830.79
264	3825.54
265	3817.95
266	3805.04
267	3805.45
268	3796.5
269	3782.09
270	3773.47
271	3759.77
272	3768.27
273	3771.19
274	3772.17
275	3771.51
276	3769.63
277	3767.57
278	3766.16
279	3764.91
280	3771.47
281	3771.4
282	3778.77
283	3778.62
284	3806.64
285	3820
286	3819.72
287	3824.31
288	3824.31
289	3828.76
290	3825.51
291	3823.03
292	3822.47
293	3824.21
294	3823.23
295	3818.22
296	3817.99
297	3815.01
298	3813.56
299	3811.92
300	3809.88
301	3800.89
302	3781.92
303	3783.24
304	3783.92
305	3763.77
306	3735.79
307	3719.84
308	3695.43
309	3607.51
310	3503.69
311	3332.34
312	3195.47
313	3067.03
314	2990.13
315	3023.03
316	2987.81
317	2983.74
318	2954.98
319	2839.05
320	2741.31
321	2751.04
322	2685.77
323	2699.86
324	2711.32
325	2710.85
326	2716.29
327	2710.13
328	2696.84
329	2683.35
330	2681.84
331	2672.62
332	2671.14
333	2657.1
334	2646.21
335	2621.55
336	2615.49
337	2605.27
338	2595.36
339	2559.07
340	2495.04
341	2460.87
342	2372.73
343	2290.59
344	2285.86
345	2286.8
346	2283.72
347	2283.25
348	2282.95
349	2283.19
350	2277.23
351	2264.93
352	2240.21
353	2234.87
354	2230.5
355	2228.97
356	2220.09
357	2217.76
358	2217.39
359	2217.39
360	2216.34
361	2216.34
362	2217.4
363	2224.97
364	2221.71
365	2230.2
366	2232.28
367	2233.29
368	2236.05
369	2249.4
370	2264.91
371	2297.56
372	2328.35
373	2345.46
374	2374.91
375	2384.6
376	2385.13
377	2389.29
378	2390.03
379	2390.17
380	2390.37
381	2389.22
382	2389.79
383	2396.89
384	2429.66
385	2445.37
386	2483.28
387	2511.16
388	2539.63
389	2544.6
390	2544.54
391	2551.45
392	2556.94
393	2558.87
394	2557.72
395	2553.34
396	2559.26
397	2575.6
398	2600.84
399	2607.96
400	2613.12
401	2618.95
402	2656.12
403	2692.74
404	2706.4
405	2749.48
406	2763.38
407	2787.23
408	2801.74
409	2810.68
410	2816.88
411	2840.98
412	2887.97
413	2905.71
414	2919.69
415	2907.62
416	2903.94
417	2858.39
418	2803.09
419	2804.04
420	2758.77
421	2752.46
422	2753.44
423	2758.76
424	2762.39
425	2763.83
426	2765.53
427	2769.18
428	2792.04
429	2794.97
430	2825.86
431	2838.26
432	2860.5
433	2857.96
434	2857.34
435	2866.69
436	2900.62
437	3009.97
438	3113.6
439	3181.07
440	3205.17
441	3235.74
442	3269
443	3284.04
444	3304.37
445	3362.73
446	3399.46
447	3391.65
448	3386.44
449	3393.48
450	3427.07
451	3446.84
452	3463.31
453	3500.34
454	3549.93
455	3613.41
456	3641.67
457	3676.38
458	3724.53
459	3819.45
460	3980.43
461	4080.76
462	4113.19
463	4133.59
464	4158.51
465	4158.87
466	4207.01
467	4246.99
468	4284.24
469	4284.24
470	4284.24
471	4350.95
472	4449.65
473	4505.12
474	4512.84
475	4564.61
476	4606.62
477	4639.9
478	4660.63
479	4665.6
480	4665.56
481	4667.92
482	4667.11
483	4665.71
484	4671.68
485	4668.02
486	4668.02
487	4664.67
488	4664.67
489	4664.67
490	4664.67
491	4664.67
492	4664.67
493	4664.67
494	4664.67
495	4664.67
496	4664.67
497	4664.67
498	4664.67
499	4664.67
500	4664.67
501	4664.67
502	4664.67
503	4664.67
504	4664.67
505	4664.67
506	4664.67
507	4664.67
508	4664.67
509	4664.67
510	4664.67
511	4664.67
512	4664.67
513	4664.67
514	4664.67
515	4664.67
516	4664.67
517	4664.67
518	4664.67
519	4664.67
520	4664.67
521	4664.67
522	4664.67
523	4664.67
524	4664.67
525	4664.67
526	4664.67
527	4664.67
528	4664.67
529	4664.67
530	4664.67
531	4664.67
532	4664.67
533	4664.67
534	4664.67
535	4664.67
536	4664.67
537	4612.03
538	4612.03
539	4612.03
540	4508.51
541	4407.31
542	4308.38
543	4308.38
544	4308.38
545	4211.68
546	4164.14
547	4164.14
548	4164.14
549	4164.14
550	4164.14
551	4164.14
552	4164.14
553	4164.14
554	4164.14
555	4164.14
556	4164.14
557	4164.14
558	4164.14
559	4164.14
560	4164.14
561	4164.14
562	4164.14
563	4164.14
564	4164.14
565	4164.14
566	4164.14
567	4164.14
568	4164.14
569	4164.14
570	4164.14
571	4164.14
572	4164.14
573	4164.14
574	4164.14
575	4164.14
576	4164.14
577	4164.14
578	4164.14
579	4164.14
580	4164.14
581	4164.14
582	4164.14
583	4164.14
584	4164.14
585	4164.14
586	4164.14
587	4164.14
588	4164.14
589	4164.14
590	4164.14
591	4164.14
592	4164.14
593	4164.14
594	4164.14
595	4164.14
596	4164.14
597	4164.14
598	4164.14
599	4164.14
600	4164.14
601	4164.14
602	4164.14
603	4164.14
604	4164.14
605	4164.14
606	4164.14
607	4164.14
608	4164.14
609	4164.14
610	4164.14
611	4164.14
612	4164.14
613	4164.14
614	4164.14
615	4164.14
616	4164.14
617	4164.14
618	4164.14
619	4164.14
620	4164.14
621	4164.14
622	4164.14
623	4164.14
624	4164.14
625	4164.14
626	4164.14
627	4164.14
628	4164.14
629	4164.14
630	4164.14
631	4164.14
632	4164.14
633	4164.14
634	4164.14
635	4164.14
636	4164.14
637	4164.14
638	4164.14
639	4164.14
640	4164.14
641	4164.14
642	4164.14
643	4164.14
644	4164.14
645	4164.14
646	4164.14
647	4164.14
648	4164.14
649	4164.14
650	4164.14
651	4164.14
652	4164.14
653	4164.14
654	4164.14
655	4164.14
656	4164.14
657	4164.14
658	4164.14
659	4164.14
660	4164.14
661	4164.14
662	4164.14
663	4164.14
664	4164.14
665	4164.14
666	4164.14
667	4164.14
668	4164.14
669	4164.14
670	4164.14
671	4164.14
672	4164.14
673	4164.14
674	4164.14
675	4164.14
676	4164.14
677	4164.14
678	4164.14
679	4109.25
680	4109.25
681	4055.08
682	4055.08
683	4001.62
684	3794.76
685	3648.99
686	3328.29
687	3199.22
688	3036.56
689	2807.4
690	2807.4
691	2807.4
692	2807.4
693	2844.08
