1	370.586
2	370.586
3	370.586
4	370.586
5	290.515
6	285.134
7	278.828
8	276.104
9	244.83
10	235.346
11	219.328
12	212.761
13	201.583
14	202.267
15	206.201
16	205.693
17	198.471
18	197.131
19	198.417
20	198.558
21	196.354
22	195.485
23	193.676
24	191.339
25	188.505
26	188.598
27	188.845
28	190.455
29	192.801
30	198.726
31	202.459
32	204.73
33	220.707
34	222.034
35	227.959
36	247.594
37	273.387
38	276.624
39	310.043
40	335.92
41	340.268
42	352.43
43	371.831
44	408.424
45	409.299
46	444.246
47	454.505
48	554.919
49	747.127
50	896.699
51	1065.7
52	1574.53
53	1987.27
54	2781.52
55	3191.14
56	3496.68
57	3959.51
58	4047.23
59	4807.73
60	5046.38
61	5048.84
62	5088.43
63	5135.19
64	5077.98
65	5028.13
66	4989.78
67	4920.91
68	4888.6
69	4733.98
70	4744.17
71	4872.24
72	4922.93
73	4952.53
74	4976.62
75	4956.2
76	5005.47
77	5031.2
78	5024.93
79	5060.42
80	5031.72
81	5040.03
82	5081.28
83	5068.97
84	5127.29
85	5104.85
86	5196.65
87	5228.74
88	5266.96
89	5298.34
90	5265.44
91	5286.99
92	5245.65
93	5235.68
94	5252.8
95	5350.13
96	5355.48
97	5318.95
98	5211.48
99	5231.85
100	5152.26
101	5140.81
102	5357.88
103	5461.75
104	5476.31
105	5530.05
106	5552.39
107	5476.49
108	5445.61
109	5549.11
110	5508.8
111	5485.3
112	5521.63
113	5537.54
114	5520.32
115	5563.33
116	5548.11
117	5466.15
118	5468.99
119	5484.12
120	5483.03
121	5500.22
122	5505.81
123	5570.23
124	5646.33
125	5682.42
126	5673.27
127	5623.15
128	5616.1
129	5563.25
130	5574.69
131	5593.65
132	5635.45
133	5687.34
134	5743.33
135	5717.15
136	5693.57
137	5693.72
138	5748.21
139	5646.62
140	5572.54
141	5500.91
142	5374.51
143	5212.6
144	5195.87
145	5230.13
146	5215.56
147	5276.17
148	5381.54
149	5411.24
150	5422.86
151	5459.9
152	5461.55
153	5427.14
154	5428.94
155	5393.42
156	5351.95
157	5263.68
158	5236.21
159	5211.48
160	5242.47
161	5262.72
162	5296.48
163	5327.95
164	5255.13
165	5246.96
166	5222.01
167	5144.81
168	5044.09
169	4925.24
170	4887.17
171	4835.79
172	4763.71
173	4710.46
174	4655.36
175	4493.67
176	4423.33
177	4440
178	4466.7
179	4561.37
180	4650.62
181	4616.39
182	4556.51
183	4543.28
184	4486.35
185	4456.16
186	4450.8
187	4434.77
188	4412.95
189	4385.39
190	4415.77
191	4408.64
192	4345.89
193	4302.14
194	4256.16
195	4238.06
196	4071.91
197	3986.63
198	3942.36
199	3940.35
200	3933.95
201	3977.3
202	3996.81
203	4030.7
204	3994.81
205	3974.63
206	3939.09
207	3897.91
208	3865.93
209	3837.6
210	3703.49
211	3657.59
212	3607.08
213	3594.5
214	3537.84
215	3538.8
216	3500.12
217	3485.04
218	3511.12
219	3409.24
220	3401.51
221	3368.01
222	3370.85
223	3368.56
224	3362.28
225	3338.81
226	3327.09
227	3306.66
228	3260.31
229	3212.69
230	3172.22
231	3143.99
232	3137.22
233	3091.75
234	3070.49
235	3090.82
236	3152.91
237	3184.37
238	3187.99
239	3237.4
240	3246.41
241	3235.64
242	3242.87
243	3243.28
244	3232.42
245	3225.6
246	3225.91
247	3224.51
248	3214.94
249	3211.71
250	3207.44
251	3200.12
252	3194.99
253	3191.08
254	3185.28
255	3185.83
256	3186.67
257	3191.08
258	3190.69
259	3186.3
260	3193.15
261	3194.5
262	3217.38
263	3225.03
264	3249.52
265	3286.71
266	3303.38
267	3313.58
268	3320.81
269	3317.67
270	3318
271	3311.01
272	3331.97
273	3357.03
274	3409.16
275	3409.95
276	3414.44
277	3440.25
278	3505.01
279	3520.71
280	3571.07
281	3593.15
282	3586.05
283	3584.3
284	3583.78
285	3584.98
286	3581.5
287	3587.04
288	3587.74
289	3603.78
290	3653.46
291	3652.05
292	3662.69
293	3664.39
294	3673.76
295	3673.5
296	3673.5
297	3672.94
298	3673.79
299	3671.11
300	3666.97
301	3664.37
302	3665.06
303	3613.83
304	3338
305	3249.1
306	3043.98
307	2750.22
308	2614.6
309	2552.4
310	2467.91
311	2393.38
312	2298.5
313	2064.15
314	1945.9
315	1816.07
316	1717.68
317	1651.97
318	1620.16
319	1606.53
320	1607.43
321	1608.7
322	1607.93
323	1607.77
324	1610.6
325	1615.64
326	1619.24
327	1622.25
328	1626.16
329	1626.52
330	1628.02
331	1626.09
332	1605.34
333	1531.28
334	1495.06
335	1456.46
336	1467.06
337	1486.3
338	1491.01
339	1511.06
340	1516.26
341	1531.1
342	1536.55
343	1541.67
344	1549.76
345	1549.2
346	1548.86
347	1550.7
348	1552.8
349	1554.34
350	1553.84
351	1553.85
352	1555.78
353	1555.92
354	1538.14
355	1538.14
356	1537.8
357	1499.36
358	1461.99
359	1407.92
360	1389.74
361	1390.08
362	1376.52
363	1388.85
364	1404.72
365	1417.17
366	1432.51
367	1435.33
368	1451.89
369	1473.76
370	1483.95
371	1490.46
372	1497.46
373	1503.33
374	1504.7
375	1498.5
376	1495.96
377	1500.13
378	1511.92
379	1539.69
380	1540.15
381	1539.95
382	1536.85
383	1536.85
384	1537.63
385	1544.43
386	1546.44
387	1547.96
388	1549.16
389	1551.09
390	1548.43
391	1550.28
392	1566.65
393	1570.44
394	1578.41
395	1604.13
396	1609.8
397	1615.36
398	1625.69
399	1641.96
400	1638.9
401	1654.49
402	1670.3
403	1685.5
404	1696.84
405	1714.4
406	1717.38
407	1723.91
408	1741.02
409	1773.7
410	1772.76
411	1785.31
412	1797.62
413	1807.39
414	1845.89
415	1890.05
416	1929.53
417	1950.23
418	1986.63
419	1987.13
420	2012.53
421	2023.79
422	2031.48
423	2041.38
424	2067.85
425	2109.08
426	2133.57
427	2158.54
428	2164.13
429	2164.86
430	2182.91
431	2194.01
432	2205.69
433	2238.89
434	2247.63
435	2253.86
436	2269.52
437	2276.2
438	2280.46
439	2298.31
440	2308.77
441	2308.42
442	2315.54
443	2328.46
444	2329.75
445	2329.02
446	2329
447	2324.04
448	2317.01
449	2316.71
450	2318.88
451	2320.54
452	2320.58
453	2316.76
454	2316.76
455	2314.34
456	2311.16
457	2310.1
458	2310.08
459	2310.08
460	2310.42
461	2312.48
462	2314.98
463	2323.29
464	2335.53
465	2331.94
466	2265.81
467	2218.83
468	2134.23
469	2084.68
470	2062.78
471	2065.67
472	2067.15
473	2067.98
474	2080.48
475	2097.44
476	2128.49
477	2142.89
478	2147.2
479	2156.68
480	2161.17
481	2166.88
482	2172.31
483	2176.47
484	2210.93
485	2215.96
486	2248.74
487	2248.74
488	2253.2
489	2253.2
490	2258.54
491	2258.54
492	2258.54
493	2265.22
494	2279.65
495	2286.81
496	2293.29
497	2307.55
498	2328.54
499	2328.54
500	2328.54
501	2328.54
502	2328.54
503	2328.54
504	2328.54
505	2328.54
506	2328.54
507	2328.54
508	2328.54
509	2328.54
510	2328.54
511	2328.54
512	2328.54
513	2328.54
514	2328.54
515	2328.54
516	2328.54
517	2328.54
518	2328.54
519	2328.54
520	2328.54
521	2328.54
522	2328.54
523	2328.54
524	2328.54
525	2328.54
526	2328.54
527	2328.54
528	2328.54
529	2328.54
530	2328.54
531	2328.54
532	2328.54
533	2328.54
534	2328.54
535	2328.54
536	2328.54
537	2328.54
538	2328.54
539	2328.54
540	2328.54
541	2328.54
542	2328.54
543	2328.54
544	2328.54
545	2328.54
546	2328.54
547	2328.54
548	2328.54
549	2328.54
550	2328.54
551	2328.54
552	2328.54
553	2328.54
554	2328.54
555	2328.54
556	2328.54
557	2328.54
558	2328.54
559	2328.54
560	2328.54
561	2328.54
562	2328.54
563	2328.54
564	2328.54
565	2328.54
566	2328.54
567	2328.54
568	2328.54
569	2328.54
570	2328.54
571	2328.54
572	2328.54
573	2328.54
574	2328.54
575	2328.54
576	2328.54
577	2328.54
578	2328.54
579	2328.54
580	2328.54
581	2328.54
582	2328.54
583	2328.54
584	2328.54
585	2328.54
586	2328.54
587	2328.54
588	2328.54
589	2328.54
590	2328.54
591	2328.54
592	2328.54
593	2328.54
594	2328.54
595	2328.54
596	2328.54
597	2328.54
598	2328.54
599	2328.54
600	2328.54
601	2328.54
602	2328.54
603	2328.54
604	2328.54
605	2328.54
606	2328.54
607	2328.54
608	2328.54
609	2328.54
610	2328.54
611	2328.54
612	2328.54
613	2328.54
614	2328.54
615	2328.54
616	2328.54
617	2328.54
618	2328.54
619	2328.54
620	2328.54
621	2328.54
622	2328.54
623	2328.54
624	2328.54
625	2328.54
626	2328.54
627	2328.54
628	2328.54
629	2328.54
630	2328.54
631	2328.54
632	2328.54
633	2328.54
634	2328.54
635	2328.54
636	2328.54
637	2328.54
638	2328.54
639	2328.54
640	2328.54
641	2328.54
642	2328.54
643	2328.54
644	2328.54
645	2328.54
646	2328.54
647	2328.54
648	2328.54
649	2328.54
650	2328.54
651	2328.54
652	2328.54
653	2328.54
654	2328.54
655	2328.54
656	2328.54
657	2328.54
658	2328.54
659	2328.54
660	2328.54
661	2328.54
662	2328.54
663	2328.54
664	2328.54
665	2328.54
666	2328.54
667	2328.54
668	2328.54
669	2328.54
670	2328.54
671	2328.54
672	2328.54
673	2328.54
674	2328.54
675	2328.54
676	2328.54
677	2328.54
678	2328.54
679	2328.54
680	2328.54
681	2328.54
682	2371.68
