1	319.6
2	319.6
3	319.6
4	319.6
5	283.585
6	279.702
7	271.965
8	268.667
9	238.153
10	231.681
11	225.677
12	221.401
13	213.649
14	203.475
15	193.889
16	192.856
17	187.291
18	179.844
19	179.727
20	176.948
21	179.013
22	180.424
23	179.846
24	178.297
25	175.938
26	171.612
27	172.867
28	173.706
29	172.546
30	177.335
31	181.38
32	184.965
33	202.844
34	203.804
35	205.604
36	215.508
37	217.494
38	241.903
39	257.046
40	265.083
41	269.669
42	332.755
43	404.59
44	470.8
45	523.975
46	573.206
47	814.911
48	1283.33
49	1463.37
50	2607.72
51	3126.7
52	3592.14
53	4270.08
54	5155.32
55	5962.06
56	5918.25
57	5944.25
58	5973.93
59	6045.34
60	6014.21
61	6086.53
62	6137.46
63	6119.69
64	6133.62
65	6118.87
66	6106.62
67	6201.94
68	6285.43
69	6333.95
70	6287.72
71	6146.17
72	5915.12
73	5693.67
74	5552.77
75	5554.73
76	5540.35
77	5576.6
78	5662.48
79	5849.8
80	5956.94
81	6046.65
82	6282.56
83	6436.28
84	6416.24
85	6378.97
86	6353.74
87	6262.38
88	6326.13
89	6190.49
90	6019.74
91	5951.19
92	5908.71
93	5859.77
94	5720.5
95	5650.1
96	5650.84
97	5587.96
98	5602.11
99	5650
100	5594.13
101	5610.54
102	5620.36
103	5604.3
104	5610.34
105	5603.59
106	5593.79
107	5677.06
108	5797.48
109	5776.5
110	5863.58
111	5963.92
112	6044.94
113	6153.33
114	6192.5
115	6228.93
116	6221.31
117	6225.07
118	6241.37
119	6437.91
120	6491.76
121	6579.36
122	6652.1
123	6616.01
124	6679.15
125	6729.47
126	6690.94
127	6592.56
128	6509.21
129	6414.54
130	6396.42
131	6377.76
132	6268.01
133	6232.36
134	6185.25
135	6223.18
136	6184.71
137	6125.94
138	6116.06
139	6082.23
140	6023.19
141	5910.13
142	5918.62
143	5854.34
144	5842.79
145	5749.23
146	5742.97
147	5667.48
148	5666.61
149	5622.09
150	5559.88
151	5546.44
152	5525.55
153	5488.45
154	5415.16
155	5412.95
156	5371.53
157	5403.88
158	5330.49
159	5297.78
160	5291.32
161	5291.74
162	5336.55
163	5253.43
164	5249.19
165	5227.52
166	5154.16
167	5066.3
168	4987.7
169	4884.57
170	4840.3
171	4788.27
172	4693.81
173	4699.35
174	4713.6
175	4746.71
176	4744.04
177	4742.32
178	4704.79
179	4693.22
180	4637.15
181	4585.1
182	4567.77
183	4559.18
184	4594.98
185	4636.24
186	4643.83
187	4710.49
188	4717.62
189	4749.64
190	4778.05
191	4781.42
192	4755.82
193	4715.94
194	4643.45
195	4645.59
196	4586.88
197	4592.18
198	4572.29
199	4546.56
200	4504.04
201	4457.17
202	4375.09
203	4273.57
204	4025.94
205	3956.71
206	3936.12
207	3935.33
208	3916.25
209	3900.08
210	3828.24
211	3772.13
212	3708.38
213	3722.61
214	3679.14
215	3648.77
216	3662.06
217	3770.89
218	3745.61
219	3709.64
220	3666.58
221	3607.42
222	3589.94
223	3567.99
224	3483.14
225	3468.13
226	3443.2
227	3436.23
228	3351.01
229	3255
230	3248.72
231	3235.57
232	3241.88
233	3235.02
234	3241.62
235	3242.01
236	3246.6
237	3243.27
238	3267.05
239	3306.57
240	3334.97
241	3351.33
242	3364.6
243	3368.8
244	3374.58
245	3384.06
246	3388.57
247	3380.94
248	3378.73
249	3369.79
250	3365.83
251	3385.37
252	3404.51
253	3402.47
254	3395.51
255	3382.84
256	3358.52
257	3344.58
258	3344.07
259	3336.96
260	3336.46
261	3335.49
262	3333.9
263	3333.96
264	3334.39
265	3336
266	3336.67
267	3336.8
268	3337.14
269	3338.15
270	3219.54
271	3030.11
272	2993.33
273	2957.45
274	2957.31
275	2948.22
276	2924.18
277	2910.58
278	2883.75
279	2885.96
280	2876.27
281	2867.27
282	2866.94
283	2849.43
284	2847.49
285	2841.56
286	2847.18
287	2850.94
288	2852.38
289	2860.27
290	2883.25
291	2909.13
292	2912.32
293	2909.33
294	2916.33
295	2942.91
296	2942.06
297	2943.13
298	2803.17
299	2664.89
300	2664.65
301	2597.38
302	2595.69
303	2594.77
304	2560.75
305	2502.19
306	2265.94
307	2187.37
308	2039.22
309	1991.07
310	1846.99
311	1781.72
312	1775.64
313	1717.69
314	1663.56
315	1686.73
316	1716.41
317	1727.78
318	1769.79
319	1773.24
320	1802.15
321	1825.36
322	1839.18
323	1846.62
324	1850.97
325	1856.21
326	1861.48
327	1859.6
328	1865.81
329	1869.59
330	1866.56
331	1873.35
332	1864.91
333	1848.64
334	1815.69
335	1800.36
336	1818.63
337	1841.09
338	1824.96
339	1805.06
340	1689.66
341	1659.17
342	1660.98
343	1660.01
344	1660.52
345	1660.31
346	1661.55
347	1665.88
348	1664.19
349	1647.28
350	1647.83
351	1628.11
352	1603.2
353	1549.32
354	1537.94
355	1506.97
356	1505.15
357	1512.78
358	1520.39
359	1530.55
360	1533.21
361	1536.29
362	1535.72
363	1539.87
364	1545.24
365	1562.16
366	1565.57
367	1572.03
368	1581.07
369	1586.98
370	1587.75
371	1586.9
372	1586.9
373	1600.71
374	1605.85
375	1608.38
376	1617.21
377	1625.81
378	1636.06
379	1669.04
380	1690.47
381	1706.19
382	1702.12
383	1708.53
384	1708.64
385	1705.61
386	1705.55
387	1702.84
388	1700.06
389	1696.79
390	1718.13
391	1726.42
392	1694.72
393	1666.57
394	1617.29
395	1581.32
396	1563.5
397	1563.61
398	1565.14
399	1571.09
400	1587.01
401	1593.12
402	1598.16
403	1597.46
404	1594.73
405	1589.93
406	1591.84
407	1590.19
408	1592.04
409	1588.63
410	1591.84
411	1591.17
412	1591.17
413	1591.17
414	1592.64
415	1593.4
416	1593.89
417	1594.71
418	1595.08
419	1595.14
420	1595.14
421	1595.14
422	1602.19
423	1613.53
424	1629.59
425	1628.21
426	1633.34
427	1643.64
428	1654.2
429	1683.29
430	1696.66
431	1696.64
432	1696.64
433	1696.89
434	1722.5
435	1738.91
436	1766.09
437	1786.15
438	1786.93
439	1808.29
440	1822.61
441	1840.88
442	1849.26
443	1880.41
444	1892.51
445	1930.66
446	1952.31
447	2001.57
448	2018.04
449	2054.94
450	2068.31
451	2075.03
452	2075.66
453	2084.24
454	2102.17
455	2128.88
456	2132.35
457	2142.76
458	2145.58
459	2145.3
460	2143.3
461	2143.55
462	2141.28
463	2141.18
464	2141.01
465	2140.43
466	2140.42
467	2140.97
468	2152.34
469	2164.26
470	2197.15
471	2204.6
472	2209.33
473	2211.05
474	2219.51
475	2220.83
476	2228.93
477	2235.29
478	2256.36
479	2272.08
480	2280.01
481	2283.42
482	2287.36
483	2290.11
484	2290.45
485	2290.16
486	2290.16
487	2290.16
488	2289.39
489	2289.39
490	2289.39
491	2289.39
492	2289.39
493	2289.39
494	2289.39
495	2289.39
496	2289.39
497	2289.39
498	2289.39
499	2289.39
500	2289.39
501	2289.39
502	2289.39
503	2289.39
504	2289.39
505	2289.39
506	2289.39
507	2289.39
508	2289.39
509	2289.39
510	2289.39
511	2289.39
512	2289.39
513	2289.39
514	2289.39
515	2289.39
516	2289.39
517	2289.39
518	2289.39
519	2289.39
520	2289.39
521	2289.39
522	2248.65
523	2248.65
524	2248.65
525	2207.91
526	2188.22
527	2149.94
528	2111.25
529	2111.25
530	2111.25
531	2092.1
532	2092.1
533	2092.1
534	2092.1
535	2092.1
536	2092.1
537	2092.1
538	2092.1
539	2092.1
540	2092.1
541	2092.1
542	2092.1
543	2092.1
544	2092.1
545	2092.1
546	2092.1
547	2092.1
548	2092.1
549	2092.1
550	2092.1
551	2092.1
552	2092.1
553	2092.1
554	2092.1
555	2092.1
556	2092.1
557	2092.1
558	2092.1
559	2092.1
560	2092.1
561	2092.1
562	2092.1
563	2092.1
564	2092.1
565	2092.1
566	2092.1
567	2092.1
568	2092.1
569	2092.1
570	2092.1
571	2092.1
572	2092.1
573	2092.1
574	2092.1
575	2092.1
576	2092.1
577	2092.1
578	2092.1
579	2092.1
580	2092.1
581	2092.1
582	2092.1
583	2092.1
584	2092.1
585	2092.1
586	2092.1
587	2092.1
588	2092.1
589	2092.1
590	2092.1
591	2092.1
592	2092.1
593	2092.1
594	2092.1
595	2092.1
596	2092.1
597	2092.1
598	2092.1
599	2092.1
600	2092.1
601	2092.1
602	2092.1
603	2092.1
604	2092.1
605	2092.1
606	2092.1
607	2092.1
608	2092.1
609	2092.1
610	2092.1
611	2092.1
612	2092.1
613	2092.1
614	2092.1
615	2092.1
616	2092.1
617	2092.1
618	2092.1
619	2092.1
620	2092.1
621	2092.1
622	2092.1
623	2092.1
624	2092.1
625	2092.1
626	2092.1
627	2092.1
628	2092.1
629	2092.1
630	2092.1
631	2092.1
632	2092.1
633	2092.1
634	2092.1
635	2092.1
636	2092.1
637	2092.1
638	2092.1
639	2092.1
640	2092.1
641	2092.1
642	2092.1
643	2092.1
644	2092.1
645	2092.1
646	2092.1
647	2092.1
648	2092.1
649	2092.1
650	2092.1
651	2092.1
652	2092.1
653	2092.1
654	2092.1
655	2092.1
656	2092.1
657	2092.1
658	2092.1
659	2092.1
660	2092.1
661	2092.1
662	2092.1
663	2092.1
664	2092.1
665	2092.1
666	2092.1
667	2092.1
668	2092.1
669	2092.1
670	2092.1
671	2092.1
672	2092.1
673	2092.1
674	2092.1
675	2092.1
676	2092.1
677	2092.1
678	2092.1
679	2092.1
680	2092.1
681	2092.1
682	2066.41
683	2041.03
684	1991.2
685	1966.74
686	1895.16
687	1895.16
688	1848.89
689	1848.89
690	1848.89
691	1848.89
692	1848.89
693	1896.98
