1	212.706
2	212.706
3	212.706
4	212.706
5	221.649
6	223.594
7	224.008
8	224.023
9	226.175
10	225.057
11	224.269
12	224.166
13	222.466
14	221.565
15	221.826
16	220.866
17	221.458
18	220.493
19	221.162
20	221.179
21	220.684
22	221.592
23	222.916
24	221.226
25	223.222
26	224.52
27	224.747
28	231.353
29	231.846
30	232.084
31	234.05
32	238.878
33	241.967
34	244.073
35	243.693
36	244.544
37	246.527
38	258.163
39	262.794
40	270.99
41	280.508
42	291.935
43	325.982
44	333.578
45	336.242
46	337.271
47	342.584
48	392.599
49	395.195
50	557.423
51	556.058
52	643.206
53	734.763
54	1068.53
55	1380.46
56	2049.46
57	2446.38
58	3393.13
59	3972.19
60	4020.77
61	4209.05
62	4330.35
63	4604.62
64	4766.95
65	5072.5
66	5269.44
67	5649.13
68	5645.62
69	5610.83
70	5670.57
71	5718.04
72	5833.05
73	6031.4
74	6044.15
75	6114.04
76	6040.26
77	6045.48
78	6017.71
79	6104.24
80	6128.92
81	6206.16
82	6225.38
83	6265.72
84	6255.03
85	6279.65
86	6258.85
87	6189.07
88	6262.12
89	6242.07
90	6078.85
91	5980.98
92	5956.35
93	5909.26
94	5846.87
95	5791.88
96	5838.05
97	5837.92
98	5911.25
99	5959.99
100	6012.15
101	6066.83
102	5980.97
103	5890.53
104	5863.4
105	5852.75
106	5927.85
107	5989.78
108	5926.57
109	5908.08
110	5898.7
111	5867.21
112	5843.79
113	5800.22
114	5788.35
115	5756.93
116	5696.29
117	5717.39
118	5734.85
119	5738.92
120	5737.45
121	5773.69
122	5833.04
123	5815.4
124	5768.86
125	5740.94
126	5789.45
127	5880.27
128	5821.44
129	5856.32
130	5873.57
131	5870.83
132	5861.42
133	5859.77
134	5918.51
135	5983.42
136	6025.93
137	6008.47
138	6039.1
139	6099.74
140	6118.55
141	6148.14
142	6185.03
143	6248.74
144	6219.58
145	6180.38
146	6181.18
147	6182.54
148	6210.94
149	6240.23
150	6262.76
151	6273.99
152	6260.38
153	6274.24
154	6282.71
155	6324.74
156	6374.65
157	6369.66
158	6325.58
159	6254.72
160	6233.16
161	6183.46
162	6175.08
163	6192.34
164	6218.96
165	6243.1
166	6316.24
167	6342.36
168	6392.86
169	6474.26
170	6514.13
171	6517.24
172	6508.1
173	6504.35
174	6534.05
175	6542.82
176	6539.32
177	6511.79
178	6550.24
179	6524.56
180	6460.23
181	6320.37
182	6296.38
183	6236.24
184	6173.37
185	6127.49
186	6085.35
187	6106.73
188	6115.21
189	6164.94
190	6148.07
191	6189.25
192	6189.38
193	6139.08
194	6087.76
195	6032.57
196	5953.25
197	5956.73
198	5954.74
199	5885.33
200	5843.74
201	5837.54
202	5839.84
203	5884.67
204	5922.18
205	5948.62
206	5988.74
207	5966.17
208	5971.52
209	5972.24
210	5961.06
211	5947.99
212	5872.71
213	5821.03
214	5775.07
215	5712.45
216	5672.08
217	5646.02
218	5649.28
219	5586.51
220	5423.88
221	5369.2
222	5298.59
223	5119.29
224	5066.23
225	4970.12
226	4931.2
227	4948.99
228	4906.41
229	4902.54
230	4825.6
231	4692
232	4573.07
233	4476.12
234	4371.53
235	4248.44
236	4248.74
237	4181.34
238	4133.32
239	4038.95
240	3909.45
241	3858.36
242	3833.95
243	3783.57
244	3773.1
245	3759.46
246	3731.49
247	3719.66
248	3713.2
249	3715.45
250	3715.32
251	3710.14
252	3713.84
253	3711.17
254	3702.52
255	3701.68
256	3691.38
257	3688.23
258	3661.73
259	3600.85
260	3514.24
261	3428.19
262	3365.66
263	3316.08
264	3307.83
265	3293.27
266	3285.44
267	3281.69
268	3276.13
269	3273.28
270	3268.7
271	3263.3
272	3052.54
273	2938.47
274	2864.78
275	2865.73
276	2877.45
277	2893.67
278	2897.71
279	2896.38
280	2887.36
281	2893.22
282	2892.86
283	2896.12
284	2899.57
285	2903.38
286	2908.19
287	2920.58
288	2930.08
289	2933.69
290	2915.67
291	2900.73
292	2901.45
293	2897.71
294	2883.43
295	2867.82
296	2863.7
297	2855.3
298	2855.25
299	2854.59
300	2855.64
301	2857.83
302	2862.83
303	2867.12
304	2869.7
305	2869.32
306	2864.09
307	2861.1
308	2858.43
309	2857.89
310	2854.66
311	2827.62
312	2751.8
313	2713.96
314	2676.01
315	2614.25
316	2487.52
317	2454.14
318	2455.19
319	2458.29
320	2460.47
321	2466.07
322	2476.84
323	2476.84
324	2489.6
325	2510.02
326	2516.56
327	2529.13
328	2541.03
329	2542.98
330	2550.7
331	2566.32
332	2502.37
333	2392.76
334	2371.43
335	2349.23
336	2315.18
337	2295.45
338	2282.32
339	2282.55
340	2282.55
341	2235.44
342	2233.86
343	2194.54
344	2194.54
345	2184.75
346	2216.43
347	2209.01
348	2193.24
349	2162.75
350	2101.97
351	2057.23
352	2006.41
353	1974.45
354	1941.76
355	1905.02
356	1868.43
357	1871.98
358	1832.34
359	1813.62
360	1760.05
361	1714.09
362	1672.69
363	1673.58
364	1659.47
365	1661.61
366	1646.07
367	1646.07
368	1647.03
369	1647.4
370	1647.73
371	1647.73
372	1647.75
373	1647.38
374	1646.69
375	1645.49
376	1644.67
377	1644.05
378	1643.84
379	1646.31
380	1656.06
381	1670.83
382	1689.01
383	1704.72
384	1709.2
385	1712.34
386	1701.27
387	1700.07
388	1696.87
389	1701.3
390	1712.43
391	1746.5
392	1798.36
393	1812.01
394	1840.35
395	1859.69
396	1872.97
397	1876.08
398	1886.2
399	1894.11
400	1893.68
401	1893.43
402	1896.57
403	1896.57
404	1896.57
405	1896.53
406	1896.49
407	1896.54
408	1896.54
409	1897.3
410	1898.69
411	1899.97
412	1880.7
413	1880.76
414	1898.87
415	1880.64
416	1844.63
417	1819.88
418	1760.93
419	1669.96
420	1635.62
421	1619.22
422	1618.03
423	1588.37
424	1598.63
425	1599.06
426	1594.32
427	1599.26
428	1597.9
429	1597.9
430	1597.76
431	1598.65
432	1610.7
433	1618.12
434	1629.11
435	1637.38
436	1650.97
437	1668.57
438	1686.47
439	1703.66
440	1725.59
441	1744.43
442	1776.39
443	1790.31
444	1802.43
445	1839.87
446	1855.14
447	1862.74
448	1927.35
449	1972.32
450	1999.43
451	2036.3
452	2115.95
453	2160.87
454	2175.58
455	2190.84
456	2208.06
457	2224.39
458	2240.03
459	2246.2
460	2249.85
461	2255.48
462	2255.1
463	2263.75
464	2269.71
465	2274.61
466	2291.52
467	2315.71
468	2332.34
469	2338.15
470	2338.15
471	2360.22
472	2393.74
473	2431
474	2474.4
475	2480.67
476	2504.05
477	2511.01
478	2520.37
479	2534.88
480	2576.96
481	2610.81
482	2616.26
483	2616.55
484	2616.8
485	2616.8
486	2541.67
487	2468.43
488	2398.12
489	2374.94
490	2374.94
491	2374.94
492	2374.94
493	2374.94
494	2374.94
495	2374.94
496	2374.94
497	2374.94
498	2374.94
499	2374.94
500	2374.94
501	2374.94
502	2374.94
503	2374.94
504	2374.94
505	2374.94
506	2374.94
507	2374.94
508	2374.94
509	2374.94
510	2374.94
511	2374.94
512	2374.94
513	2374.94
514	2374.94
515	2374.94
516	2374.94
517	2374.94
518	2374.94
519	2374.94
520	2374.94
521	2374.94
522	2374.94
523	2374.94
524	2374.94
525	2374.94
526	2374.94
527	2374.94
528	2374.94
529	2374.94
530	2374.94
531	2374.94
532	2374.94
533	2374.94
534	2374.94
535	2374.94
536	2374.94
537	2374.94
538	2374.94
539	2374.94
540	2374.94
541	2374.94
542	2374.94
543	2374.94
544	2374.94
545	2374.94
546	2374.94
547	2374.94
548	2374.94
549	2374.94
550	2374.94
551	2374.94
552	2374.94
553	2374.94
554	2374.94
555	2374.94
556	2374.94
557	2374.94
558	2374.94
559	2374.94
560	2374.94
561	2374.94
562	2374.94
563	2374.94
564	2374.94
565	2374.94
566	2374.94
567	2374.94
568	2374.94
569	2374.94
570	2374.94
571	2374.94
572	2374.94
573	2374.94
574	2374.94
575	2374.94
576	2374.94
577	2374.94
578	2374.94
579	2374.94
580	2374.94
581	2374.94
582	2374.94
583	2374.94
584	2374.94
585	2374.94
586	2374.94
587	2374.94
588	2374.94
589	2374.94
590	2374.94
591	2374.94
592	2374.94
593	2374.94
594	2374.94
595	2374.94
596	2374.94
597	2374.94
598	2374.94
599	2374.94
600	2374.94
601	2374.94
602	2374.94
603	2374.94
604	2374.94
605	2374.94
606	2374.94
607	2374.94
608	2374.94
609	2374.94
610	2374.94
611	2374.94
612	2374.94
613	2374.94
614	2374.94
615	2374.94
616	2374.94
617	2374.94
618	2374.94
619	2374.94
620	2374.94
621	2374.94
622	2374.94
623	2374.94
624	2374.94
625	2374.94
626	2374.94
627	2374.94
628	2374.94
629	2374.94
630	2374.94
631	2374.94
632	2374.94
633	2374.94
634	2374.94
635	2374.94
636	2374.94
637	2374.94
638	2374.94
639	2374.94
640	2374.94
641	2374.94
642	2374.94
643	2374.94
644	2374.94
645	2374.94
646	2374.94
647	2374.94
648	2374.94
649	2374.94
650	2374.94
651	2374.94
652	2374.94
653	2374.94
654	2374.94
655	2374.94
656	2374.94
657	2374.94
658	2374.94
659	2374.94
660	2374.94
661	2374.94
662	2374.94
663	2374.94
664	2374.94
665	2374.94
666	2345.63
667	2345.63
668	2261.93
669	2129.68
670	2055.6
671	2032.11
672	1961.42
673	1939.01
674	1916.85
675	1916.85
676	1869.82
677	1869.82
678	1869.82
679	1869.82
680	1869.82
681	1869.82
682	1901.8
