1	283.738
2	283.738
3	283.738
4	283.738
5	258.411
6	252.412
7	248.737
8	246.783
9	245.542
10	242.684
11	240.571
12	240.643
13	236.2
14	235.506
15	231.474
16	226.326
17	222.725
18	220.179
19	216.984
20	214.806
21	212.306
22	209.967
23	209.95
24	209.122
25	207.428
26	204.781
27	203.712
28	203.579
29	201.745
30	201.774
31	203.566
32	204.123
33	204.825
34	205.12
35	222.276
36	223.726
37	216.69
38	224.795
39	228.995
40	266.703
41	307.694
42	311.967
43	340.647
44	348.145
45	367.264
46	481.644
47	522.552
48	549.265
49	627.668
50	1222.18
51	1700.68
52	2447.42
53	3572.94
54	4261.7
55	4278.31
56	4636.81
57	4668.2
58	4642.96
59	4644.26
60	4712.13
61	4769.12
62	4795.52
63	4813.31
64	4827.13
65	4892.07
66	4933.44
67	4857.24
68	4898.41
69	4935.23
70	4957.49
71	4912.43
72	4902.04
73	4833
74	4753.66
75	4734.51
76	4694.7
77	4676.87
78	4673.58
79	4655.64
80	4615.07
81	4620.16
82	4626.53
83	4669.81
84	4711.09
85	4719.7
86	4750.73
87	4704.69
88	4725.46
89	4811.87
90	4914.8
91	4996.13
92	5010.66
93	5062.48
94	5116.03
95	5146.21
96	5098.43
97	5072.05
98	5067.24
99	4999.83
100	4994.13
101	5002.77
102	4992.43
103	5099.88
104	5180.19
105	5220.06
106	5232.72
107	5213.17
108	5115.26
109	5152.06
110	5234.27
111	5290.14
112	5374.73
113	5376.34
114	5376.67
115	5405.35
116	5439.58
117	5469.82
118	5514.29
119	5611.1
120	5614.91
121	5682.01
122	5616.34
123	5628.2
124	5616.6
125	5636.89
126	5572.38
127	5594.71
128	5651.45
129	5651.77
130	5677.94
131	5687.27
132	5644.87
133	5611.66
134	5565.79
135	5546.03
136	5551.64
137	5542.22
138	5584.42
139	5592.67
140	5617.23
141	5623.98
142	5629.7
143	5614.67
144	5561.14
145	5530.66
146	5492.01
147	5456.57
148	5384.37
149	5349.92
150	5321.81
151	5287
152	5255.27
153	5229.13
154	5207.83
155	5231.2
156	5227.23
157	5256.45
158	5244.81
159	5240.16
160	5238.57
161	5251.3
162	5269.14
163	5292.17
164	5396.62
165	5429.42
166	5442.72
167	5429.33
168	5392.9
169	5399.22
170	5437.55
171	5481.66
172	5534.29
173	5659.82
174	5707.61
175	5709.87
176	5709.92
177	5702.04
178	5660.38
179	5655.82
180	5611.25
181	5584.48
182	5512.78
183	5490.65
184	5417.01
185	5391.64
186	5351.72
187	5253.07
188	5191.12
189	5150.23
190	5095.69
191	5055.1
192	5016.97
193	5008.59
194	4960.93
195	4910.31
196	4888.78
197	4872.82
198	4799.74
199	4789.36
200	4852.55
201	4915.06
202	4962.54
203	4973.87
204	4992.66
205	4981.23
206	5000.42
207	5035.44
208	5078.33
209	5080.15
210	5070.63
211	5072.13
212	5102.68
213	5102.48
214	5098.93
215	5091.49
216	5108.64
217	5084.16
218	5066.05
219	5086.55
220	5100.53
221	5121.65
222	5102.04
223	5073.41
224	5019.78
225	4969.33
226	4933.92
227	4897.42
228	4820.43
229	4779.95
230	4725.1
231	4643.2
232	4594.31
233	4601.09
234	4593.76
235	4586.62
236	4528.13
237	4444.64
238	4415.93
239	4381.99
240	4349.96
241	4327.3
242	4321.72
243	4338.11
244	4345.94
245	4362.19
246	4379.18
247	4402.72
248	4455.92
249	4493.16
250	4495.25
251	4516.51
252	4514.94
253	4517.21
254	4497.74
255	4449.88
256	4415.55
257	4349.61
258	4314.63
259	4289.9
260	4262.12
261	4272.76
262	4273.71
263	4282.38
264	4289.63
265	4289.48
266	4288.87
267	4286.16
268	4278.21
269	4273.67
270	4268.89
271	4268.2
272	4253.84
273	4250.01
274	4259.85
275	4258.1
276	4261.43
277	4262.71
278	4310.64
279	4367.6
280	4369.52
281	4387.17
282	4408.99
283	4399.45
284	4375.76
285	4375
286	4377.16
287	4382.84
288	4388.98
289	4395.05
290	4402.01
291	4408.28
292	4407.96
293	4407.96
294	4406.36
295	4403.22
296	4398.72
297	4392.48
298	4391.86
299	4388.39
300	4383.52
301	4382.59
302	4384.72
303	4335.79
304	4315.8
305	4314.37
306	4300.77
307	4300.43
308	4264.36
309	4239.11
310	4226.72
311	4210.78
312	4209.23
313	4249.17
314	4253.38
315	4275.27
316	4292.05
317	4291.24
318	4290.28
319	4284.85
320	4126.95
321	3736.72
322	3565.06
323	3446.74
324	3408.4
325	3368.74
326	3368
327	3368.35
328	3365.13
329	3350.76
330	3331.78
331	3313.61
332	3313.7
333	3317.51
334	3316.6
335	3317.28
336	3313.37
337	3273.85
338	3168.78
339	3143.66
340	2956.41
341	2966.34
342	2966.19
343	2966.49
344	2969.37
345	2965.3
346	2961.55
347	2956.97
348	2961.82
349	2964.24
350	2961.67
351	2956.4
352	2945.7
353	2940.06
354	2933.08
355	2945.23
356	2944.6
357	2941.73
358	2941.73
359	2943.53
360	2942.61
361	2940.21
362	2960.44
363	2853.19
364	2775.82
365	2778.17
366	2721.31
367	2715.16
368	2716.25
369	2713.42
370	2695.87
371	2683.55
372	2685.42
373	2684.91
374	2676.39
375	2681.22
376	2686.99
377	2690.64
378	2693.89
379	2687.78
380	2683.8
381	2679.1
382	2687.86
383	2681.26
384	2680.8
385	2673.13
386	2668.68
387	2663.2
388	2672.93
389	2678.31
390	2686.79
391	2691.53
392	2706.76
393	2706.52
394	2706.52
395	2706.5
396	2706.5
397	2706.61
398	2708.3
399	2707.92
400	2707.92
401	2707.15
402	2706.39
403	2706.05
404	2713.4
405	2763.92
406	2787.75
407	2793.15
408	2799.17
409	2805.23
410	2816.67
411	2825.69
412	2823.81
413	2825.31
414	2831.5
415	2836.42
416	2843.06
417	2859.47
418	2874.02
419	2913.15
420	2921.14
421	2931.82
422	2942.68
423	2943.56
424	2938.93
425	2935.67
426	2935.57
427	2953.24
428	2967.6
429	3024.05
430	3032.09
431	3032.74
432	3032.41
433	3040.33
434	3057.33
435	3070.35
436	3095.34
437	3097.09
438	3108.39
439	3133.43
440	3154.62
441	3172.43
442	3020.8
443	2943.3
444	2944.96
445	2997.93
446	3011.66
447	3050.83
448	3076.99
449	3108.32
450	3142.19
451	3178.52
452	3202.29
453	3239.74
454	3262.22
455	3283.06
456	3286.99
457	3308.6
458	3344.76
459	3374
460	3410.4
461	3454.4
462	3492.55
463	3513.3
464	3528.27
465	3576.5
466	3579.18
467	3582.86
468	3583.17
469	3610.61
470	3667.95
471	3710.29
472	3739.5
473	3739.5
474	3739.5
475	3749.5
476	3764.65
477	3783.2
478	3801.04
479	3807.33
480	3819.78
481	3831.51
482	3853.38
483	3861.81
484	3861.81
485	3876.73
486	3911.79
487	3947.81
488	3972.14
489	3972.14
490	3972.14
491	3972.14
492	3972.14
493	3972.14
494	3972.14
495	3972.14
496	3972.14
497	3972.14
498	3972.14
499	3972.14
500	3972.14
501	3972.14
502	3972.14
503	3972.14
504	3972.14
505	3972.14
506	3972.14
507	3972.14
508	3972.14
509	3972.14
510	3972.14
511	3972.14
512	3972.14
513	3972.14
514	3972.14
515	3972.14
516	3972.14
517	3972.14
518	3972.14
519	3972.14
520	3972.14
521	3972.14
522	3972.14
523	3972.14
524	3972.14
525	3972.14
526	3972.14
527	3972.14
528	3972.14
529	3972.14
530	3972.14
531	3972.14
532	3972.14
533	3972.14
534	3972.14
535	3972.14
536	3972.14
537	3972.14
538	3972.14
539	3972.14
540	3972.14
541	3972.14
542	3972.14
543	3972.14
544	3972.14
545	3972.14
546	3972.14
547	3972.14
548	3972.14
549	3972.14
550	3972.14
551	3972.14
552	3972.14
553	3972.14
554	3972.14
555	3972.14
556	3972.14
557	3972.14
558	3972.14
559	3972.14
560	3972.14
561	3972.14
562	3972.14
563	3972.14
564	3972.14
565	3972.14
566	3972.14
567	3972.14
568	3972.14
569	3972.14
570	3972.14
571	3972.14
572	3972.14
573	3972.14
574	3972.14
575	3972.14
576	3972.14
577	3972.14
578	3972.14
579	3972.14
580	3972.14
581	3972.14
582	3972.14
583	3972.14
584	3972.14
585	3972.14
586	3972.14
587	3972.14
588	3972.14
589	3972.14
590	3972.14
591	3972.14
592	3972.14
593	3972.14
594	3972.14
595	3972.14
596	3972.14
597	3972.14
598	3972.14
599	3972.14
600	3972.14
601	3972.14
602	3972.14
603	3972.14
604	3972.14
605	3972.14
606	3972.14
607	3972.14
608	3972.14
609	3972.14
610	3972.14
611	3972.14
612	3972.14
613	3972.14
614	3972.14
615	3972.14
616	3972.14
617	3972.14
618	3972.14
619	3972.14
620	3972.14
621	3972.14
622	3972.14
623	3972.14
624	3972.14
625	3972.14
626	3972.14
627	3972.14
628	3972.14
629	3972.14
630	3972.14
631	3972.14
632	3972.14
633	3972.14
634	3972.14
635	3972.14
636	3972.14
637	3972.14
638	3972.14
639	3972.14
640	3972.14
641	3972.14
642	3972.14
643	3972.14
644	3972.14
645	3972.14
646	3972.14
647	3972.14
648	3972.14
649	3972.14
650	3972.14
651	3972.14
652	3972.14
653	3972.14
654	3972.14
655	3972.14
656	3972.14
657	3972.14
658	3972.14
659	3972.14
660	3972.14
661	3972.14
662	3972.14
663	3972.14
664	3972.14
665	3921.96
666	3921.96
667	3921.96
668	3921.96
669	3872.41
670	3727.49
671	3633.91
672	3497.91
673	3497.91
674	3497.91
675	3497.91
676	3624.9
