1	285.466
2	285.466
3	285.466
4	285.466
5	248.473
6	241.11
7	240.42
8	240.031
9	231.019
10	211.082
11	203.121
12	201.807
13	196.268
14	195.929
15	192.181
16	189.026
17	183.605
18	178.112
19	178.116
20	178.612
21	184.275
22	192.048
23	198.095
24	201.129
25	207.478
26	218.951
27	220.562
28	232.056
29	247.736
30	263.159
31	279.324
32	290.153
33	301.189
34	290.155
35	307.217
36	316.376
37	333.085
38	341.061
39	354.097
40	460.964
41	468.702
42	473.577
43	478.06
44	542.835
45	611.725
46	661.381
47	842.073
48	863.172
49	911.831
50	916.335
51	1000.29
52	1290.28
53	1411.9
54	1501.12
55	1593.94
56	1627.28
57	1629.47
58	1613.3
59	1696.48
60	1784.28
61	1904.33
62	2001.02
63	2059.19
64	2253.02
65	2252.67
66	2286.72
67	2371.74
68	2457.49
69	2692.09
70	2889.22
71	3231.75
72	3454.92
73	3672.38
74	4117.08
75	4295.82
76	4555.14
77	4927.41
78	5018.45
79	5256.57
80	5337.09
81	5325.5
82	5413.89
83	5535.71
84	5554.96
85	5580.23
86	5414.7
87	5363.03
88	5392.48
89	5379.74
90	5481.5
91	5482.12
92	5487.85
93	5498.28
94	5746.7
95	5869.35
96	5723.13
97	5583.76
98	5547.88
99	5572.07
100	5743.2
101	6148.17
102	6262.17
103	6384.21
104	6400.13
105	6270.63
106	6159.97
107	6098.53
108	5893.05
109	5761.49
110	5638.64
111	5506.83
112	5427.94
113	5466.48
114	5494.05
115	5495.32
116	5468.5
117	5449.29
118	5493.98
119	5571.7
120	5682.27
121	5678.67
122	5699.49
123	5696.2
124	5743.38
125	5739.08
126	5719.1
127	5789.23
128	5838.03
129	5844.55
130	5901.12
131	5927.93
132	5960.98
133	5937.94
134	5889.53
135	5813.4
136	5764.48
137	5722.47
138	5714.06
139	5673.29
140	5618.1
141	5604.29
142	5595.06
143	5661.57
144	5695.08
145	5751.75
146	5808.16
147	5802.1
148	5800.48
149	5736.55
150	5775.12
151	5778.12
152	5707.63
153	5698.89
154	5687.45
155	5690.25
156	5686.03
157	5724.19
158	5699.51
159	5689.1
160	5690.56
161	5671.46
162	5602.05
163	5576.66
164	5573.99
165	5589.62
166	5568.98
167	5539.31
168	5403.55
169	5272.49
170	5251.3
171	5276.32
172	5279.51
173	5281.17
174	5266.53
175	5170.21
176	5019.93
177	4949.16
178	4809.73
179	4765.14
180	4772.37
181	4804.77
182	4801.2
183	4840.38
184	4856.19
185	4838.45
186	4887.79
187	4817.92
188	4769.13
189	4734.2
190	4603.02
191	4467.22
192	4400.56
193	4370.75
194	4437.56
195	4519.4
196	4561.16
197	4544.63
198	4522.87
199	4507.31
200	4498.81
201	4500.4
202	4515.54
203	4423.99
204	4380.64
205	4292.7
206	4212.17
207	4155.74
208	4092.32
209	4034.41
210	3972.04
211	3840.11
212	3816.58
213	3800.8
214	3832.25
215	3902.6
216	3906.34
217	3901.23
218	3912.26
219	3878.82
220	3826.95
221	3743.95
222	3711.33
223	3544.87
224	3480.83
225	3466.36
226	3452.8
227	3471.26
228	3508.73
229	3518.38
230	3541.92
231	3488.41
232	3403.43
233	3341.45
234	3230.53
235	3162.07
236	3100.1
237	3066.02
238	3018.83
239	3013.33
240	3022.48
241	3028.54
242	3060.19
243	3079.49
244	3101.69
245	3093.7
246	3106.71
247	3103.57
248	3061.02
249	3021.25
250	2968.24
251	2940.91
252	2921.79
253	2923.7
254	2922.64
255	2920.92
256	2922.47
257	2920.92
258	2915.76
259	2917.74
260	2926.35
261	2929.21
262	2930.66
263	2931.95
264	2932.76
265	2932.95
266	2932.9
267	2933.41
268	2933.41
269	2936.29
270	2937.96
271	2939.52
272	2941.1
273	2948.45
274	2954.19
275	2959.82
276	2991.58
277	3007.32
278	3016.88
279	3039.14
280	3013.41
281	2786.88
282	2691.23
283	2450.54
284	2423.42
285	2411.57
286	2424.49
287	2442.99
288	2464.78
289	2472.52
290	2487.76
291	2486.84
292	2486.37
293	2486.71
294	2488.21
295	2489.99
296	2490.57
297	2490.57
298	2459.86
299	2429.42
300	2397.88
301	2333.97
302	2304.04
303	2275.12
304	2193.69
305	2198.84
306	2179.8
307	2078.99
308	2030.82
309	1935.31
310	1917.09
311	1882.82
312	1847.56
313	1812.54
314	1813.23
315	1813.68
316	1756.42
317	1705.29
318	1590.8
319	1577.37
320	1572.32
321	1581.41
322	1580.9
323	1571.73
324	1554.46
325	1553.42
326	1556.77
327	1557.46
328	1540.87
329	1485.9
330	1450.95
331	1336.21
332	1290.81
333	1247.03
334	1217.63
335	1202.83
336	1175.13
337	1096.45
338	1085.64
339	1090.32
340	1096.58
341	1103.64
342	1103.77
343	1103.98
344	1104.06
345	1108.96
346	1119.16
347	1114.86
348	1110.28
349	1093.83
350	1092.26
351	1084.61
352	1086.8
353	1066.94
354	1062.85
355	1059.89
356	1066.17
357	1073.39
358	1076.84
359	1077.15
360	1077.72
361	1077.77
362	1082.33
363	1085.4
364	1087.57
365	1106.28
366	1105.73
367	1102.03
368	1102.81
369	1114.69
370	1127.72
371	1134.9
372	1146.3
373	1159.33
374	1165
375	1169.98
376	1169.57
377	1174.58
378	1179.7
379	1190.96
380	1201.63
381	1211.2
382	1215.15
383	1215.15
384	1216.72
385	1216.75
386	1226.51
387	1241.83
388	1260.11
389	1271.99
390	1291.46
391	1296.02
392	1321.08
393	1354.63
394	1371.61
395	1390.83
396	1413.56
397	1434.99
398	1436.36
399	1440.3
400	1443.66
401	1447.35
402	1450.7
403	1452.48
404	1459.58
405	1468.9
406	1473.86
407	1477.02
408	1480.45
409	1480.64
410	1482.28
411	1483.13
412	1483.13
413	1483.13
414	1488.62
415	1487.65
416	1490.27
417	1496.64
418	1502.37
419	1522.94
420	1533.18
421	1540.47
422	1553.75
423	1559.08
424	1574.01
425	1605.1
426	1621.56
427	1665.06
428	1688.26
429	1715.34
430	1750.17
431	1758.32
432	1759.3
433	1767.64
434	1779.18
435	1786.32
436	1791.1
437	1791.51
438	1792.59
439	1795.69
440	1802.13
441	1813.15
442	1824.03
443	1832
444	1843.5
445	1856.12
446	1860.5
447	1861.41
448	1856.51
449	1853.15
450	1835.8
451	1834.22
452	1831.83
453	1831.83
454	1831.93
455	1815.27
456	1766.43
457	1751.06
458	1712.6
459	1692.01
460	1666.72
461	1673.86
462	1676.53
463	1680.08
464	1686.35
465	1696.5
466	1702.18
467	1712.1
468	1716.95
469	1716.95
470	1716.95
471	1715.88
472	1717.63
473	1717.9
474	1719.72
475	1720.47
476	1705.38
477	1688.26
478	1670.94
479	1653.8
480	1619.98
481	1606.92
482	1574.12
483	1557.98
484	1564.7
485	1569.97
486	1571.59
487	1571.59
488	1571.59
489	1597.91
490	1597.91
491	1611.7
492	1621.32
493	1655.23
494	1699.29
495	1699.29
496	1753.46
497	1789.4
498	1800.41
499	1815.58
500	1815.58
501	1815.58
502	1815.58
503	1815.58
504	1815.58
505	1815.58
506	1815.58
507	1815.58
508	1815.58
509	1815.58
510	1815.58
511	1815.58
512	1815.58
513	1815.58
514	1815.58
515	1815.58
516	1815.58
517	1815.58
518	1815.58
519	1815.58
520	1815.58
521	1815.58
522	1815.58
523	1815.58
524	1815.58
525	1815.58
526	1815.58
527	1815.58
528	1815.58
529	1815.58
530	1815.58
531	1815.58
532	1815.58
533	1815.58
534	1815.58
535	1815.58
536	1815.58
537	1815.58
538	1815.58
539	1815.58
540	1815.58
541	1815.58
542	1815.58
543	1815.58
544	1815.58
545	1815.58
546	1815.58
547	1815.58
548	1815.58
549	1815.58
550	1815.58
551	1815.58
552	1815.58
553	1815.58
554	1815.58
555	1815.58
556	1815.58
557	1815.58
558	1815.58
559	1815.58
560	1815.58
561	1815.58
562	1815.58
563	1795.03
564	1734.76
565	1676.52
566	1620.23
567	1620.23
568	1620.23
569	1620.23
570	1620.23
571	1620.23
572	1620.23
573	1620.23
574	1620.23
575	1620.23
576	1620.23
577	1620.23
578	1620.23
579	1620.23
580	1620.23
581	1620.23
582	1620.23
583	1620.23
584	1620.23
585	1620.23
586	1620.23
587	1620.23
588	1620.23
589	1620.23
590	1620.23
591	1620.23
592	1620.23
593	1620.23
594	1620.23
595	1620.23
596	1620.23
597	1620.23
598	1620.23
599	1620.23
600	1620.23
601	1620.23
602	1620.23
603	1620.23
604	1620.23
605	1620.23
606	1620.23
607	1620.23
608	1620.23
609	1620.23
610	1620.23
611	1620.23
612	1620.23
613	1620.23
614	1620.23
615	1620.23
616	1620.23
617	1620.23
618	1620.23
619	1620.23
620	1620.23
621	1620.23
622	1620.23
623	1620.23
624	1620.23
625	1620.23
626	1620.23
627	1620.23
628	1620.23
629	1620.23
630	1620.23
631	1620.23
632	1620.23
633	1620.23
634	1620.23
635	1620.23
636	1620.23
637	1620.23
638	1620.23
639	1620.23
640	1620.23
641	1620.23
642	1620.23
643	1620.23
644	1620.23
645	1620.23
646	1620.23
647	1620.23
648	1620.23
649	1620.23
650	1620.23
651	1620.23
652	1620.23
653	1620.23
654	1620.23
655	1620.23
656	1620.23
657	1620.23
658	1620.23
659	1620.23
660	1620.23
661	1620.23
662	1620.23
663	1620.23
664	1620.23
665	1620.23
666	1620.23
667	1620.23
668	1620.23
669	1620.23
670	1620.23
671	1620.23
672	1620.23
673	1620.23
674	1620.23
675	1620.23
676	1620.23
677	1620.23
678	1620.23
679	1620.23
680	1620.23
681	1620.23
682	1620.23
683	1620.23
684	1620.23
685	1620.23
686	1620.23
687	1620.23
688	1620.23
689	1620.23
690	1620.23
691	1620.23
692	1620.23
693	1620.23
694	1620.23
695	1620.23
696	1620.23
697	1620.23
698	1620.23
699	1620.23
700	1620.23
701	1620.23
702	1620.23
703	1620.23
704	1620.23
705	1620.23
706	1620.23
707	1620.23
708	1620.23
709	1620.23
710	1620.23
711	1620.23
712	1620.23
713	1620.23
714	1620.23
715	1620.23
716	1620.23
717	1620.23
718	1620.23
719	1620.23
720	1620.23
721	1620.23
722	1620.23
723	1620.23
724	1620.23
725	1620.23
726	1620.23
727	1600.6
728	1600.6
729	1543.69
730	1524.98
731	1385.3
732	1274.3
733	1274.3
734	1274.3
735	1274.3
736	1293.32
