1	225.92
2	225.92
3	225.92
4	225.92
5	220.766
6	220.387
7	221.047
8	220.888
9	221.95
10	221.315
11	220.168
12	220.302
13	227.22
14	228.733
15	228.488
16	227.085
17	226.244
18	225.164
19	225.699
20	225.939
21	227.598
22	225.081
23	224.737
24	217.602
25	216.073
26	216.285
27	219.243
28	221.644
29	220.967
30	222.322
31	225.793
32	223.326
33	225.566
34	228.246
35	226.293
36	231.874
37	234.359
38	253.632
39	263.665
40	265.746
41	260.191
42	263.48
43	271.826
44	276.475
45	324.306
46	351.501
47	349.626
48	367.767
49	400.718
50	459.254
51	538.704
52	675.433
53	1367.07
54	2168.12
55	2915.43
56	4063.61
57	5557.22
58	5812.39
59	6219.09
60	6655.95
61	6616.4
62	6559.04
63	6608.4
64	6606.83
65	6731.49
66	7003.91
67	6964.92
68	6933.74
69	6896.97
70	6952.42
71	6994.85
72	6946.04
73	6898.06
74	6822.99
75	6804.41
76	6905.77
77	6876.96
78	6773.98
79	6640.88
80	6462.31
81	6392.61
82	6313.18
83	6350.96
84	6383.19
85	6331.22
86	6396.1
87	6408.84
88	6366.51
89	6490.63
90	6596.19
91	6745.86
92	6858.89
93	6913.3
94	6968.02
95	6919.59
96	6801.18
97	6706.43
98	6591.68
99	6563.91
100	6551.02
101	6618.01
102	6677.55
103	6799.71
104	6758.69
105	6763.76
106	6758.68
107	6730.39
108	6692.72
109	6660.67
110	6649.24
111	6651.15
112	6635.73
113	6609.43
114	6532.56
115	6527.39
116	6518
117	6603.6
118	6645.36
119	6665.85
120	6657.01
121	6709.43
122	6644.78
123	6529.59
124	6575.97
125	6578.67
126	6584.89
127	6719.2
128	6691.61
129	6663.4
130	6595.43
131	6556.94
132	6610.65
133	6641.04
134	6717.5
135	6788.87
136	6786.31
137	6818.86
138	6923.1
139	7017.48
140	7052.45
141	7051.85
142	7046.34
143	7056.98
144	7042.32
145	7041.25
146	7092.68
147	7094.75
148	7037.74
149	6906.32
150	6838.68
151	6835.22
152	6796.07
153	6900.52
154	6908.58
155	6835.7
156	6811.81
157	6779.63
158	6796.78
159	6768.5
160	6791.35
161	6898.93
162	6897.76
163	6912.47
164	7039.89
165	7133.87
166	7166.09
167	7217.31
168	7342.63
169	7001.12
170	6921.46
171	6885
172	6645.78
173	6539.15
174	6447.27
175	6345.81
176	6377.47
177	6469.34
178	6447.15
179	6403.19
180	6326.7
181	6225.74
182	6190.96
183	6132.49
184	6136.01
185	6063.95
186	6076.39
187	6211.83
188	6135.06
189	6081.31
190	6008.07
191	6041.8
192	6007.6
193	6002.05
194	6006.01
195	6061.86
196	6007.47
197	6012.46
198	6043.99
199	6023.93
200	6019.58
201	6040.85
202	5967.06
203	5993.78
204	5944.29
205	5961.53
206	5965.9
207	5920.59
208	5870.65
209	5849.06
210	5847.74
211	5847.89
212	5768.02
213	5722.08
214	5665.92
215	5602.47
216	5538.46
217	5502.82
218	5518.87
219	5531.72
220	5529.62
221	5581
222	5640.76
223	5531.8
224	5535.76
225	5347.75
226	5258.75
227	5253.99
228	5208.34
229	5192.03
230	5237.39
231	5313.23
232	5354.05
233	5413.41
234	5468.72
235	5489.48
236	5448.33
237	5425.67
238	5363.05
239	5258
240	5263.88
241	5269.15
242	5257.52
243	5261.29
244	5256.23
245	5262.39
246	5266.95
247	5277.43
248	5289.35
249	5291.97
250	5309.65
251	5316.08
252	5315.29
253	5317.79
254	5319.72
255	5320.98
256	5322.68
257	5321.12
258	5319.96
259	5321.74
260	5311.48
261	5297.23
262	5295.26
263	5296.94
264	5290.99
265	5289.87
266	5294.4
267	5303.27
268	5280.9
269	5254.54
270	5229.22
271	5210.18
272	5168.37
273	5145.27
274	5108.44
275	5134.65
276	5153.29
277	5133.1
278	5235.2
279	5254.56
280	5253.89
281	5251.24
282	5249.36
283	5248.3
284	5234.52
285	5229.46
286	5232.06
287	5232.98
288	5231.09
289	5236.64
290	5235.62
291	5235.97
292	5241.6
293	5252.5
294	5252.48
295	5204.6
296	5003.06
297	4772.7
298	4760.02
299	4734.37
300	4722.06
301	4725.24
302	4727.79
303	4728.68
304	4657.1
305	4532.55
306	4451.04
307	4003.84
308	3694.93
309	3659.4
310	3626.72
311	3666.31
312	3685.89
313	3727.61
314	3740.67
315	3745.08
316	3746.55
317	3737.43
318	3738.09
319	3739.91
320	3744.92
321	3758.97
322	3766.24
323	3767.67
324	3774.98
325	3775.58
326	3798.15
327	3798.96
328	3794.53
329	3794.53
330	3794.53
331	3793.68
332	3741.88
333	3737.53
334	3745.75
335	3607.45
336	3472.24
337	3380.63
338	3382.47
339	3336.02
340	3332.92
341	3332.92
342	3328.77
343	3314.72
344	3303.7
345	3292.16
346	3275.79
347	3254.57
348	3236.92
349	3229.63
350	3230.91
351	3228.2
352	3229.71
353	3227.14
354	3228.75
355	3227.74
356	3228.32
357	3228.32
358	3228.75
359	3230.19
360	3037.45
361	2997.03
362	2852.77
363	2856.18
364	2871.56
365	2859.32
366	2847.8
367	2853.59
368	2849.08
369	2830.56
370	2813.06
371	2798.02
372	2798.77
373	2795.89
374	2795.89
375	2795.66
376	2795.69
377	2795.19
378	2790.91
379	2788.46
380	2785.37
381	2781.39
382	2778.99
383	2777.92
384	2776.8
385	2773.56
386	2773.66
387	2773.21
388	2770.56
389	2769.34
390	2767.92
391	2769.95
392	2769.69
393	2771.4
394	2773.44
395	2774.35
396	2774.35
397	2775.34
398	2776.55
399	2776.98
400	2777.66
401	2791.89
402	2801.87
403	2807.32
404	2809.6
405	2827.11
406	2834.86
407	2836.22
408	2839.13
409	2842.44
410	2845.35
411	2845.74
412	2852.62
413	2852.93
414	2852.89
415	2853.25
416	2860.09
417	2860.93
418	2860.3
419	2869.18
420	2901.09
421	2918.38
422	2926.4
423	2936.59
424	2937.75
425	2936.47
426	2937.81
427	2938.34
428	2939.89
429	2940.32
430	2939.82
431	2942.45
432	2944.56
433	2944.71
434	2945.26
435	2945.56
436	2945.56
437	2943.26
438	2943.36
439	2943.93
440	2948
441	2950.51
442	2952.6
443	2959.94
444	2965.12
445	2966.88
446	2969.73
447	2905.07
448	2845.4
449	2755.65
450	2774.27
451	2725.16
452	2719.33
453	2747.59
454	2773.44
455	2805.6
456	2835.38
457	2856.23
458	2866.38
459	2875.79
460	2882.27
461	2899.34
462	2907.37
463	2921.4
464	2928.91
465	2943.32
466	2951.52
467	2951.1
468	2956.6
469	2958.39
470	2982.47
471	2993.56
472	3011.16
473	3022.9
474	3026.69
475	3033.26
476	3035.27
477	3054.54
478	3077.6
479	3086.19
480	3089.86
481	3090.62
482	3091.03
483	2953.69
484	2823.22
485	2790.88
486	2758.91
487	2758.91
488	2758.91
489	2758.91
490	2758.91
491	2758.91
492	2758.91
493	2758.91
494	2758.91
495	2758.91
496	2758.91
497	2758.91
498	2758.91
499	2758.91
500	2758.91
501	2758.91
502	2758.91
503	2758.91
504	2758.91
505	2758.91
506	2758.91
507	2758.91
508	2758.91
509	2758.91
510	2758.91
511	2758.91
512	2758.91
513	2758.91
514	2758.91
515	2758.91
516	2758.91
517	2758.91
518	2758.91
519	2758.91
520	2758.91
521	2758.91
522	2758.91
523	2758.91
524	2758.91
525	2758.91
526	2758.91
527	2758.91
528	2758.91
529	2758.91
530	2758.91
531	2758.91
532	2758.91
533	2758.91
534	2758.91
535	2758.91
536	2758.91
537	2758.91
538	2758.91
539	2758.91
540	2758.91
541	2758.91
542	2758.91
543	2758.91
544	2758.91
545	2758.91
546	2758.91
547	2758.91
548	2758.91
549	2758.91
550	2758.91
551	2758.91
552	2758.91
553	2758.91
554	2758.91
555	2758.91
556	2758.91
557	2758.91
558	2758.91
559	2758.91
560	2758.91
561	2758.91
562	2758.91
563	2758.91
564	2758.91
565	2758.91
566	2758.91
567	2758.91
568	2758.91
569	2758.91
570	2758.91
571	2758.91
572	2758.91
573	2758.91
574	2758.91
575	2758.91
576	2758.91
577	2758.91
578	2758.91
579	2758.91
580	2758.91
581	2758.91
582	2758.91
583	2758.91
584	2758.91
585	2758.91
586	2758.91
587	2758.91
588	2758.91
589	2758.91
590	2758.91
591	2758.91
592	2758.91
593	2758.91
594	2758.91
595	2758.91
596	2758.91
597	2758.91
598	2758.91
599	2758.91
600	2758.91
601	2758.91
602	2758.91
603	2758.91
604	2758.91
605	2758.91
606	2758.91
607	2758.91
608	2758.91
609	2758.91
610	2758.91
611	2758.91
612	2758.91
613	2758.91
614	2758.91
615	2758.91
616	2758.91
617	2758.91
618	2758.91
619	2758.91
620	2758.91
621	2758.91
622	2758.91
623	2758.91
624	2758.91
625	2758.91
626	2758.91
627	2758.91
628	2758.91
629	2758.91
630	2758.91
631	2758.91
632	2758.91
633	2758.91
634	2758.91
635	2758.91
636	2758.91
637	2758.91
638	2758.91
639	2758.91
640	2758.91
641	2758.91
642	2758.91
643	2758.91
644	2758.91
645	2758.91
646	2758.91
647	2758.91
648	2758.91
649	2758.91
650	2758.91
651	2758.91
652	2758.91
653	2758.91
654	2758.91
655	2758.91
656	2758.91
657	2758.91
658	2758.91
659	2758.91
660	2758.91
661	2758.91
662	2758.91
663	2758.91
664	2758.91
665	2758.91
666	2758.91
667	2758.91
668	2758.91
669	2758.91
670	2661.28
671	2567.11
672	2446.7
673	2446.7
674	2446.7
675	2446.7
676	2577.45
