1	244.141
2	244.141
3	244.141
4	244.141
5	234.559
6	230.669
7	227.408
8	224.016
9	214.188
10	212.652
11	210.777
12	207.754
13	199.369
14	197.926
15	194.004
16	191.434
17	192.42
18	192.664
19	189.656
20	189.419
21	189.965
22	189.325
23	190.044
24	190.184
25	190.809
26	197.79
27	202.011
28	210.68
29	222.812
30	223.978
31	223.242
32	229.214
33	237.569
34	253.415
35	288.516
36	310.388
37	310.693
38	322.492
39	328.537
40	334.64
41	337.371
42	356.715
43	380.041
44	388.821
45	449.207
46	522.405
47	614.232
48	688.29
49	857.616
50	972.898
51	1111.5
52	1147.98
53	1189.64
54	1391.72
55	1493.63
56	1773.25
57	2422.94
58	2938.77
59	3619.18
60	3794.12
61	3778.25
62	3828.03
63	3937.68
64	4377.26
65	4712.62
66	4893.99
67	5136.72
68	5353.11
69	5381.48
70	5456.24
71	5493.35
72	5434.12
73	5355.24
74	5527.84
75	5755.55
76	5740.24
77	5779.56
78	5740.69
79	5729.02
80	5721.84
81	5755.58
82	5784.18
83	5819.84
84	5857.72
85	6020.35
86	6285.58
87	6363.75
88	6415.89
89	6406.93
90	6393.1
91	6390.2
92	6314.05
93	6314.21
94	6343.16
95	6330.99
96	6288.24
97	6193.75
98	6139.09
99	6015.72
100	5911.28
101	5974.88
102	5942.78
103	5896.11
104	5776.29
105	5750.15
106	5725.57
107	5663.77
108	5585.57
109	5582.76
110	5586.23
111	5699.8
112	5805.14
113	5852.35
114	5864.56
115	5912.49
116	5960.99
117	5985.08
118	5971.25
119	5984.48
120	6097.03
121	6180.35
122	6193.86
123	6146.08
124	6156.99
125	6105.21
126	6029.76
127	5919.28
128	5866.68
129	5794.54
130	5796.8
131	5838.68
132	5809.41
133	5771.02
134	5754.15
135	5695.09
136	5661.61
137	5683.88
138	5719.48
139	5753.1
140	5782.27
141	5723.13
142	5643.1
143	5672.42
144	5714.45
145	5675.91
146	5631.05
147	5565.32
148	5562.86
149	5569.5
150	5485.34
151	5601.57
152	5700.38
153	5912.01
154	5972.96
155	5980.07
156	5927.59
157	5847.98
158	5785.96
159	5735.88
160	5653.87
161	5642.72
162	5595.4
163	5515.64
164	5396.48
165	5306.79
166	5236.9
167	5207.38
168	5127.87
169	5093.38
170	5087.94
171	5079.16
172	5030.98
173	4954.63
174	4938.38
175	4914.12
176	4883.27
177	4887.29
178	4891.35
179	4919.85
180	4781.64
181	4683.3
182	4591.79
183	4532.19
184	4519.53
185	4419.41
186	4208.33
187	4127.09
188	4066
189	4109.92
190	4089.55
191	4090.13
192	4077.49
193	4033.6
194	4008.09
195	3904.39
196	3823.12
197	3707.09
198	3630.79
199	3593.95
200	3586.79
201	3551.01
202	3532.85
203	3529.62
204	3513.14
205	3532.64
206	3532.48
207	3545.12
208	3500.5
209	3457.52
210	3456.95
211	3435.04
212	3436.19
213	3426.5
214	3413.48
215	3385.89
216	3364.79
217	3336
218	3301.49
219	3299.69
220	3285.45
221	3284.89
222	3276.37
223	3259.62
224	3248.98
225	3214.09
226	3150.01
227	3160.59
228	3174.6
229	3182.82
230	3152.63
231	3158.4
232	3149.86
233	3142.24
234	3136.96
235	3145.39
236	3130.78
237	3119.65
238	3085.19
239	3069.84
240	3066.8
241	3059.08
242	3040.93
243	3010.11
244	3012.37
245	2999.53
246	3001.75
247	3006.55
248	3009.55
249	3010.46
250	3006.61
251	3015.68
252	3013.16
253	3011.06
254	3015.63
255	3006.03
256	3000.47
257	2992.41
258	2988.71
259	2986.56
260	2989.21
261	3011.58
262	2994.78
263	2999.01
264	2994.58
265	2995.04
266	2996.49
267	2996.55
268	2991.94
269	2983.87
270	2979.57
271	2968.34
272	2977.36
273	2989.15
274	2999.21
275	3005.43
276	2999.41
277	3008.03
278	3005.64
279	3001.1
280	2994.71
281	2997.86
282	2970.93
283	2916.69
284	2948.43
285	2813.66
286	2809.82
287	2767.96
288	2784.41
289	2805.51
290	2828.29
291	2806.12
292	2761.95
293	2663.05
294	2505.41
295	2431.54
296	2431.75
297	2437.34
298	2437.37
299	2436.78
300	2443.37
301	2388.47
302	2260.1
303	2177.6
304	2141.62
305	2050.8
306	2069.69
307	2047.09
308	2015
309	1996.36
310	1910.43
311	1907.75
312	1889.3
313	1889.3
314	1888.22
315	1884.6
316	1879.14
317	1873.01
318	1875.06
319	1878.66
320	1879.36
321	1884.76
322	1895.37
323	1889.06
324	1888.45
325	1886.15
326	1887.74
327	1894.29
328	1901.51
329	1906.82
330	1908.01
331	1910.94
332	1911.45
333	1912.01
334	1915.23
335	1914.62
336	1914.23
337	1914.5
338	1914.63
339	1914.74
340	1913.75
341	1914.12
342	1917.56
343	1919.19
344	1934.09
345	1960.04
346	1971.62
347	1974.56
348	1998.08
349	2043.89
350	2055.7
351	2066.77
352	2112.2
353	2135.17
354	2156.24
355	2174.16
356	2198.45
357	2202.83
358	2217.45
359	2219.4
360	2221.25
361	2222.73
362	2222.73
363	2223.41
364	2225.23
365	2224.57
366	2211.23
367	2209.41
368	2214.86
369	2237.32
370	2255.17
371	2278.11
372	2294.73
373	2294.73
374	2294.73
375	2294.91
376	2297.93
377	2305.63
378	2298.97
379	2302.75
380	2315.78
381	2337.35
382	2387.47
383	2411.1
384	2500.87
385	2539.36
386	2559.73
387	2560.51
388	2561.59
389	2562.29
390	2561.05
391	2564.05
392	2564.05
393	2562.33
394	2562.33
395	2586.7
396	2605.49
397	2614.16
398	2622.75
399	2640.44
400	2688.94
401	2720.77
402	2738.01
403	2740.13
404	2752.94
405	2774.22
406	2784.56
407	2814.81
408	2820.56
409	2870.13
410	2915.8
411	2955.76
412	3020.39
413	3066.98
414	3105.3
415	3132.46
416	3132.64
417	3148.15
418	3159.42
419	3172.26
420	3172.38
421	3172.38
422	3181.93
423	3203.79
424	3225.4
425	3236.96
426	3280.96
427	3326.99
428	3361.44
429	3443.69
430	3526.56
431	3546.23
432	3546.82
433	3570.37
434	3582.27
435	3614.35
436	3613.96
437	3627.12
438	3674.75
439	3694.95
440	3712.07
441	3743.01
442	3757.16
443	3756.76
444	3754.25
445	3752.35
446	3752.35
447	3752.35
448	3753.39
449	3753.06
450	3751.01
451	3747.86
452	3755.09
453	3759.15
454	3787.49
455	3831.79
456	3841.13
457	3846.12
458	3852.44
459	3867.77
460	3891.93
461	3909.17
462	3952.89
463	4040.8
464	4199.75
465	4289.27
466	4344.85
467	4372.3
468	4372.3
469	4406.68
470	4435.35
471	4424.16
472	4416.42
473	4406.79
474	4403.51
475	4398.96
476	4503.23
477	4527.05
478	4531.64
479	4559.53
480	4563.81
481	4587.47
482	4622.77
483	4625.17
484	4625.17
485	4625.17
486	4625.17
487	4625.17
488	4625.17
489	4625.17
490	4625.17
491	4625.17
492	4625.17
493	4625.17
494	4625.17
495	4625.17
496	4625.17
497	4625.17
498	4625.17
499	4625.17
500	4625.17
501	4625.17
502	4625.17
503	4625.17
504	4625.17
505	4625.17
506	4625.17
507	4625.17
508	4625.17
509	4625.17
510	4625.17
511	4625.17
512	4625.17
513	4625.17
514	4625.17
515	4625.17
516	4625.17
517	4625.17
518	4625.17
519	4625.17
520	4625.17
521	4625.17
522	4625.17
523	4625.17
524	4625.17
525	4625.17
526	4625.17
527	4625.17
528	4625.17
529	4625.17
530	4625.17
531	4625.17
532	4625.17
533	4625.17
534	4625.17
535	4625.17
536	4625.17
537	4625.17
538	4625.17
539	4625.17
540	4625.17
541	4625.17
542	4625.17
543	4625.17
544	4625.17
545	4625.17
546	4625.17
547	4625.17
548	4625.17
549	4625.17
550	4625.17
551	4625.17
552	4625.17
553	4625.17
554	4625.17
555	4625.17
556	4625.17
557	4625.17
558	4625.17
559	4625.17
560	4625.17
561	4625.17
562	4625.17
563	4625.17
564	4625.17
565	4625.17
566	4625.17
567	4625.17
568	4625.17
569	4625.17
570	4625.17
571	4625.17
572	4625.17
573	4625.17
574	4625.17
575	4625.17
576	4625.17
577	4625.17
578	4625.17
579	4625.17
580	4625.17
581	4625.17
582	4625.17
583	4625.17
584	4625.17
585	4625.17
586	4625.17
587	4625.17
588	4625.17
589	4625.17
590	4625.17
591	4625.17
592	4625.17
593	4625.17
594	4625.17
595	4625.17
596	4625.17
597	4625.17
598	4625.17
599	4625.17
600	4625.17
601	4625.17
602	4625.17
603	4625.17
604	4625.17
605	4625.17
606	4625.17
607	4625.17
608	4625.17
609	4625.17
610	4625.17
611	4625.17
612	4625.17
613	4625.17
614	4625.17
615	4625.17
616	4625.17
617	4625.17
618	4625.17
619	4625.17
620	4625.17
621	4625.17
622	4625.17
623	4625.17
624	4625.17
625	4625.17
626	4625.17
627	4625.17
628	4625.17
629	4625.17
630	4625.17
631	4625.17
632	4625.17
633	4625.17
634	4625.17
635	4625.17
636	4625.17
637	4625.17
638	4625.17
639	4625.17
640	4625.17
641	4625.17
642	4625.17
643	4625.17
644	4625.17
645	4625.17
646	4625.17
647	4625.17
648	4625.17
649	4625.17
650	4625.17
651	4625.17
652	4625.17
653	4625.17
654	4567.42
655	4454.06
656	4343.52
657	4235.72
658	4182.83
659	4130.6
660	4079.02
661	4079.02
662	4079.02
663	4079.02
664	4079.02
665	4079.02
666	4079.02
667	4079.02
668	4079.02
669	4079.02
670	3982.11
671	3749.79
672	3616.96
673	3616.96
674	3616.96
675	3616.96
676	3678.26
