1	307.21
2	307.21
3	307.21
4	307.21
5	269.147
6	264.311
7	263.409
8	263.249
9	241.012
10	228.47
11	223.354
12	220.828
13	214.037
14	207.361
15	206.563
16	201.842
17	191.909
18	188.325
19	182.711
20	177.753
21	181.309
22	185.657
23	187.54
24	189.455
25	187.867
26	187.195
27	190.722
28	194.319
29	206.358
30	214.114
31	226.617
32	228.363
33	234.939
34	232.092
35	240.411
36	244.043
37	250.722
38	271.354
39	284.341
40	296.2
41	329.71
42	335.152
43	450.74
44	524.749
45	577.346
46	716.432
47	736.484
48	918.263
49	995.914
50	1254.15
51	1463.33
52	2072.21
53	2241.91
54	2852.52
55	3314.14
56	3815.16
57	3985.46
58	3920.05
59	3841.93
60	3814.12
61	3828.02
62	3956.7
63	4010.34
64	4160.84
65	4245.28
66	4312.21
67	4341.83
68	4388.65
69	4437.5
70	4428.44
71	4796.12
72	5051.36
73	5089.56
74	5143.07
75	5240.46
76	5378.28
77	5317.63
78	5291.78
79	5302.49
80	5311.07
81	5195.2
82	5141.42
83	5064.61
84	5012.2
85	4969.8
86	5017.94
87	5052.03
88	5047.01
89	5105.76
90	5123.35
91	5185.86
92	5200.39
93	5183.86
94	5043.86
95	4903.62
96	4827.83
97	4801.5
98	4825.89
99	4838.88
100	4976.02
101	5031.87
102	5130.94
103	5029.61
104	4931.17
105	4831.72
106	4751.95
107	4649.26
108	4585.17
109	4566.38
110	4545.15
111	4466.59
112	4440.26
113	4394.87
114	4389.66
115	4372.17
116	4362.84
117	4370.88
118	4364.04
119	4321.05
120	4254.95
121	4198
122	4188.75
123	4199.1
124	4216.03
125	4228.73
126	4261.75
127	4303.61
128	4343.55
129	4432.42
130	4476.18
131	4569.35
132	4704.65
133	4760.26
134	4765.67
135	4792.92
136	4844.38
137	4887.21
138	4941.12
139	4963.79
140	4967.01
141	4967.15
142	4969.08
143	4996.78
144	5023.05
145	5102.53
146	5157.28
147	5101.63
148	5092.02
149	5090.4
150	5138.62
151	5170.71
152	5216.94
153	5226.64
154	5192.88
155	5198.07
156	5185.66
157	5190.16
158	5194.97
159	5166.88
160	5128.8
161	5062.83
162	4884.13
163	4805.87
164	4710.86
165	4616.16
166	4572.67
167	4469.79
168	4394.27
169	4323.58
170	4312.57
171	4317.06
172	4286.3
173	4329.27
174	4293.63
175	4265.57
176	4246.78
177	4214.18
178	4189.14
179	4190.02
180	4212.72
181	4208.43
182	4255.14
183	4318.05
184	4339.87
185	4314.23
186	4307.86
187	4336.26
188	4320.17
189	4244.98
190	4197.7
191	4158.38
192	4192.76
193	4190.09
194	4184.91
195	4196.06
196	4171.26
197	4107.17
198	4088.48
199	4051.42
200	3996.8
201	3961.96
202	3940
203	3961.19
204	4018.16
205	4049
206	4080.01
207	4078.92
208	4084.29
209	4068.48
210	4025.94
211	3975.94
212	3958.95
213	3941.47
214	3933.7
215	3908.9
216	3876.34
217	3843.99
218	3843.93
219	3866.36
220	3911.89
221	3959.01
222	3953.25
223	3922.82
224	3926.09
225	3893.48
226	3882.46
227	3880.67
228	3859.51
229	3821.4
230	3766.66
231	3713.7
232	3694.39
233	3681.77
234	3691.87
235	3706.16
236	3689.46
237	3697.59
238	3704.97
239	3704.38
240	3721.3
241	3729.37
242	3743.78
243	3752.46
244	3735.58
245	3710.34
246	3694.87
247	3718.39
248	3734.57
249	3750.17
250	3776.3
251	3760.75
252	3777.06
253	3779.01
254	3781.16
255	3786.13
256	3796.07
257	3813.79
258	3842.98
259	3870.19
260	3899.37
261	3924.26
262	3941.03
263	3960.49
264	3974.73
265	3987.91
266	3989.78
267	3783.26
268	3586.52
269	3491.34
270	3490.18
271	3489.07
272	3488.84
273	3483.36
274	3478.54
275	3478.58
276	3443.38
277	3441.97
278	3439.36
279	3399.77
280	3294.25
281	3166.98
282	3134.89
283	3049.09
284	3049.32
285	2994.39
286	2918.73
287	2893.19
288	2868.8
289	2868.67
290	2867.98
291	2867.58
292	2896.93
293	2928.18
294	2947.54
295	2947.44
296	2946.9
297	2942.28
298	2951.51
299	2948.22
300	2879.51
301	2877.76
302	2732.18
303	2578.04
304	2479.29
305	2416.62
306	2389.49
307	2324.53
308	2352.77
309	2369.69
310	2373.62
311	2373.42
312	2374.02
313	2369.84
314	2374.98
315	2382.71
316	2393.33
317	2399.75
318	2399.15
319	2399.33
320	2399.69
321	2399.43
322	2399.71
323	2399.22
324	2413.48
325	2419.72
326	2432.34
327	2435.97
328	2435.97
329	2435.97
330	2435.5
331	2436.74
332	2373.89
333	2194.37
334	2137.03
335	2097.84
336	1987.39
337	1970.88
338	1970.91
339	1982.34
340	2002.17
341	2010.26
342	2037.51
343	2045.42
344	2049.75
345	2056.8
346	2062.9
347	2085.14
348	2083.37
349	2083.62
350	2078.77
351	2081.58
352	2074.25
353	2062.51
354	2066.29
355	2062.44
356	2062.7
357	2061.54
358	2062.48
359	2062.38
360	2062.47
361	2064.01
362	2064.66
363	2063.52
364	2063.55
365	2063.92
366	2064.35
367	2067.14
368	2070.03
369	2071.63
370	2072.52
371	2074.37
372	2075.78
373	2077.09
374	2082.65
375	2085.34
376	2087.37
377	2092.04
378	2093.61
379	2094.31
380	2094.29
381	2094.69
382	2096.29
383	2104.11
384	2117.06
385	2118.47
386	2124.37
387	2131.4
388	2150.44
389	2165.41
390	2179.74
391	2178.87
392	2181.65
393	2192.93
394	2193.2
395	2193.73
396	2193.73
397	2192.7
398	2189.87
399	2186.3
400	2197.34
401	2227.61
402	2231.69
403	2235.77
404	2254.2
405	2275.25
406	2288.17
407	2298.38
408	2303.08
409	2306.19
410	2327.68
411	2333.08
412	2341.17
413	2356.96
414	2361.88
415	2369.99
416	2375.47
417	2380.79
418	2384.79
419	2393.44
420	2393.44
421	2406.49
422	2411.08
423	2416.91
424	2411.71
425	2427.51
426	2408.48
427	2319.62
428	2321.54
429	2321.54
430	2321.34
431	2300.76
432	2222.18
433	2231.14
434	2247.68
435	2273.69
436	2279.53
437	2279.36
438	2279.46
439	2279.87
440	2280.34
441	2284.54
442	2286.65
443	2296.96
444	2300.13
445	2300.94
446	2308.38
447	2308.4
448	2308.28
449	2334.03
450	2348.43
451	2377.41
452	2416.42
453	2427.94
454	2413.36
455	2376.25
456	2325.66
457	2342.05
458	2335.04
459	2262.02
460	2264.86
461	2264.86
462	2269.49
463	2261.47
464	2250.39
465	2250.39
466	2244.79
467	2241.4
468	2236.35
469	2250.4
470	2271.65
471	2306.32
472	2317.34
473	2318.5
474	2341.59
475	2347.34
476	2350.49
477	2350.63
478	2350.63
479	2350.63
480	2350.63
481	2350.63
482	2350.63
483	2350.63
484	2350.63
485	2350.63
486	2350.63
487	2350.63
488	2350.63
489	2350.63
490	2350.63
491	2350.63
492	2350.63
493	2350.63
494	2350.63
495	2350.63
496	2350.63
497	2350.63
498	2350.63
499	2350.63
500	2350.63
501	2350.63
502	2350.63
503	2350.63
504	2350.63
505	2350.63
506	2350.63
507	2350.63
508	2350.63
509	2350.63
510	2350.63
511	2350.63
512	2350.63
513	2350.63
514	2350.63
515	2350.63
516	2350.63
517	2350.63
518	2350.63
519	2350.63
520	2350.63
521	2350.63
522	2350.63
523	2324.03
524	2324.03
525	2297.73
526	2271.72
527	2246.01
528	2220.6
529	2220.6
530	2121.77
531	2097.76
532	2097.76
533	2097.76
534	2097.76
535	2097.76
536	2097.76
537	2097.76
538	2097.76
539	2097.76
540	2097.76
541	2097.76
542	2097.76
543	2097.76
544	2097.76
545	2097.76
546	2097.76
547	2097.76
548	2097.76
549	2097.76
550	2097.76
551	2097.76
552	2097.76
553	2097.76
554	2097.76
555	2097.76
556	2097.76
557	2097.76
558	2097.76
559	2097.76
560	2097.76
561	2097.76
562	2097.76
563	2047.43
564	2047.43
565	2047.43
566	1998.3
567	1974.19
568	1950.36
569	1857.89
570	1857.89
571	1857.89
572	1857.89
573	1857.89
574	1857.89
575	1857.89
576	1857.89
577	1857.89
578	1857.89
579	1857.89
580	1857.89
581	1857.89
582	1857.89
583	1857.89
584	1857.89
585	1857.89
586	1857.89
587	1857.89
588	1857.89
589	1857.89
590	1857.89
591	1857.89
592	1857.89
593	1857.89
594	1857.89
595	1857.89
596	1857.89
597	1857.89
598	1857.89
599	1857.89
600	1857.89
601	1857.89
602	1857.89
603	1857.89
604	1857.89
605	1857.89
606	1857.89
607	1857.89
608	1857.89
609	1857.89
610	1857.89
611	1857.89
612	1857.89
613	1857.89
614	1857.89
615	1857.89
616	1857.89
617	1857.89
618	1857.89
619	1857.89
620	1857.89
621	1857.89
622	1857.89
623	1857.89
624	1857.89
625	1857.89
626	1857.89
627	1857.89
628	1857.89
629	1857.89
630	1857.89
631	1857.89
632	1857.89
633	1857.89
634	1857.89
635	1857.89
636	1857.89
637	1857.89
638	1857.89
639	1857.89
640	1857.89
641	1857.89
642	1857.89
643	1857.89
644	1857.89
645	1857.89
646	1857.89
647	1857.89
648	1857.89
649	1857.89
650	1857.89
651	1857.89
652	1857.89
653	1857.89
654	1857.89
655	1857.89
656	1857.89
657	1857.89
658	1857.89
659	1857.89
660	1857.89
661	1857.89
662	1857.89
663	1857.89
664	1857.89
665	1857.89
666	1857.89
667	1857.89
668	1857.89
669	1857.89
670	1857.89
671	1857.89
672	1857.89
673	1857.89
674	1857.89
675	1857.89
676	1857.89
677	1857.89
678	1857.89
679	1857.89
680	1857.89
681	1857.89
682	1857.89
683	1857.89
684	1857.89
685	1857.89
686	1857.89
687	1857.89
688	1857.89
689	1857.89
690	1857.89
691	1857.89
692	1857.89
693	1892.5
