1	357.387
2	357.387
3	357.387
4	357.387
5	312.077
6	306.43
7	289.87
8	288.577
9	230.685
10	221.875
11	211.56
12	204.708
13	200.666
14	187.289
15	180.559
16	175.212
17	172.445
18	170.014
19	171.699
20	170.622
21	168.942
22	169.819
23	170.614
24	174.172
25	172.829
26	175.937
27	176.743
28	175.907
29	185.889
30	192.237
31	199.893
32	205.702
33	220.425
34	230.357
35	251.404
36	305.703
37	326.575
38	363.994
39	407.669
40	434.49
41	521.556
42	831.983
43	1171.29
44	1330.81
45	1511.6
46	1613.09
47	1667.2
48	1792.5
49	2147.98
50	2232.14
51	2318.59
52	2373.92
53	2448.12
54	2478.56
55	2488.65
56	2512.93
57	2763.79
58	2900.17
59	2939.31
60	2945.25
61	3058.73
62	3163.61
63	3189.14
64	3231.9
65	3329.7
66	3282.12
67	3288.53
68	3428.48
69	3499.4
70	3808.17
71	3919.99
72	3937.42
73	3963.07
74	4039.15
75	4141.73
76	4423.76
77	4637.47
78	4870.64
79	5042.02
80	5154.49
81	5176.61
82	5245.83
83	5193.18
84	5194.94
85	5160.97
86	5271.3
87	5376.72
88	5352.22
89	5266.92
90	5150.39
91	5072.48
92	5012.19
93	4948.7
94	4916.11
95	4943.89
96	4977.91
97	4961.11
98	4961.66
99	4945.18
100	4866.1
101	4702.31
102	4553.19
103	4490.36
104	4473.76
105	4588.09
106	4682.58
107	4763.45
108	4881.52
109	4872.64
110	4851.8
111	4854.99
112	4733.66
113	4699.37
114	4679.11
115	4682.08
116	4655.17
117	4589.38
118	4560.49
119	4556.24
120	4557.76
121	4570.64
122	4598.1
123	4644.62
124	4667.59
125	4697.16
126	4642.11
127	4567.01
128	4526.92
129	4487.76
130	4502.21
131	4474.71
132	4494.77
133	4526.26
134	4507.28
135	4485.34
136	4410.15
137	4389.42
138	4383.97
139	4382.2
140	4382.69
141	4364.66
142	4316.32
143	4306.84
144	4289.48
145	4221.67
146	4133.96
147	4138.82
148	4188.92
149	4276.38
150	4353
151	4343.86
152	4338.69
153	4316.09
154	4322.34
155	4327.01
156	4342.47
157	4330.69
158	4333.48
159	4326.52
160	4306.17
161	4270.86
162	4249.99
163	4240.66
164	4241.54
165	4227.9
166	4149.65
167	4152.82
168	4121.96
169	4105.58
170	4108.98
171	4145.04
172	4234.41
173	4292.25
174	4325.12
175	4315.85
176	4298.07
177	4152.51
178	4060.55
179	4008.14
180	3957.39
181	3889.52
182	3889.48
183	3926.21
184	3910.84
185	3925.78
186	3911.95
187	3873.64
188	3825.64
189	3750.3
190	3731.35
191	3710.56
192	3676.88
193	3553.04
194	3487.43
195	3450.82
196	3389.85
197	3370.98
198	3377.46
199	3405.24
200	3439.4
201	3432.26
202	3443.09
203	3476.32
204	3529.17
205	3607.63
206	3625.93
207	3643.7
208	3654.96
209	3666.81
210	3651.22
211	3645.42
212	3625.81
213	3630.37
214	3640.25
215	3628.52
216	3608.97
217	3590.07
218	3638.61
219	3680.28
220	3721.31
221	3725.01
222	3717.65
223	3741.06
224	3718.78
225	3746.63
226	3754.95
227	3749.27
228	3684.95
229	3640.13
230	3623.73
231	3615.13
232	3590.81
233	3582.36
234	3563.86
235	3558.12
236	3560.77
237	3562.74
238	3573.84
239	3565.57
240	3571.86
241	3555.11
242	3525.94
243	3513.6
244	3501.27
245	3493.49
246	3497.01
247	3483.7
248	3502.84
249	3504.48
250	3547.59
251	3567.66
252	3570.8
253	3581.05
254	3582.19
255	3583.44
256	3581.64
257	3579.33
258	3577.28
259	3570.73
260	3562.79
261	3554.23
262	3545.26
263	3544.21
264	3543.81
265	3543.24
266	3540.47
267	3540.58
268	3285.78
269	3127.1
270	3060.17
271	2864.07
272	2775
273	2798.66
274	2802
275	2812.36
276	2821.72
277	2826.68
278	2824.44
279	2818.86
280	2769.51
281	2764.56
282	2658.28
283	2634
284	2506.34
285	2483.4
286	2490.72
287	2499.4
288	2523.89
289	2532.39
290	2538.97
291	2535.73
292	2575.87
293	2516.39
294	2500.77
295	2513.42
296	2515.71
297	2507.72
298	2507.58
299	2501.98
300	2311.07
301	2155.16
302	1978.48
303	1780.26
304	1756.08
305	1728.4
306	1727.06
307	1733.75
308	1733.29
309	1735.25
310	1734.28
311	1735.51
312	1733.92
313	1732.97
314	1712.55
315	1692.43
316	1670.32
317	1632.89
318	1597.72
319	1596.17
320	1573.36
321	1571.68
322	1550.98
323	1551.71
324	1552.81
325	1547.31
326	1564.07
327	1569.38
328	1559.92
329	1540.12
330	1512.1
331	1457.68
332	1429.02
333	1445.16
334	1430.28
335	1436.31
336	1400.9
337	1387.21
338	1364.06
339	1364.16
340	1338.18
341	1338.15
342	1339.38
343	1335.36
344	1335.61
345	1336.26
346	1352.57
347	1379.63
348	1396.22
349	1404.26
350	1415.75
351	1429.58
352	1437.63
353	1461.13
354	1477.1
355	1489.37
356	1500.1
357	1507.24
358	1514.31
359	1521.25
360	1522.29
361	1538.46
362	1542.62
363	1548.51
364	1575.87
365	1591.55
366	1597.09
367	1606.93
368	1611.77
369	1616.07
370	1620.18
371	1620.16
372	1618.58
373	1618.58
374	1615.92
375	1615.41
376	1613.7
377	1610.12
378	1608.37
379	1607.79
380	1611.19
381	1611.06
382	1611.06
383	1610.08
384	1615.89
385	1616.45
386	1616.52
387	1616.49
388	1616.86
389	1624.55
390	1633.86
391	1639.24
392	1659.34
393	1661.48
394	1680.55
395	1680.61
396	1681.02
397	1681.83
398	1682.69
399	1688.7
400	1697.9
401	1698.45
402	1709.73
403	1721.56
404	1743.63
405	1756.72
406	1770.27
407	1781.95
408	1793.82
409	1799.4
410	1814.34
411	1816.09
412	1838.54
413	1864.43
414	1884.49
415	1898.9
416	1916.69
417	1942.73
418	2007.14
419	2023.01
420	2037.02
421	2080.77
422	2107.12
423	2121.35
424	2139.45
425	2203.59
426	2225.69
427	2246.3
428	2281.08
429	2320.36
430	2332.6
431	2378.08
432	2422.77
433	2465.46
434	2476.53
435	2486.56
436	2486.56
437	2486.56
438	2486.18
439	2486.88
440	2489.51
441	2467.38
442	2465.83
443	2452.86
444	2450.6
445	2450.46
446	2440.7
447	2439.74
448	2457.96
449	2507.36
450	2558.14
451	2596.49
452	2633.07
453	2696.68
454	2719.36
455	2730.88
456	2756.23
457	2804.52
458	2823.89
459	2847.84
460	2869.07
461	2882.45
462	2901.3
463	2918
464	2932.68
465	2943.88
466	2943.67
467	2944.55
468	2944.71
469	2944.71
470	2950.03
471	2954.74
472	2971.29
473	2977.66
474	2979.24
475	3008.48
476	3040.82
477	3105.37
478	3185.51
479	3232.98
480	3270.07
481	3298.24
482	3345.18
483	3346.47
484	3359.84
485	3360.27
486	3370.74
487	3381.44
488	3381.44
489	3391.38
490	3429.63
491	3476.5
492	3523.4
493	3582.65
494	3594
495	3612.43
496	3612.43
497	3630.71
498	3630.71
499	3630.71
500	3630.71
501	3630.71
502	3630.71
503	3630.71
504	3630.71
505	3630.71
506	3630.71
507	3630.71
508	3630.71
509	3630.71
510	3630.71
511	3630.71
512	3630.71
513	3630.71
514	3630.71
515	3630.71
516	3630.71
517	3630.71
518	3630.71
519	3630.71
520	3630.71
521	3630.71
522	3630.71
523	3552.8
524	3552.8
525	3514.48
526	3476.57
527	3328.98
528	3328.98
529	3328.98
530	3257.55
531	3257.55
532	3257.55
533	3257.55
534	3257.55
535	3257.55
536	3257.55
537	3257.55
538	3257.55
539	3257.55
540	3257.55
541	3257.55
542	3257.55
543	3257.55
544	3257.55
545	3257.55
546	3257.55
547	3257.55
548	3257.55
549	3257.55
550	3257.55
551	3257.55
552	3257.55
553	3257.55
554	3257.55
555	3257.55
556	3257.55
557	3257.55
558	3257.55
559	3257.55
560	3257.55
561	3257.55
562	3257.55
563	3257.55
564	3257.55
565	3257.55
566	3257.55
567	3257.55
568	3257.55
569	3257.55
570	3257.55
571	3257.55
572	3257.55
573	3257.55
574	3257.55
575	3257.55
576	3257.55
577	3257.55
578	3257.55
579	3257.55
580	3257.55
581	3257.55
582	3257.55
583	3257.55
584	3257.55
585	3257.55
586	3257.55
587	3257.55
588	3257.55
589	3257.55
590	3257.55
591	3257.55
592	3257.55
593	3257.55
594	3257.55
595	3257.55
596	3257.55
597	3257.55
598	3257.55
599	3257.55
600	3257.55
601	3257.55
602	3257.55
603	3257.55
604	3257.55
605	3257.55
606	3257.55
607	3257.55
608	3257.55
609	3257.55
610	3257.55
611	3257.55
612	3257.55
613	3257.55
614	3257.55
615	3257.55
616	3257.55
617	3257.55
618	3257.55
619	3257.55
620	3257.55
621	3257.55
622	3257.55
623	3257.55
624	3257.55
625	3257.55
626	3257.55
627	3257.55
628	3257.55
629	3257.55
630	3257.55
631	3257.55
632	3257.55
633	3257.55
634	3257.55
635	3257.55
636	3257.55
637	3257.55
638	3257.55
639	3257.55
640	3257.55
641	3257.55
642	3257.55
643	3257.55
644	3257.55
645	3257.55
646	3257.55
647	3257.55
648	3257.55
649	3257.55
650	3257.55
651	3257.55
652	3257.55
653	3257.55
654	3257.55
655	3257.55
656	3257.55
657	3257.55
658	3257.55
659	3257.55
660	3257.55
661	3257.55
662	3257.55
663	3257.55
664	3257.55
665	3257.55
666	3257.55
667	3257.55
668	3257.55
669	3257.55
670	3257.55
671	3257.55
672	3257.55
673	3257.55
674	3257.55
675	3257.55
676	3257.55
677	3257.55
678	3257.55
679	3257.55
680	3257.55
681	3257.55
682	3257.55
683	3257.55
684	3257.55
685	3257.55
686	3257.55
687	3257.55
688	3257.55
689	3257.55
690	3257.55
691	3257.55
692	3257.55
693	3239.09
