1	249.158
2	249.158
3	249.158
4	249.158
5	240.198
6	237.212
7	235.834
8	234.381
9	215.047
10	210.803
11	210.069
12	208.333
13	204.215
14	204.482
15	202.661
16	201.302
17	196.971
18	192.563
19	190.132
20	190.191
21	190.689
22	187.804
23	184.264
24	180.46
25	181.625
26	194.298
27	200.704
28	206.561
29	213.498
30	215.748
31	219.535
32	232.103
33	243.689
34	265.497
35	276.725
36	290.13
37	292.234
38	305.189
39	308.292
40	341.506
41	345.695
42	359.959
43	369.693
44	429.596
45	434.437
46	464.39
47	547.784
48	612.378
49	846.105
50	913.168
51	921.785
52	915.676
53	945.832
54	1343.53
55	1557.98
56	1642.98
57	1654.73
58	1930.04
59	2125.66
60	2504.68
61	3147.35
62	3529.37
63	3770.29
64	4048.36
65	4306.84
66	4472.08
67	4538.86
68	4479.3
69	4399.33
70	4414.08
71	4516.94
72	4501.38
73	4590.11
74	4691.92
75	4760.11
76	4834.73
77	4864.62
78	4858.32
79	4978.07
80	4941.29
81	4864.9
82	4918.64
83	4970.96
84	4991.78
85	5091.11
86	5163.63
87	5114.22
88	5105.76
89	5102.2
90	5174.43
91	5225.43
92	5253.05
93	5307.68
94	5350.69
95	5391.94
96	5416.2
97	5385.17
98	5288.97
99	5296.09
100	5197.89
101	5159.59
102	5088.59
103	5028.69
104	5003.47
105	5032.38
106	4967.76
107	5066.67
108	5023.82
109	5022.86
110	5039.62
111	4960.81
112	4897.1
113	4891.8
114	4891.85
115	4848.9
116	4855.63
117	4848.33
118	4817.15
119	4867.49
120	4872.43
121	4896.52
122	4971.21
123	4976.05
124	4930.38
125	4893.37
126	4879.87
127	4893.19
128	4918.53
129	4946.19
130	4967.37
131	5013.71
132	5109.31
133	5163.64
134	5190.94
135	5205.01
136	5186.02
137	5211.33
138	5214.07
139	5239.33
140	5235.75
141	5226.21
142	5201.03
143	5209.1
144	5249.2
145	5328.46
146	5414.2
147	5506.14
148	5554.34
149	5556.88
150	5464.41
151	5372.92
152	5303.65
153	5228.18
154	5219.23
155	5226.92
156	5211.35
157	5244.24
158	5215.37
159	5198.49
160	5163.91
161	5160.18
162	5144.84
163	5128.73
164	5139.35
165	5138.21
166	5115.59
167	5117.64
168	5021.37
169	5002.63
170	4865.67
171	4784.96
172	4772.99
173	4756.7
174	4737.29
175	4669.67
176	4607.16
177	4563.59
178	4549.38
179	4559.22
180	4605.81
181	4576.11
182	4549.33
183	4448.06
184	4392.93
185	4311.92
186	4220.47
187	4007.75
188	3974.63
189	3995.57
190	4040.25
191	4135.01
192	4205.44
193	4231.08
194	4220.03
195	4276.57
196	4263.01
197	4214.82
198	4201.21
199	4139.2
200	4114.56
201	4086.91
202	4123.42
203	4096.51
204	4075.3
205	4105.7
206	4076.08
207	4036.25
208	3965.55
209	3910.92
210	3900.9
211	3820.46
212	3806.94
213	3809.63
214	3793.16
215	3773.23
216	3750.69
217	3741.04
218	3745.07
219	3742.14
220	3747.58
221	3788.26
222	3796.6
223	3760.85
224	3726.9
225	3698.36
226	3710.83
227	3704.93
228	3719.81
229	3721.74
230	3728.19
231	3749.61
232	3822.74
233	3820.87
234	3808.07
235	3801.78
236	3791.98
237	3778.88
238	3773.09
239	3748.88
240	3711.05
241	3687.27
242	3717.09
243	3695.37
244	3686.06
245	3681.11
246	3683.63
247	3683.99
248	3688.64
249	3691.58
250	3683.69
251	3664.43
252	3646.22
253	3631.64
254	3624.67
255	3624.06
256	3624
257	3622.74
258	3614.02
259	3613.72
260	3591.56
261	3584.82
262	3574.99
263	3573.9
264	3565.45
265	3565.6
266	3564.36
267	3562.97
268	3560.96
269	3561.62
270	3561.74
271	3562.32
272	3561.66
273	3563.78
274	3382.87
275	3174.79
276	3022.28
277	2816.51
278	2793.55
279	2819.16
280	2842.36
281	2870.16
282	2897.95
283	2922.21
284	2918.11
285	2916.69
286	2917.57
287	2916.23
288	2797.33
289	2758.96
290	2687.79
291	2580.76
292	2555.17
293	2586.7
294	2598.55
295	2606.22
296	2633.23
297	2629.97
298	2624.01
299	2623.91
300	2618.99
301	2611.73
302	2605.01
303	2612.09
304	2610.25
305	2619.13
306	2622.55
307	2624.65
308	2634.22
309	2643.6
310	2652.85
311	2654.75
312	2658.54
313	2650.82
314	2656.83
315	2658.09
316	2663.27
317	2666.03
318	2672.29
319	2670.91
320	2669.39
321	2669.62
322	2668.47
323	2668.04
324	2668.15
325	2668.72
326	2668.29
327	2665.64
328	2665.14
329	2658.26
330	2648.23
331	2646.83
332	2646.87
333	2644.24
334	2628.37
335	2631.7
336	2632.25
337	2636.98
338	2648.78
339	2655.24
340	2668.22
341	2688.99
342	2710.82
343	2715.83
344	2718.54
345	2729.59
346	2740.12
347	2740.12
348	2749.33
349	2794.33
350	2861.12
351	2905.13
352	2904.07
353	2900.43
354	2900.41
355	2894.27
356	2861.21
357	2863.55
358	2865.01
359	2799.52
360	2708.89
361	2622.38
362	2595.17
363	2596.4
364	2605.88
365	2578.88
366	2539.94
367	2543.94
368	2501.41
369	2458.12
370	2430.67
371	2355.61
372	2326.68
373	2306
374	2308.34
375	2316.61
376	2329.51
377	2351.62
378	2398.2
379	2420.64
380	2436.73
381	2437.67
382	2456.6
383	2488.72
384	2498.39
385	2522.67
386	2532.64
387	2546.94
388	2572.28
389	2602.62
390	2648.28
391	2679.19
392	2713.01
393	2720.91
394	2707.3
395	2687.01
396	2690.87
397	2703.79
398	2688.29
399	2698
400	2710.6
401	2713.66
402	2678.3
403	2676.05
404	2635.99
405	2641.75
406	2616.62
407	2616.62
408	2616.2
409	2615.17
410	2615.17
411	2615.52
412	2615.52
413	2629.21
414	2629.21
415	2629.21
416	2647.33
417	2712.77
418	2784.45
419	2831.69
420	2893.79
421	2942.66
422	2951.64
423	2959.42
424	2959.42
425	2959.55
426	2959.55
427	2971.11
428	2971.09
429	2971.09
430	2981.87
431	3016.71
432	3049.03
433	3052.23
434	3078.3
435	3030.51
436	3014
437	2986.01
438	2941.23
439	2933.42
440	2940.35
441	2945.79
442	2954.5
443	2957.19
444	2941.06
445	2907.58
446	2817.58
447	2822.58
448	2840.94
449	2822.57
450	2805.5
451	2818.91
452	2831.84
453	2844.2
454	2843.9
455	2838.18
456	2828.32
457	2824.98
458	2829.69
459	2829.69
460	2838.11
461	2849.95
462	2855.81
463	2857.21
464	2866.84
465	2873.51
466	2898.21
467	2929.13
468	2952.27
469	2994.35
470	3014.07
471	3057.1
472	3071.12
473	3036.24
474	3031.54
475	3050.44
476	3060.25
477	3005.31
478	2915.95
479	2921.44
480	2926.51
481	2932.25
482	2938.16
483	2943.72
484	2954.61
485	2967.39
486	2913.25
487	2880.16
488	2880.16
489	2880.16
490	2880.16
491	2880.16
492	2880.16
493	2880.16
494	2880.16
495	2880.16
496	2880.16
497	2880.16
498	2880.16
499	2880.16
500	2880.16
501	2880.16
502	2880.16
503	2880.16
504	2880.16
505	2880.16
506	2880.16
507	2880.16
508	2880.16
509	2880.16
510	2880.16
511	2880.16
512	2880.16
513	2880.16
514	2880.16
515	2880.16
516	2880.16
517	2880.16
518	2880.16
519	2880.16
520	2880.16
521	2880.16
522	2880.16
523	2880.16
524	2880.16
525	2880.16
526	2880.16
527	2880.16
528	2880.16
529	2880.16
530	2880.16
531	2880.16
532	2880.16
533	2880.16
534	2880.16
535	2880.16
536	2880.16
537	2880.16
538	2880.16
539	2880.16
540	2880.16
541	2880.16
542	2880.16
543	2880.16
544	2880.16
545	2880.16
546	2880.16
547	2880.16
548	2880.16
549	2880.16
550	2880.16
551	2880.16
552	2880.16
553	2880.16
554	2880.16
555	2880.16
556	2880.16
557	2880.16
558	2880.16
559	2880.16
560	2880.16
561	2880.16
562	2880.16
563	2880.16
564	2880.16
565	2880.16
566	2880.16
567	2880.16
568	2880.16
569	2880.16
570	2880.16
571	2880.16
572	2880.16
573	2880.16
574	2880.16
575	2880.16
576	2880.16
577	2880.16
578	2880.16
579	2880.16
580	2880.16
581	2880.16
582	2880.16
583	2880.16
584	2880.16
585	2880.16
586	2880.16
587	2880.16
588	2880.16
589	2880.16
590	2880.16
591	2880.16
592	2880.16
593	2880.16
594	2880.16
595	2880.16
596	2880.16
597	2880.16
598	2880.16
599	2880.16
600	2880.16
601	2880.16
602	2880.16
603	2880.16
604	2880.16
605	2880.16
606	2880.16
607	2880.16
608	2880.16
609	2880.16
610	2880.16
611	2880.16
612	2880.16
613	2880.16
614	2880.16
615	2880.16
616	2880.16
617	2880.16
618	2880.16
619	2880.16
620	2880.16
621	2880.16
622	2880.16
623	2880.16
624	2880.16
625	2880.16
626	2880.16
627	2880.16
628	2880.16
629	2880.16
630	2880.16
631	2880.16
632	2880.16
633	2880.16
634	2880.16
635	2880.16
636	2880.16
637	2880.16
638	2880.16
639	2880.16
640	2880.16
641	2880.16
642	2880.16
643	2880.16
644	2880.16
645	2880.16
646	2880.16
647	2880.16
648	2880.16
649	2880.16
650	2880.16
651	2880.16
652	2880.16
653	2880.16
654	2880.16
655	2880.16
656	2880.16
657	2880.16
658	2880.16
659	2880.16
660	2880.16
661	2880.16
662	2880.16
663	2880.16
664	2880.16
665	2880.16
666	2880.16
667	2880.16
668	2880.16
669	2880.16
670	2880.16
671	2880.16
672	2880.16
673	2880.16
674	2880.16
675	2880.16
676	2888.6
