1	266.844
2	266.844
3	266.844
4	266.844
5	255.354
6	252.474
7	252.244
8	251.332
9	249.516
10	242.008
11	233.739
12	229.802
13	219.426
14	217.832
15	214.35
16	209.503
17	211.609
18	207.482
19	200.375
20	195.457
21	191.355
22	192.569
23	188.844
24	192.334
25	199.541
26	203.47
27	208.991
28	210.795
29	208.615
30	209.69
31	213.967
32	219.713
33	235.99
34	241.661
35	275.103
36	280.024
37	289.522
38	309.928
39	359.76
40	370.996
41	402.417
42	460.244
43	520.989
44	548.329
45	548.245
46	602.296
47	711.141
48	896.084
49	926.024
50	949.184
51	997.254
52	1335.32
53	1371.89
54	1421.91
55	1570.39
56	1928.27
57	2276.77
58	2607.73
59	3091.1
60	3318.65
61	3707.22
62	3751.56
63	3718.72
64	3708.41
65	3782.5
66	4095.06
67	4261.29
68	4296.36
69	4512.23
70	4640.92
71	4756.47
72	4747.31
73	4749.64
74	4870.73
75	5152.1
76	5303.98
77	5288.5
78	5287.38
79	5288.84
80	5236.28
81	5274.43
82	5288.1
83	5343.6
84	5320.95
85	5362.1
86	5328.29
87	5384.06
88	5520.07
89	5563.19
90	5553.35
91	5448.57
92	5475.8
93	5488.84
94	5446.83
95	5557.5
96	5547.2
97	5579.45
98	5563.78
99	5650
100	5712.12
101	5813.62
102	5907.38
103	5906.8
104	5857.26
105	5820.08
106	5799.41
107	5822.63
108	5753.82
109	5661.23
110	5586.67
111	5537.05
112	5447.45
113	5451.68
114	5471.25
115	5555.97
116	5584.49
117	5678.21
118	5714.61
119	5731.4
120	5753
121	5652.47
122	5540.7
123	5418.43
124	5373.19
125	5413.09
126	5431.7
127	5556.29
128	5516.67
129	5541.54
130	5512.64
131	5466.59
132	5450.49
133	5393.57
134	5368.51
135	5354.6
136	5355.62
137	5482.91
138	5562.37
139	5619.69
140	5617.09
141	5606.16
142	5635.61
143	5703.91
144	5689.68
145	5652.06
146	5605.34
147	5548.73
148	5496.23
149	5454.87
150	5405.34
151	5385.47
152	5397.69
153	5432.23
154	5426.52
155	5466.72
156	5467.46
157	5468.79
158	5491.3
159	5499.84
160	5503.53
161	5548.03
162	5639.77
163	5714.27
164	5777.48
165	5814.55
166	5808.66
167	5780.69
168	5754.15
169	5756.67
170	5708.79
171	5658.22
172	5612.6
173	5548.91
174	5502.23
175	5502.79
176	5471.8
177	5397.76
178	5338.4
179	5210.77
180	5115.63
181	5080.16
182	5069.79
183	5106.46
184	5066.06
185	5009.37
186	4943.65
187	4872.63
188	4859.67
189	4858.09
190	4857.52
191	4831.72
192	4880.32
193	4934.91
194	4867.88
195	4808.16
196	4824.58
197	4827.19
198	4895.5
199	4948.61
200	4964.82
201	4857.98
202	4802.28
203	4834.78
204	4816.94
205	4849.45
206	4837.29
207	4847.41
208	4865.34
209	4837.04
210	4783.22
211	4770.2
212	4740.21
213	4698.03
214	4661.39
215	4623.13
216	4589.54
217	4586.38
218	4576.01
219	4537.29
220	4454.45
221	4445.19
222	4396.27
223	4302.14
224	4214.74
225	4074.61
226	4060.34
227	4049.44
228	4028.84
229	4038.52
230	4009.28
231	3964.72
232	3942.86
233	3928.42
234	3944.44
235	3904.88
236	3910.16
237	3891.07
238	3861.85
239	3865.7
240	3868.66
241	3804.5
242	3801.42
243	3752.8
244	3731.31
245	3700.59
246	3662.24
247	3605.07
248	3588.72
249	3584.7
250	3587.5
251	3581.34
252	3571.44
253	3590.16
254	3589.91
255	3594.04
256	3596.4
257	3609.55
258	3627.4
259	3648.55
260	3731.98
261	3744.66
262	3711.29
263	3706.41
264	3699.32
265	3696.13
266	3702.1
267	3703.87
268	3712.73
269	3737.28
270	3740.95
271	3743.64
272	3752.95
273	3764.28
274	3756.31
275	3753.92
276	3746.86
277	3734.65
278	3725.19
279	3728.95
280	3710.44
281	3706.77
282	3674.92
283	3623.78
284	3620.25
285	3634.54
286	3648.16
287	3654.7
288	3603
289	3464.58
290	3061.03
291	2694.24
292	2501.55
293	2475.52
294	2496.06
295	2512.15
296	2520.07
297	2525.46
298	2528.52
299	2532.67
300	2533.73
301	2533.08
302	2534.44
303	2555.27
304	2572.69
305	2594.29
306	2599.21
307	2601.17
308	2596.37
309	2585.9
310	2581.31
311	2572.47
312	2575.09
313	2567.46
314	2514.22
315	2447.22
316	2360.97
317	2220.78
318	2036.29
319	1885.09
320	1843.06
321	1834.29
322	1833.15
323	1832.9
324	1824.83
325	1810.73
326	1806.58
327	1812.49
328	1832.87
329	1857.84
330	1872.1
331	1891.65
332	1918.77
333	1926.12
334	1933.55
335	1934.79
336	1936.53
337	1933.99
338	1945.73
339	1951.86
340	1951.26
341	1965.61
342	1969.36
343	1972.83
344	1978.21
345	1979.56
346	1979.56
347	1981.7
348	1986.46
349	1998.12
350	2003.01
351	2015.34
352	2024.45
353	2029.52
354	2027.16
355	2026.69
356	2023.39
357	2022.4
358	2023.84
359	2016.79
360	2003.66
361	1998.47
362	1993.16
363	1993.38
364	1993.35
365	1995.43
366	1997.7
367	2001.69
368	2000.23
369	1999.27
370	1999.1
371	2001.8
372	1996.8
373	1995.89
374	1989.53
375	1997.27
376	2008.01
377	2005.69
378	2004.68
379	2006.92
380	2008
381	2013.46
382	2017.1
383	2017.59
384	2015.94
385	2045.88
386	2081.66
387	2109.38
388	2130.36
389	2153.18
390	2180.32
391	2191.84
392	2197.86
393	2209.39
394	2227.79
395	2232.57
396	2228.39
397	2230.04
398	2263.92
399	2285.9
400	2303
401	2330.3
402	2337.57
403	2357.84
404	2360.47
405	2359.6
406	2359.43
407	2370.87
408	2373.41
409	2405.96
410	2421.63
411	2437.74
412	2452.19
413	2460.64
414	2468.75
415	2497.4
416	2505.59
417	2514.5
418	2556.49
419	2574.68
420	2582.82
421	2592.1
422	2591.65
423	2593.76
424	2587.18
425	2581.09
426	2575.71
427	2545.29
428	2540.55
429	2537.03
430	2535.49
431	2545.82
432	2570.08
433	2606.75
434	2658.28
435	2658.81
436	2674.33
437	2692.24
438	2699.47
439	2709.56
440	2713.42
441	2712.19
442	2720.39
443	2736.04
444	2735.84
445	2740.97
446	2744.1
447	2742.88
448	2754.14
449	2636.41
450	2620.02
451	2572.1
452	2601.72
453	2614.78
454	2630.26
455	2646.5
456	2685.21
457	2689.6
458	2701.06
459	2720.11
460	2743.16
461	2789.98
462	2845.64
463	2905.11
464	2939.6
465	2944.12
466	2949.94
467	2963.78
468	2983.15
469	3013.18
470	3038.59
471	3037.51
472	3116.73
473	3161.26
474	3222.83
475	3297.41
476	3320.66
477	3399.42
478	3416.11
479	3450.58
480	3541.95
481	3583.58
482	3779.16
483	3890.34
484	3920.82
485	3984.98
486	4061.89
487	4069.25
488	4069.25
489	4078.46
490	4094.64
491	4094.64
492	4094.64
493	4094.64
494	4094.64
495	4094.64
496	4116.7
497	4138.85
498	4161.18
499	4206.03
500	4251.63
501	4274.43
502	4322.87
503	4322.87
504	4322.87
505	4322.87
506	4322.87
507	4322.87
508	4322.87
509	4322.87
510	4322.87
511	4322.87
512	4322.87
513	4322.87
514	4322.87
515	4322.87
516	4322.87
517	4322.87
518	4322.87
519	4322.87
520	4322.87
521	4322.87
522	4322.87
523	4322.87
524	4322.87
525	4322.87
526	4322.87
527	4322.87
528	4322.87
529	4322.87
530	4322.87
531	4322.87
532	4322.87
533	4322.87
534	4322.87
535	4322.87
536	4322.87
537	4322.87
538	4322.87
539	4322.87
540	4322.87
541	4322.87
542	4322.87
543	4322.87
544	4322.87
545	4322.87
546	4322.87
547	4322.87
548	4322.87
549	4322.87
550	4322.87
551	4322.87
552	4322.87
553	4322.87
554	4322.87
555	4322.87
556	4322.87
557	4322.87
558	4322.87
559	4322.87
560	4322.87
561	4322.87
562	4322.87
563	4322.87
564	4322.87
565	4322.87
566	4322.87
567	4322.87
568	4322.87
569	4322.87
570	4322.87
571	4322.87
572	4322.87
573	4322.87
574	4322.87
575	4322.87
576	4322.87
577	4322.87
578	4322.87
579	4322.87
580	4322.87
581	4322.87
582	4322.87
583	4322.87
584	4322.87
585	4322.87
586	4322.87
587	4322.87
588	4322.87
589	4322.87
590	4322.87
591	4270.18
592	4270.18
593	4270.18
594	4166.72
595	4065.77
596	3967.27
597	3823.96
598	3823.96
599	3823.96
600	3823.96
601	3823.96
602	3823.96
603	3823.96
604	3823.96
605	3823.96
606	3823.96
607	3823.96
608	3823.96
609	3823.96
610	3823.96
611	3823.96
612	3823.96
613	3823.96
614	3823.96
615	3823.96
616	3823.96
617	3823.96
618	3823.96
619	3823.96
620	3823.96
621	3823.96
622	3823.96
623	3823.96
624	3823.96
625	3823.96
626	3823.96
627	3823.96
628	3823.96
629	3823.96
630	3823.96
631	3823.96
632	3823.96
633	3823.96
634	3823.96
635	3823.96
636	3823.96
637	3823.96
638	3823.96
639	3823.96
640	3823.96
641	3823.96
642	3823.96
643	3823.96
644	3823.96
645	3823.96
646	3823.96
647	3823.96
648	3823.96
649	3823.96
650	3823.96
651	3823.96
652	3823.96
653	3823.96
654	3823.96
655	3823.96
656	3823.96
657	3823.96
658	3823.96
659	3823.96
660	3823.96
661	3823.96
662	3823.96
663	3823.96
664	3823.96
665	3823.96
666	3823.96
667	3823.96
668	3823.96
669	3823.96
670	3823.96
671	3823.96
672	3823.96
673	3823.96
674	3823.96
675	3823.96
676	3823.96
677	3823.96
678	3823.96
679	3823.96
680	3823.96
681	3823.96
682	3823.96
683	3823.96
684	3823.96
685	3823.96
686	3823.96
687	3823.96
688	3823.96
689	3823.96
690	3823.96
691	3823.96
692	3823.96
693	3895.76
