Ne averages over 40 independent estimates.
Generation	Geometric_mean
1	23.42
2	23.42
3	23.42
4	23.42
5	23.7107
6	23.3557
7	28.6852
8	59.69
9	314.054
10	424.76
11	422.391
12	408.8
13	391.604
14	393.484
15	398.951
16	415.82
17	483.222
18	479.972
19	515.056
20	603.643
21	745.036
22	747.127
23	756.222
24	874.872
25	1059.4
26	1119.89
27	1162.38
28	1348.31
29	1593.06
30	1680.75
31	1818.97
32	1881.44
33	1935.85
34	1931.44
35	1927.92
36	1914.78
37	1917.52
38	1888.12
39	1876.27
40	1903.47
41	1987.6
42	2141.47
43	2255.51
44	2289.73
45	2277.93
46	2298.02
47	2314.76
48	2288.52
49	2278.86
50	2270.43
51	2228.86
52	2207.84
53	2204.91
54	2212.62
55	2222.81
56	2291.64
57	2329.13
58	2368.21
59	2375.26
60	2357.32
61	2359.82
62	2375.53
63	2392.98
64	2359.99
65	2335.35
66	2266.95
67	2190.68
68	2090.83
69	2004.56
70	1985.85
71	1996.25
72	1905.95
73	1873.57
74	1835.95
75	1835.93
76	1688.86
77	1683.18
78	1677.64
79	1715.84
80	1578.22
81	1570.21
82	1470.63
83	1404.67
84	1384.48
85	1144.71
86	1154.84
87	1173.21
88	1144.86
89	1008.97
90	899.274
91	851.157
92	959.361
93	1028.93
94	981.395
95	925.973
96	929.835
97	1136.27
98	1145.31
99	1153.1
100	1155.73
101	1288.61
102	1409.05
103	1363.09
104	1284.29
105	1273.77
106	1355.2
107	1506.46
108	1539.62
109	1537.91
110	1606.02
111	1595.23
112	1596.92
113	1571.56
114	1549.91
115	1466.57
116	1399.08
117	1349.71
118	1271.12
119	1178.61
120	1095.91
121	1031.15
122	954.291
123	906.049
124	891.892
125	887.364
126	889.118
127	889.589
128	882.409
129	851.444
130	804.857
131	794.696
132	752.466
133	701.394
134	694.242
135	688.912
136	689.623
137	701.694
138	708.266
139	711.195
140	709.111
141	701.702
142	680.649
143	667.67
144	641.608
145	614.775
146	612.356
147	592.98
148	584.941
149	581.639
150	577.965
151	574.878
152	568.395
153	549.594
154	535.433
155	517.228
156	499.895
157	478.881
158	466.31
159	459.305
160	455.462
161	456.486
162	449.15
163	443.943
164	434.84
165	421.104
166	397.294
167	385.187
168	373.277
169	358.259
170	354.837
171	351.987
172	337.337
173	329.261
174	326.391
175	319.334
176	301.872
177	277.724
178	255.385
179	234.814
180	207.945
181	183.6
182	179.102
183	171.022
184	165.694
185	154.037
186	139.636
187	123.502
188	111.922
189	107.877
190	103.957
191	99.9342
192	93.847
193	83.7363
194	74.0512
195	69.1151
196	65.4975
197	64.2122
198	62.3017
199	61.8375
200	62.2107
201	61.5491
202	61.5354
203	61.1012
204	61.076
205	61.0124
206	59.5577
207	57.9235
208	54.6833
209	52.982
210	48.7538
211	45.0106
212	44.9376
213	41.8832
214	40.563
215	38.8126
216	38.1248
217	37.8461
218	37.2732
219	34.8009
220	33.2569
221	31.4058
222	28.5473
223	26.6193
224	24.8413
225	24.0825
226	22.4195
227	21.9225
228	21.7821
229	21.7125
230	21.5686
231	21.4254
232	21.2391
233	21.0905
234	21.0661
235	21.0059
236	20.908
237	20.7847
238	20.8085
239	20.8532
240	20.8904
241	20.7919
242	20.661
243	20.6994
244	20.6216
245	20.6353
246	20.632
247	20.6297
248	20.5977
249	20.5707
250	20.5529
251	20.5403
252	20.5389
253	20.5325
254	20.5032
255	20.4916
256	20.5179
257	20.4499
258	20.4996
259	20.5079
260	20.5079
261	20.5361
262	20.5265
263	20.4918
264	20.4938
265	20.4804
266	20.4667
267	20.4606
268	20.4535
269	20.4641
270	20.4755
271	20.5191
272	20.5246
273	20.5535
274	20.5468
275	20.4927
276	20.4899
277	20.4697
278	20.4132
279	20.3636
280	20.3283
281	20.3283
282	20.2884
283	20.291
284	20.2541
285	20.2587
286	20.2428
287	20.2199
288	20.2069
289	20.1797
290	20.169
291	20.1295
292	20.101
293	20.1138
294	20.139
295	20.2156
296	20.2885
297	20.4883
298	20.5497
299	20.5648
300	20.6475
301	20.7022
302	20.7976
303	20.8136
304	20.8609
305	20.8609
306	20.8609
307	20.8609
308	20.8609
309	20.8609
310	20.8609
311	20.8609
312	20.7996
313	20.7996
314	20.7996
315	20.7728
316	20.7728
317	20.8
318	20.771
319	20.8834
320	20.8865
321	20.8827
322	20.9386
323	20.9703
324	21.1034
325	21.2039
326	21.195
327	21.2038
328	21.1259
329	21.0789
330	21.0421
331	21.0282
332	21.0031
333	20.9846
334	20.9828
335	20.9935
336	21.0228
337	21.0763
338	21.1751
339	21.2473
340	21.235
341	21.1335
342	21.1052
343	21.0692
344	21.0047
345	21.0113
346	21.0113
347	21.0113
348	21.012
349	21.012
350	21.012
351	21.012
352	21.012
353	21.012
354	21.012
355	21.012
356	21.0116
357	21.0117
358	21.0118
359	21.0124
360	21.0124
361	21.0124
362	21.0124
363	21.0124
364	21.0124
365	21.036
366	21.0801
367	21.101
368	21.1256
369	21.1633
370	21.1633
371	21.1863
372	21.1863
373	21.1658
374	21.112
375	21.0968
376	21.0809
377	21.0702
378	21.0722
379	21.0572
380	21.0552
381	21.0552
382	21.0552
383	21.0552
384	21.0552
385	21.0552
386	21.047
387	20.9941
388	20.9941
389	20.9941
390	21.0249
391	21.1359
392	21.1795
393	21.2012
394	21.2061
395	21.2319
396	21.2481
397	21.255
398	21.2872
399	21.2945
400	21.2945
401	21.2945
402	21.3116
403	21.2941
404	21.3208
405	21.3169
406	21.3193
407	21.3358
408	21.3633
409	21.3417
410	21.3787
411	21.4297
412	21.4475
413	21.6394
414	21.6879
415	21.723
416	21.7223
417	21.7496
418	21.7485
419	21.733
420	21.7545
421	21.7266
422	21.7238
423	21.758
424	21.7697
425	21.7971
426	21.7971
427	21.8263
428	21.803
429	21.7841
430	21.7936
431	21.8051
432	21.8024
433	21.8104
434	21.8148
435	21.8174
436	21.8156
437	21.8156
438	21.8147
439	21.8339
440	21.8352
441	21.8431
442	21.8484
443	21.8551
444	21.8551
445	21.8551
446	21.8551
447	21.8551
448	21.8551
449	21.8551
450	21.8551
451	21.8551
452	21.8551
453	21.8551
454	21.8551
455	21.8551
456	21.8572
457	21.8572
458	21.8572
459	21.8632
460	21.8637
461	21.8637
462	21.8637
463	21.8681
464	21.8681
465	21.8805
466	21.8969
467	21.9091
468	22.0138
469	22.1013
470	22.1013
471	22.1013
472	22.1243
473	22.1226
474	22.1226
475	22.1226
476	22.1226
477	22.1226
478	22.1199
479	22.1244
480	22.1244
481	22.1244
482	22.1244
483	22.1244
484	22.1189
485	22.1029
486	22.0835
487	22.0746
488	22.0657
489	22.0543
490	22.0543
491	22.0543
492	22.0543
493	22.0543
494	22.0543
495	22.0543
496	22.0543
497	22.0543
498	22.0543
499	22.0543
500	22.0543
501	22.0543
502	22.0543
503	22.0543
504	22.0543
505	22.0543
506	22.0543
507	22.0543
508	22.0543
509	22.0543
510	22.0543
511	22.0543
512	22.0543
513	22.0543
514	22.0543
515	22.0543
516	22.0543
517	22.0543
518	22.0543
519	22.0543
520	22.0543
521	22.0543
522	22.0543
523	22.0543
524	22.0543
525	22.0543
526	22.0543
527	22.0543
528	22.0543
529	22.0543
530	22.0543
531	22.0543
532	22.0543
533	22.0543
534	22.0543
535	22.0543
536	22.0543
537	22.0543
538	22.0543
539	22.0543
540	22.0543
541	22.0543
542	22.0543
543	22.0543
544	22.0543
545	22.0543
546	22.0543
547	22.0543
548	22.0543
549	22.0543
550	22.0543
551	22.0543
552	22.0543
553	22.0543
554	22.0543
555	22.0543
556	22.0543
557	22.0543
558	22.0543
559	22.0543
560	22.0543
561	22.0543
562	22.0543
563	22.0543
564	22.0543
565	22.0543
566	22.0543
567	22.0543
568	22.0543
569	22.0543
570	22.0543
571	22.0543
572	22.0543
573	22.0543
574	22.0543
575	22.0543
576	22.0543
577	22.0543
578	22.0543
579	22.0543
580	22.0543
581	22.0543
582	22.0543
583	22.0543
584	22.0543
585	22.0543
586	22.0543
587	22.0543
588	22.0543
589	22.0543
590	22.0543
591	22.0543
592	22.0543
593	22.0543
594	22.0543
595	22.0543
596	22.0543
597	22.0543
598	22.0543
599	22.0543
600	22.0543
601	22.0543
602	22.0543
603	22.0543
604	22.0543
605	22.0543
606	22.0543
607	22.0543
608	22.0543
609	22.0543
610	22.0543
611	22.0543
612	22.0543
613	22.0543
614	22.0543
615	22.0543
616	22.0543
617	22.0543
618	22.0543
619	22.0543
620	22.0543
621	22.0543
622	22.0543
623	22.0543
624	22.0543
625	22.0543
626	22.0543
627	22.0543
628	22.0543
629	22.0543
630	22.0543
631	22.0543
632	22.0543
633	22.0543
634	22.0543
635	22.0543
636	22.0543
637	22.0543
638	22.0543
639	22.0543
640	22.0543
641	22.0543
642	22.0543
643	22.0543
644	22.0543
645	22.0543
646	22.0543
647	22.0543
648	22.0543
649	22.0543
650	22.0543
651	22.0543
652	22.0543
653	22.0543
654	22.0543
655	22.0543
656	22.0543
657	22.0543
658	22.0543
659	22.0543
660	22.0543
661	22.0543
662	22.0543
663	22.0543
664	22.0543
665	22.0543
666	22.0543
667	22.0543
668	22.0543
669	22.0543
670	22.0543
671	22.0543
672	22.0543
673	22.0543
674	22.0543
675	22.0543
676	22.0543
677	22.0543
678	22.0543
679	22.0543
680	22.0543
681	22.0543
682	22.0543
683	22.0543
684	22.0543
685	22.0543
686	22.0543
687	22.0543
688	22.0543
689	22.0543
690	22.0543
691	22.0543
692	22.0543
693	22.0543
694	22.0543
695	22.0543
696	22.0543
697	22.0543
698	22.0543
699	22.0543
700	22.0543
701	22.0543
702	22.0543
703	22.0543
704	22.0543
705	22.0543
706	22.0543
707	22.0543
708	22.0543
709	22.0543
710	22.0543
711	22.0543
712	22.0543
713	22.0543
714	22.0543
715	22.0543
716	22.0543
717	22.0543
718	22.0543
719	22.0543
720	22.0543
721	22.0543
722	22.0543
723	22.0543
724	22.0543
725	22.0543
726	22.0543
727	22.0543
728	22.0543
729	22.0543
730	22.0543
731	22.0543
732	22.0543
733	22.0543
734	22.0543
735	22.0543
736	22.0543
737	22.0543
738	22.0543
739	22.0543
740	22.0543
741	22.0543
742	22.0543
743	22.0543
744	22.0543
745	22.0543
746	22.0543
747	22.0543
748	22.0543
749	22.0543
750	22.0543
751	22.0543
752	22.0543
753	22.0543
754	22.0543
755	21.7805
