Ne averages over 40 independent estimates.
Generation	Geometric_mean
1	22.5784
2	22.5784
3	22.5784
4	22.5784
5	26.4989
6	28.2927
7	45.7519
8	54.3492
9	236.649
10	316.149
11	310.136
12	307.089
13	305.019
14	298.723
15	300.677
16	321.476
17	383.585
18	421.774
19	428.774
20	431.45
21	566.575
22	584.721
23	701.897
24	787.101
25	994.977
26	1231.88
27	1321.47
28	1373.03
29	1468.39
30	1510.38
31	1517.48
32	1547.03
33	1642.91
34	1701.68
35	1755.17
36	1916.17
37	1947.76
38	1977.84
39	2022.99
40	1979.9
41	1939.83
42	1896.25
43	1845.31
44	1777.13
45	1763.39
46	1765.34
47	1787.4
48	1776.89
49	1763.46
50	1748.98
51	1764.93
52	1786.63
53	1806.24
54	1817.05
55	1839.79
56	1841.7
57	1854.63
58	1890.82
59	1912.61
60	1971.34
61	2045.72
62	2072.74
63	2151.23
64	2167.63
65	2171.59
66	2131.88
67	1986.34
68	1808.3
69	1588.82
70	1514.96
71	1434.93
72	1406.39
73	1346.64
74	1337.82
75	1212
76	1177.58
77	1188.01
78	1198.89
79	1217.54
80	1085.05
81	1039.01
82	964.669
83	894.69
84	787.675
85	851.241
86	793.453
87	838.544
88	789.998
89	719.069
90	617.117
91	617.157
92	687.115
93	705.249
94	743.803
95	811.736
96	932.445
97	991.639
98	1119.06
99	1129.48
100	1315.15
101	1404.54
102	1506.17
103	1513.69
104	1478.69
105	1462.9
106	1400.79
107	1387.53
108	1326.05
109	1309.57
110	1274.84
111	1276.2
112	1297.55
113	1288.72
114	1254.77
115	1205.5
116	1176.78
117	1170.38
118	1106.93
119	1083.63
120	1046.59
121	994.072
122	973.425
123	945.645
124	882.938
125	833.777
126	812.759
127	793.452
128	783.943
129	752.86
130	716.946
131	695.79
132	665.256
133	646.081
134	635.753
135	599.654
136	568.556
137	532.89
138	513.991
139	498.509
140	470.218
141	457.258
142	446.399
143	433.187
144	413.513
145	396.797
146	396.346
147	390.199
148	388.529
149	388.339
150	384.194
151	385.76
152	388.69
153	392.204
154	394.671
155	390.212
156	387.139
157	380.058
158	379.828
159	383.244
160	381.241
161	377.444
162	373.336
163	367.761
164	362.325
165	357.467
166	357.342
167	356.703
168	355.054
169	355.839
170	356.038
171	353.924
172	351.143
173	343.806
174	325.091
175	314.542
176	298.536
177	259.738
178	238.642
179	222.834
180	216.345
181	211.539
182	209.672
183	197.458
184	180.334
185	160.216
186	141.822
187	118.895
188	99.682
189	87.0676
190	75.3527
191	67.5255
192	59.3629
193	52.51
194	47.6062
195	46.7014
196	43.9487
197	41.9285
198	41.8429
199	41.3044
200	41.5166
201	40.7787
202	41.107
203	38.1792
204	38.0584
205	37.774
206	36.7917
207	35.7515
208	33.6688
209	32.9184
210	31.6731
211	31.108
212	29.541
213	29.3855
214	29.6318
215	29.6501
216	28.2138
217	28.3091
218	28.3749
219	28.0165
220	27.2223
221	26.449
222	25.7194
223	25.3571
224	24.9535
225	24.7759
226	24.1457
227	23.5381
228	23.5769
229	23.5136
230	23.3866
231	23.2012
232	23.2299
233	23.1018
234	23.0457
235	22.9946
236	22.9024
237	22.994
238	23.3744
239	23.5782
240	23.5544
241	23.5336
242	23.3612
243	23.492
244	23.5078
245	23.5593
246	23.7383
247	23.7975
248	23.8064
249	23.8435
250	23.8701
251	23.9119
252	23.934
253	23.9904
254	24.0131
255	24.1158
256	24.1809
257	24.1656
258	24.1546
259	24.1736
260	24.1736
261	24.1791
262	24.1791
263	24.2044
264	24.2352
265	24.2081
266	24.209
267	24.178
268	24.1711
269	24.1449
270	23.9768
271	23.9605
272	24.0054
273	23.975
274	23.9451
275	23.9299
276	23.8961
277	23.8575
278	23.8227
279	23.7996
280	23.7937
281	23.8015
282	23.8223
283	23.8157
284	23.7897
285	23.7771
286	23.7698
287	23.7575
288	23.7575
289	23.7575
290	23.7419
291	23.7515
292	23.7567
293	23.7593
294	23.7611
295	23.7569
296	23.7279
297	23.693
298	23.6696
299	23.6762
300	23.6762
301	23.6784
302	23.668
303	23.6572
304	23.6558
305	23.6544
306	23.6359
307	23.6262
308	23.6817
309	23.796
310	23.9142
311	23.8862
312	23.8602
313	23.8602
314	23.8602
315	23.8404
316	23.8094
317	23.7899
318	23.7185
319	23.6919
320	23.6919
321	23.6734
322	23.6721
323	23.6705
324	23.6705
325	23.6717
326	23.6717
327	23.6502
328	23.6314
329	23.6314
330	23.5931
331	23.579
332	23.4157
333	23.3097
334	23.3173
335	23.3082
336	23.0986
337	23.045
338	23.0481
339	23.0507
340	23.0655
341	23.0728
342	23.062
343	23.0509
344	23.0471
345	23.0398
346	23.0398
347	23.0398
348	23.0398
349	23.0398
350	23.0398
351	23.0398
352	23.0398
353	23.0208
354	23.0208
355	23.0159
356	23.0159
357	23.0159
358	23.0159
359	23.0159
360	23.0105
361	23.0105
362	22.9756
363	22.9633
364	22.9316
365	22.9703
366	22.9429
367	22.9345
368	22.9221
369	22.9294
370	22.9185
371	22.9142
372	22.9137
373	22.9163
374	22.9132
375	22.9132
376	22.9611
377	23.0717
378	23.1171
379	23.1752
380	23.1725
381	23.2349
382	23.4424
383	23.503
384	23.5015
385	23.5036
386	23.5243
387	23.5281
388	23.5706
389	23.5816
390	23.5952
391	23.6279
392	23.6214
393	23.6115
394	23.612
395	23.6084
396	23.5988
397	23.6076
398	23.6001
399	23.5973
400	23.5994
401	23.5933
402	23.5933
403	23.5933
404	23.5931
405	23.5959
406	23.5959
407	23.5959
408	23.5959
409	23.5959
410	23.5959
411	23.5959
412	23.5959
413	23.5959
414	23.5959
415	23.6007
416	23.6007
417	23.5993
418	23.6011
419	23.604
420	23.604
421	23.6061
422	23.6061
423	23.6061
424	23.608
425	23.6024
426	23.6134
427	23.6359
428	23.6387
429	23.6203
430	23.627
431	23.6126
432	23.6062
433	23.6003
434	23.5986
435	23.5599
436	23.57
437	23.5627
438	23.5608
439	23.5412
440	23.5496
441	23.5297
442	23.5109
443	23.48
444	23.384
445	23.3507
446	23.2915
447	23.2915
448	23.2915
449	23.2941
450	23.2941
451	23.2941
452	23.3065
453	23.3153
454	23.3222
455	23.3254
456	23.3254
457	23.3254
458	23.3046
459	23.2805
460	23.1951
461	23.1134
462	23.0538
463	23.0229
464	23.031
465	23.0332
466	23.0523
467	23.0637
468	23.0637
469	23.0637
470	23.0893
471	23.1022
472	23.1068
473	23.1068
474	23.1068
475	23.1068
476	23.0988
477	23.1034
478	23.1033
479	23.1033
480	23.1033
481	23.1033
482	23.1033
483	23.1033
484	23.1033
485	23.1033
486	23.1033
487	23.1033
488	23.1033
489	23.1033
490	23.1033
491	23.1033
492	23.1033
493	23.1033
494	23.1033
495	23.1033
496	23.1033
497	23.1033
498	23.1033
499	23.1033
500	23.1033
501	23.1033
502	23.1033
503	23.1033
504	23.1033
505	23.1033
506	23.1033
507	23.1033
508	23.1033
509	23.1033
510	23.1033
511	23.1033
512	23.1033
513	23.1033
514	23.1033
515	23.1033
516	23.1033
517	23.1033
518	23.1033
519	23.1033
520	23.1033
521	23.1033
522	23.1033
523	23.1033
524	23.1033
525	23.1033
526	23.1033
527	23.1033
528	23.1033
529	23.1033
530	23.1033
531	23.1033
532	23.1033
533	23.1033
534	23.1033
535	23.1033
536	23.1033
537	23.1033
538	23.1033
539	23.1033
540	23.1033
541	23.1033
542	23.1033
543	23.1033
544	23.1033
545	23.1033
546	23.1033
547	23.1033
548	23.1033
549	23.1033
550	23.1033
551	23.1033
552	23.1033
553	23.1033
554	23.1033
555	23.1033
556	23.1033
557	23.1033
558	23.1033
559	23.1033
560	23.1033
561	23.1033
562	23.1033
563	23.1033
564	23.1033
565	23.1033
566	23.1033
567	23.1033
568	23.1033
569	23.1033
570	23.1033
571	23.1033
572	23.1033
573	23.1033
574	23.1033
575	23.1033
576	23.1033
577	23.1033
578	23.1033
579	23.1033
580	23.1033
581	23.1033
582	23.1033
583	23.1033
584	23.1033
585	23.1033
586	23.1033
587	23.1033
588	23.1033
589	23.1033
590	23.1033
591	23.1033
592	23.1033
593	23.1033
594	23.1033
595	23.1033
596	23.1033
597	23.1033
598	23.1033
599	23.1033
600	23.1033
601	23.1033
602	23.1033
603	23.1033
604	23.1033
605	23.1033
606	23.1033
607	23.1033
608	23.1033
609	23.1033
610	23.1033
611	23.1033
612	23.1033
613	23.1033
614	23.1033
615	23.1033
616	23.1033
617	23.1033
618	23.1033
619	23.1033
620	23.1033
621	23.1033
622	23.1033
623	23.1033
624	23.1033
625	23.1033
626	23.1033
627	23.1033
628	23.1033
629	23.1033
630	23.1033
631	23.1033
632	23.1033
633	23.1033
634	23.1033
635	23.1033
636	23.1033
637	23.1033
638	23.1033
639	23.1033
640	23.1033
641	23.1033
642	23.1033
643	23.1033
644	23.1033
645	23.1033
646	23.1033
647	23.1033
648	23.1033
649	23.1033
650	23.1033
651	23.1033
652	23.1033
653	23.1033
654	23.1033
655	23.1033
656	23.1033
657	23.1033
658	23.1033
659	23.1033
660	23.1033
661	23.1033
662	23.1033
663	23.1033
664	23.1033
665	23.1033
666	23.1033
667	23.1033
668	23.1033
669	23.1033
670	23.1033
671	23.1033
672	23.1033
673	23.1033
674	23.1033
675	23.1033
676	23.1033
677	23.1033
678	23.1033
679	23.1033
680	23.1033
681	23.1033
682	23.1033
683	23.1033
684	23.1033
685	23.1033
686	23.1033
687	23.1033
688	23.1033
689	23.1033
690	23.1033
691	23.1033
692	23.1033
693	23.1033
694	23.1033
695	23.1033
696	23.1033
697	23.1033
698	23.1033
699	23.1033
700	23.1033
701	23.1033
702	23.1033
703	23.1033
704	23.1033
705	23.1033
706	23.1033
707	23.1033
708	23.1033
709	23.1033
710	23.1033
711	23.1033
712	23.1033
713	23.1033
714	23.1033
715	23.1033
716	23.1033
717	23.1033
718	23.1033
719	23.1033
720	23.1033
721	23.1033
722	23.1033
723	23.1033
724	23.1033
725	23.1033
726	23.1033
727	23.1033
728	23.1033
729	23.1033
730	23.1033
731	23.1033
732	23.1033
733	23.1033
734	23.1033
735	23.1033
736	23.1033
737	23.1033
738	23.1033
739	23.1033
740	23.1033
741	23.1033
742	23.1033
743	23.1033
744	23.1033
745	23.1033
746	23.1033
747	23.1033
748	23.1033
749	23.1033
750	23.1033
751	23.1033
752	23.1033
753	23.1033
754	23.1033
755	22.7349
