Ne averages over 40 independent estimates.
Generation	Geometric_mean
1	22.5141
2	22.5141
3	22.5141
4	22.5141
5	28.2687
6	30.2473
7	35.1524
8	47.3903
9	235.968
10	317.783
11	322.485
12	340.921
13	371.634
14	368.945
15	371.331
16	373.212
17	411.492
18	444.787
19	452.882
20	462.995
21	702.442
22	753.902
23	798.308
24	812.584
25	905.482
26	1031.48
27	1174.08
28	1291.47
29	1305.5
30	1341.5
31	1436.96
32	1530.44
33	1770.61
34	1789.78
35	1887.97
36	1988.7
37	1979.5
38	2013.75
39	2052.99
40	2094.4
41	2083.65
42	2095.11
43	2099.35
44	2117.06
45	2143.95
46	2156.99
47	2278.77
48	2354.02
49	2396.19
50	2406.85
51	2421.65
52	2412.96
53	2390.17
54	2393.08
55	2420.08
56	2447.83
57	2468.85
58	2494.32
59	2515.2
60	2516.09
61	2509.75
62	2510.08
63	2494.91
64	2469.24
65	2406.4
66	2311.17
67	2234.86
68	2234.67
69	2245.57
70	2300.79
71	2229.44
72	2188.35
73	1914.09
74	1850.98
75	1886.61
76	1880.45
77	1784.9
78	1639.35
79	1626.17
80	1437.64
81	1427.25
82	1442.74
83	1303.24
84	1169.84
85	1246.31
86	1378.84
87	1382.86
88	1403.99
89	1385.56
90	1336.42
91	1270.35
92	1291.34
93	1111.01
94	1050.26
95	1036.34
96	1257.39
97	1250.59
98	1260.59
99	1345.3
100	1414.77
101	1595.74
102	1586.67
103	1592.4
104	1709.86
105	1690.15
106	1701.56
107	1709.18
108	1741.15
109	1778.64
110	1783.66
111	1772.04
112	1708.94
113	1662.73
114	1620.9
115	1607.98
116	1567.11
117	1539.6
118	1482.29
119	1388.99
120	1313.77
121	1257.66
122	1199.15
123	1114.16
124	1036.13
125	966.362
126	889.996
127	835.469
128	818.904
129	778.697
130	770.669
131	728.904
132	693.06
133	677.408
134	664.646
135	632.257
136	619.543
137	609.688
138	597.022
139	588.358
140	580.237
141	566.66
142	561.635
143	562.211
144	545.751
145	544.774
146	542.138
147	532.082
148	529.616
149	534.124
150	541.189
151	541.375
152	529.29
153	512.583
154	496.446
155	485.202
156	470.39
157	455.528
158	441.497
159	434.626
160	429.376
161	429.565
162	424.503
163	419.677
164	415.892
165	411.874
166	409.453
167	407.713
168	409.175
169	409.016
170	402.981
171	384.377
172	361.682
173	353.007
174	338.285
175	331.881
176	325.983
177	306.461
178	281.574
179	273.04
180	249.356
181	225.649
182	211.509
183	199.831
184	172.95
185	154.037
186	132.459
187	114.624
188	106.39
189	98.6571
190	96.6935
191	91.8173
192	87.7557
193	81.6968
194	75.1856
195	68.7725
196	59.6225
197	51.6561
198	49.6713
199	47.8067
200	46.0258
201	44.8166
202	44.2442
203	44.3062
204	43.7221
205	43.0371
206	41.5806
207	41.1474
208	39.6797
209	38.575
210	36.1715
211	34.7853
212	32.6699
213	28.4657
214	26.3669
215	25.3999
216	24.0802
217	23.5694
218	23.3619
219	23.0735
220	22.7242
221	22.132
222	21.6757
223	21.6625
224	21.6391
225	21.5949
226	21.451
227	21.5259
228	21.5007
229	21.4529
230	21.3217
231	21.1598
232	20.9434
233	20.7722
234	20.7098
235	20.6442
236	20.6787
237	20.8315
238	21.0459
239	21.0182
240	21.1774
241	21.2837
242	21.3313
243	21.4
244	21.4705
245	21.4921
246	21.4841
247	21.5236
248	21.4828
249	21.3347
250	21.1996
251	21.0641
252	21.0599
253	21.0547
254	21.016
255	21.0343
256	21.0378
257	21.0273
258	21.035
259	21.0785
260	21.0773
261	21.1153
262	21.1323
263	21.1109
264	21.2435
265	21.1567
266	21.1674
267	21.2385
268	21.1957
269	21.2314
270	21.2176
271	21.2506
272	21.2608
273	21.279
274	21.2636
275	21.1804
276	21.0537
277	20.9989
278	21.0061
279	21.0193
280	21.0413
281	21.0448
282	21.0379
283	21.0297
284	21.0225
285	21.0311
286	20.9939
287	21.0022
288	20.9722
289	20.9375
290	20.9284
291	20.9262
292	20.9205
293	20.8857
294	20.8885
295	20.8958
296	20.8963
297	20.8581
298	20.8346
299	20.7834
300	20.706
301	20.6925
302	20.6939
303	20.7019
304	20.7428
305	20.7524
306	20.8008
307	20.804
308	20.8098
309	20.8217
310	20.8383
311	20.8938
312	20.9152
313	20.8622
314	20.8347
315	20.6939
316	20.7078
317	20.6815
318	20.6029
319	20.6157
320	20.6208
321	20.6275
322	20.6322
323	20.643
324	20.6389
325	20.635
326	20.6291
327	20.6281
328	20.6135
329	20.5992
330	20.6005
331	20.591
332	20.5895
333	20.5698
334	20.5546
335	20.526
336	20.5049
337	20.4992
338	20.4873
339	20.4745
340	20.4754
341	20.4754
342	20.5009
343	20.5119
344	20.5123
345	20.5123
346	20.5123
347	20.5123
348	20.5356
349	20.5591
350	20.5591
351	20.552
352	20.4015
353	20.3522
354	20.3519
355	20.3641
356	20.3509
357	20.3347
358	20.3547
359	20.3403
360	20.3385
361	20.3198
362	20.3077
363	20.2703
364	20.254
365	20.2147
366	20.2616
367	20.2341
368	20.2135
369	20.2111
370	20.2002
371	20.2218
372	20.2414
373	20.2209
374	20.2591
375	20.3321
376	20.3568
377	20.4015
378	20.3815
379	20.3764
380	20.3458
381	20.3427
382	20.3358
383	20.3273
384	20.3249
385	20.3159
386	20.3038
387	20.2753
388	20.2753
389	20.2654
390	20.2654
391	20.2654
392	20.2654
393	20.2654
394	20.2654
395	20.2654
396	20.2654
397	20.3213
398	20.3213
399	20.3249
400	20.3379
401	20.3402
402	20.3411
403	20.3518
404	20.3566
405	20.3861
406	20.3959
407	20.4283
408	20.4283
409	20.4348
410	20.4323
411	20.4323
412	20.4323
413	20.4323
414	20.4552
415	20.4532
416	20.4592
417	20.4653
418	20.4604
419	20.4526
420	20.4995
421	20.5735
422	20.5776
423	20.5993
424	20.6426
425	20.6809
426	20.6745
427	20.6803
428	20.7356
429	20.7317
430	20.6978
431	20.5378
432	20.4606
433	20.4383
434	20.3741
435	20.2993
436	20.2244
437	20.2
438	20.2162
439	20.191
440	20.2105
441	20.2138
442	20.2165
443	20.2249
444	20.2249
445	20.2134
446	20.1978
447	20.1581
448	20.1633
449	20.1708
450	20.1751
451	20.1751
452	20.1751
453	20.1751
454	20.1564
455	20.1278
456	20.1307
457	20.1307
458	20.1261
459	20.1309
460	20.1309
461	20.0625
462	20.0539
463	20.0539
464	20.0539
465	20.0539
466	20.0515
467	20.0515
468	20.0565
469	20.0567
470	20.0567
471	20.0628
472	20.0531
473	20.057
474	20.0812
475	20.0785
476	20.0699
477	20.0592
478	20.0377
479	19.9439
480	19.9149
481	19.9031
482	19.9011
483	19.8436
484	19.8436
485	19.8245
486	19.8063
487	19.8063
488	19.8063
489	19.8063
490	19.8063
491	19.8063
492	19.8063
493	19.8063
494	19.8063
495	19.8063
496	19.8063
497	19.8063
498	19.8063
499	19.8063
500	19.8063
501	19.8063
502	19.8063
503	19.8063
504	19.8063
505	19.8063
506	19.8063
507	19.8063
508	19.8063
509	19.8063
510	19.8063
511	19.8063
512	19.8063
513	19.8063
514	19.8063
515	19.8063
516	19.8063
517	19.8063
518	19.8063
519	19.8063
520	19.8063
521	19.8063
522	19.8063
523	19.8063
524	19.8063
525	19.8063
526	19.8063
527	19.8063
528	19.8063
529	19.8063
530	19.8063
531	19.8063
532	19.8063
533	19.8063
534	19.8063
535	19.8063
536	19.8063
537	19.8063
538	19.8063
539	19.8063
540	19.8063
541	19.8063
542	19.8063
543	19.8063
544	19.8063
545	19.8063
546	19.8063
547	19.8063
548	19.8063
549	19.8063
550	19.8063
551	19.8063
552	19.8063
553	19.8063
554	19.8063
555	19.8063
556	19.8063
557	19.8063
558	19.8063
559	19.8063
560	19.8063
561	19.8063
562	19.8063
563	19.8063
564	19.8063
565	19.8063
566	19.8063
567	19.8063
568	19.8063
569	19.8063
570	19.8063
571	19.8063
572	19.8063
573	19.8063
574	19.8063
575	19.8063
576	19.8063
577	19.8063
578	19.8063
579	19.8063
580	19.8063
581	19.8063
582	19.8063
583	19.8063
584	19.8063
585	19.8063
586	19.8063
587	19.8063
588	19.8063
589	19.8063
590	19.8063
591	19.8063
592	19.8063
593	19.8063
594	19.8063
595	19.8063
596	19.8063
597	19.8063
598	19.8063
599	19.8063
600	19.8063
601	19.8063
602	19.8063
603	19.8063
604	19.8063
605	19.8063
606	19.8063
607	19.8063
608	19.8063
609	19.8063
610	19.8063
611	19.8063
612	19.8063
613	19.8063
614	19.8063
615	19.8063
616	19.8063
617	19.8063
618	19.8063
619	19.8063
620	19.8063
621	19.8063
622	19.8063
623	19.8063
624	19.8063
625	19.8063
626	19.8063
627	19.8063
628	19.8063
629	19.8063
630	19.8063
631	19.8063
632	19.8063
633	19.8063
634	19.8063
635	19.8063
636	19.8063
637	19.8063
638	19.8063
639	19.8063
640	19.8063
641	19.8063
642	19.8063
643	19.8063
644	19.8063
645	19.8063
646	19.8063
647	19.8063
648	19.8063
649	19.8063
650	19.8063
651	19.8063
652	19.8063
653	19.8063
654	19.8063
655	19.8063
656	19.8063
657	19.8063
658	19.8063
659	19.8063
660	19.8063
661	19.8063
662	19.8063
663	19.8063
664	19.8063
665	19.8063
666	19.8063
667	19.8063
668	19.8063
669	19.8063
670	19.8063
671	19.8063
672	19.8063
673	19.8063
674	19.8063
675	19.8063
676	19.8063
677	19.8063
678	19.8063
679	19.8063
680	19.8063
681	19.8063
682	19.8063
683	19.8063
684	19.8063
685	19.8063
686	19.8063
687	19.8063
688	19.8063
689	19.8063
690	19.8063
691	19.8063
692	19.8063
693	19.8063
694	19.8063
695	19.8063
696	19.8063
697	19.8063
698	19.8063
699	19.8063
700	19.8063
701	19.8063
702	19.8063
703	19.8063
704	19.8063
705	19.8063
706	19.8063
707	19.8063
708	19.8063
709	19.8063
710	19.8063
711	19.8063
712	19.8063
713	19.8063
714	19.8063
715	19.8063
716	19.8063
717	19.8063
718	19.8063
719	19.8063
720	19.8063
721	19.8063
722	19.8063
723	19.8063
724	19.8063
725	19.8063
726	19.8063
727	19.8063
728	19.8063
729	19.8063
730	19.8063
731	19.8063
732	19.8063
733	19.8063
734	19.8063
735	19.8063
736	19.8063
737	19.8063
738	19.8063
739	19.8063
740	19.8063
741	19.8063
742	19.8063
743	19.8063
744	19.8063
745	19.8063
746	19.8063
747	19.8063
748	19.8063
749	19.8063
750	19.8063
751	19.8063
752	19.8063
753	19.8063
754	19.8063
755	19.7924
