Ne averages over 40 independent estimates.
Generation	Geometric_mean
1	24.4264
2	24.4264
3	24.4264
4	24.4264
5	21.4561
6	25.3543
7	34.7042
8	36.8708
9	217.975
10	303.081
11	307.252
12	315.761
13	343.09
14	382.653
15	379.624
16	380.106
17	546.633
18	560.35
19	566.669
20	577.028
21	605.175
22	676.551
23	759.192
24	800.217
25	1116.96
26	1191.59
27	1435.14
28	1544.39
29	1684.37
30	1946.18
31	2108.31
32	2201.64
33	2255.9
34	2280.62
35	2334.54
36	2365.7
37	2389.48
38	2454.63
39	2458.08
40	2489.31
41	2569.44
42	2566.13
43	2539.09
44	2598.62
45	2599.89
46	2594.61
47	2625.68
48	2612.87
49	2519.25
50	2492.44
51	2487.62
52	2542.37
53	2631.41
54	2693.35
55	2743.14
56	2760.43
57	2805.03
58	2851.21
59	2902.68
60	2855.84
61	2836.63
62	2792.65
63	2750.08
64	2763.26
65	2725.05
66	2796.1
67	2771.74
68	2754.5
69	2705.22
70	2635.68
71	2359.05
72	2370.97
73	2365.95
74	2333.46
75	2227.53
76	2191
77	2172.39
78	2165.82
79	1985.72
80	1921.4
81	1734.8
82	1725.29
83	1714.26
84	1692.23
85	1596.54
86	1526.74
87	1642.3
88	1634.19
89	1613.47
90	1592.92
91	1528.75
92	1528.03
93	1594.42
94	1596.12
95	1620.78
96	1716.74
97	1747.77
98	1758.47
99	1765.97
100	1716.4
101	1736.71
102	1950.02
103	1975.07
104	1984.49
105	2031.97
106	2088.18
107	2139.1
108	2094.81
109	2068.89
110	2011.74
111	1940.06
112	1872.84
113	1847.12
114	1815.48
115	1775.3
116	1713.3
117	1690.46
118	1620.84
119	1569.01
120	1479.45
121	1410.66
122	1359.35
123	1309.81
124	1277.65
125	1200.11
126	1122.54
127	1070.44
128	968.808
129	908.846
130	872.268
131	837.524
132	839.605
133	826.403
134	803.738
135	782.284
136	771.75
137	743.945
138	709.406
139	687.051
140	662.69
141	652.717
142	654.14
143	656.256
144	652.19
145	640.56
146	631.632
147	618.206
148	599.59
149	584.477
150	568.805
151	559.527
152	556.512
153	552.701
154	553.182
155	545.633
156	536.418
157	525.975
158	519.176
159	508.883
160	498.864
161	485.481
162	485.781
163	488.773
164	485.14
165	482.551
166	470.981
167	463.854
168	457.454
169	451.692
170	447.271
171	446.362
172	446.406
173	446.256
174	441.741
175	423.416
176	403.049
177	398.411
178	378.963
179	336.992
180	304.762
181	280.889
182	240.127
183	185.222
184	152.888
185	130.953
186	117.013
187	107.54
188	100.923
189	98.7168
190	95.0696
191	91.1068
192	85.5994
193	79.1406
194	77.4566
195	72.5411
196	66.7943
197	62.9573
198	61.0447
199	58.1656
200	55.4416
201	50.8198
202	48.711
203	45.7092
204	43.0518
205	42.3225
206	42.1764
207	41.8414
208	41.3183
209	40.3568
210	38.0214
211	35.5306
212	33.681
213	32.6026
214	27.8918
215	25.3557
216	23.2732
217	21.8176
218	21.5039
219	20.9216
220	20.6001
221	20.2085
222	20.2136
223	20.3022
224	20.1879
225	19.7493
226	19.2221
227	18.8881
228	18.8907
229	18.7505
230	18.2657
231	18.1739
232	18.033
233	17.8778
234	17.7286
235	17.6658
236	17.6744
237	17.698
238	17.7233
239	17.691
240	17.6549
241	17.6522
242	17.6716
243	17.6069
244	17.5875
245	17.5457
246	17.4755
247	17.4635
248	17.4673
249	17.4727
250	17.4705
251	17.4719
252	17.4719
253	17.4483
254	17.423
255	17.5432
256	17.6471
257	17.6234
258	17.7349
259	17.7188
260	17.7001
261	17.7248
262	17.7273
263	17.7383
264	17.7641
265	17.7927
266	17.8356
267	17.8617
268	17.8444
269	17.8253
270	17.8762
271	17.8994
272	17.9128
273	17.904
274	17.9239
275	17.9543
276	17.9543
277	17.9945
278	18.0319
279	18.0928
280	18.1229
281	18.1562
282	18.1651
283	18.1658
284	18.1579
285	18.0489
286	18.0304
287	17.8938
288	17.8255
289	17.8255
290	17.8255
291	17.8267
292	17.8149
293	17.8199
294	17.7848
295	17.7748
296	17.7899
297	17.7565
298	17.717
299	17.6448
300	17.5986
301	17.5751
302	17.5795
303	17.5791
304	17.5757
305	17.5718
306	17.5674
307	17.5557
308	17.5493
309	17.5404
310	17.5404
311	17.5466
312	17.5586
313	17.5661
314	17.5711
315	17.5992
316	17.6042
317	17.6075
318	17.604
319	17.6093
320	17.6093
321	17.6192
322	17.6366
323	17.6385
324	17.6416
325	17.6424
326	17.6443
327	17.6496
328	17.6615
329	17.6684
330	17.6701
331	17.6701
332	17.6701
333	17.6701
334	17.6701
335	17.6701
336	17.6701
337	17.6701
338	17.6701
339	17.6701
340	17.6701
341	17.6677
342	17.6672
343	17.6669
344	17.6785
345	17.6879
346	17.7071
347	17.7315
348	17.5875
349	17.5875
350	17.4925
351	17.3947
352	17.358
353	17.3339
354	17.3339
355	17.3207
356	17.3068
357	17.3174
358	17.3059
359	17.3622
360	17.3622
361	17.3605
362	17.3668
363	17.326
364	17.3202
365	17.3133
366	17.2556
367	17.215
368	17.2118
369	17.1822
370	17.1619
371	17.1322
372	17.1247
373	17.1046
374	17.1099
375	17.1275
376	17.1318
377	17.1348
378	17.1492
379	17.15
380	17.1455
381	17.1542
382	17.149
383	17.1491
384	17.1437
385	17.1226
386	17.1101
387	17.1037
388	17.1037
389	17.0591
390	17.0389
391	17.0407
392	17.0429
393	17.0173
394	16.9783
395	17.0233
396	17.029
397	17.088
398	17.1476
399	17.1308
400	17.1539
401	17.2157
402	17.2605
403	17.2769
404	17.3102
405	17.314
406	17.3146
407	17.3164
408	17.3049
409	17.3049
410	17.2874
411	17.2706
412	17.2653
413	17.2539
414	17.2679
415	17.2729
416	17.2789
417	17.2837
418	17.2855
419	17.2876
420	17.2843
421	17.2813
422	17.281
423	17.273
424	17.2576
425	17.2527
426	17.2568
427	17.2801
428	17.2862
429	17.2781
430	17.2762
431	17.2677
432	17.2616
433	17.0839
434	16.9271
435	16.8237
436	16.8237
437	16.8237
438	16.8237
439	16.8237
440	16.8449
441	16.8943
442	16.8916
443	16.8916
444	16.9153
445	16.9351
446	16.9045
447	16.9274
448	16.9503
449	16.9582
450	16.9582
451	16.9889
452	16.9889
453	17.0049
454	17.0226
455	17.0408
456	17.0503
457	17.0784
458	17.0784
459	17.0784
460	17.0784
461	17.1103
462	17.1281
463	17.2157
464	17.2817
465	17.3131
466	17.3271
467	17.3271
468	17.3271
469	17.3184
470	17.3131
471	17.3063
472	17.3024
473	17.2844
474	17.2844
475	17.2844
476	17.2743
477	17.2743
478	17.2743
479	17.2743
480	17.2743
481	17.2743
482	17.2743
483	17.2743
484	17.2743
485	17.2743
486	17.2743
487	17.2743
488	17.2743
489	17.2743
490	17.2743
491	17.2743
492	17.2743
493	17.2743
494	17.2743
495	17.2743
496	17.2743
497	17.2743
498	17.2743
499	17.2743
500	17.2743
501	17.2743
502	17.2743
503	17.2743
504	17.2743
505	17.2743
506	17.2743
507	17.2743
508	17.2743
509	17.2743
510	17.2743
511	17.2743
512	17.2743
513	17.2743
514	17.2743
515	17.2743
516	17.2743
517	17.2743
518	17.2743
519	17.2743
520	17.2743
521	17.2743
522	17.2743
523	17.2743
524	17.2743
525	17.2743
526	17.2743
527	17.2743
528	17.2743
529	17.2743
530	17.2743
531	17.2743
532	17.2743
533	17.2743
534	17.2743
535	17.2743
536	17.2743
537	17.2743
538	17.2743
539	17.2743
540	17.2743
541	17.2743
542	17.2743
543	17.2743
544	17.2743
545	17.2743
546	17.2743
547	17.2743
548	17.2743
549	17.2743
550	17.2743
551	17.2743
552	17.2743
553	17.2743
554	17.2743
555	17.2743
556	17.2743
557	17.2743
558	17.2743
559	17.2743
560	17.2743
561	17.2743
562	17.2743
563	17.2743
564	17.2743
565	17.2743
566	17.2743
567	17.2743
568	17.2743
569	17.2743
570	17.2743
571	17.2743
572	17.2743
573	17.2743
574	17.2743
575	17.2743
576	17.2743
577	17.2743
578	17.2743
579	17.2743
580	17.2743
581	17.2743
582	17.2743
583	17.2743
584	17.2743
585	17.2743
586	17.2743
587	17.2743
588	17.2743
589	17.2743
590	17.2743
591	17.2743
592	17.2743
593	17.2743
594	17.2743
595	17.2743
596	17.2743
597	17.2743
598	17.2743
599	17.2743
600	17.2743
601	17.2743
602	17.2743
603	17.2743
604	17.2743
605	17.2743
606	17.2743
607	17.2743
608	17.2743
609	17.2743
610	17.2743
611	17.2743
612	17.2743
613	17.2743
614	17.2743
615	17.2743
616	17.2743
617	17.2743
618	17.2743
619	17.2743
620	17.2743
621	17.2743
622	17.2743
623	17.2743
624	17.2743
625	17.2743
626	17.2743
627	17.2743
628	17.2743
629	17.2743
630	17.2743
631	17.2743
632	17.2743
633	17.2743
634	17.2743
635	17.2743
636	17.2743
637	17.2743
638	17.2743
639	17.2743
640	17.2743
641	17.2743
642	17.2743
643	17.2743
644	17.2743
645	17.2743
646	17.2743
647	17.2743
648	17.2743
649	17.2743
650	17.2743
651	17.2743
652	17.2743
653	17.2743
654	17.2743
655	17.2743
656	17.2743
657	17.2743
658	17.2743
659	17.2743
660	17.2743
661	17.2743
662	17.2743
663	17.2743
664	17.2743
665	17.2743
666	17.2743
667	17.2743
668	17.2743
669	17.2743
670	17.2743
671	17.2743
672	17.2743
673	17.2743
674	17.2743
675	17.2743
676	17.2743
677	17.2743
678	17.2743
679	17.2743
680	17.2743
681	17.2743
682	17.2743
683	17.2743
684	17.2743
685	17.2743
686	17.2743
687	17.2743
688	17.2743
689	17.2743
690	17.2743
691	17.2743
692	17.2743
693	17.2743
694	17.2743
695	17.2743
696	17.2743
697	17.2743
698	17.2743
699	17.2743
700	17.2743
701	17.2743
702	17.2743
703	17.2743
704	17.2743
705	17.2743
706	17.2743
707	17.2743
708	17.2743
709	17.2743
710	17.2743
711	17.2743
712	17.2743
713	17.2743
714	17.2743
715	17.2743
716	17.2743
717	17.2743
718	17.2743
719	17.2743
720	17.2743
721	17.2743
722	17.2743
723	17.2743
724	17.2743
725	17.2743
726	17.2743
727	17.2743
728	17.2743
729	17.2743
730	17.2743
731	17.2743
732	17.2743
733	17.2743
734	17.2743
735	17.2743
736	17.2743
737	17.2743
738	17.2743
739	17.2743
740	17.2743
741	17.2743
742	17.2743
743	17.2743
744	17.2743
745	17.2743
746	17.2743
747	17.2743
748	17.2743
749	17.2743
750	17.2743
751	17.2743
752	17.2743
753	17.2743
754	17.2743
755	17.5052
