Ne averages over 40 independent estimates.
Generation	Geometric_mean
1	27.4574
2	27.4574
3	27.4574
4	27.4574
5	26.066
6	25.0606
7	30.811
8	33.5918
9	98.3139
10	176.426
11	292.877
12	326.858
13	319.735
14	331.547
15	542.99
16	551.515
17	576.921
18	687.235
19	726.931
20	743.929
21	784.81
22	881.247
23	1045.79
24	1162.21
25	1338.48
26	1636.6
27	1825.8
28	1901.95
29	2026.28
30	1999.77
31	1944.98
32	1896.26
33	1860.58
34	1896.58
35	1909.96
36	1977.81
37	2100.66
38	2167.16
39	2233.34
40	2260.14
41	2282.5
42	2275.46
43	2286.38
44	2277.93
45	2262.35
46	2254.18
47	2247.74
48	2253.6
49	2210.53
50	2196.4
51	2136.68
52	2114.62
53	2104.74
54	2111.95
55	2048.38
56	2056.44
57	2044.83
58	2070.38
59	1905.35
60	1949.66
61	2000.99
62	2065.04
63	2070.98
64	2099.59
65	2108.59
66	2054.72
67	2088.19
68	2087.14
69	1989.84
70	1789.32
71	1857.96
72	1717.13
73	1732.3
74	1743.82
75	1730.27
76	1604.08
77	1586.53
78	1640.03
79	1546.46
80	1367.87
81	1377.09
82	1371.7
83	1327.84
84	1300.92
85	1221.72
86	1216.65
87	1233.92
88	1501.11
89	1652.82
90	1710.6
91	1758.37
92	1733.58
93	1783.19
94	1826.22
95	1819.6
96	1834.55
97	1984.75
98	2012.9
99	1992.66
100	1970.34
101	1950.47
102	1963.2
103	1941.92
104	1931.17
105	1891.98
106	1841.36
107	1799.46
108	1743
109	1707.88
110	1708.66
111	1613.26
112	1553.81
113	1511.48
114	1468.6
115	1443.56
116	1396.01
117	1343.7
118	1336.12
119	1315
120	1308.26
121	1283.66
122	1270.85
123	1227.88
124	1179.98
125	1122.61
126	1103.83
127	1087.02
128	1000.37
129	955.421
130	914.102
131	875.203
132	836.166
133	796.819
134	779.337
135	765.401
136	768.163
137	762.661
138	757.656
139	736.524
140	733.493
141	680.806
142	628.956
143	601.673
144	581.957
145	576.443
146	561.373
147	564.959
148	567.281
149	560.597
150	557.733
151	550.541
152	547.128
153	539.541
154	525.496
155	511.323
156	499.735
157	487.152
158	481.337
159	473.379
160	465.472
161	459.508
162	459.363
163	457.967
164	450.852
165	450.106
166	442.515
167	436.676
168	439.797
169	435.737
170	420.414
171	400.361
172	377.562
173	345.141
174	321.669
175	288.315
176	266.644
177	239.923
178	222.442
179	193.044
180	188.511
181	180.857
182	179.033
183	173.402
184	161.401
185	153.357
186	143.878
187	129.887
188	119.235
189	113.776
190	107.832
191	99.0335
192	95.0047
193	89.5218
194	81.6421
195	77.0461
196	66.6628
197	60.7913
198	51.8204
199	49.4761
200	44.9026
201	41.7509
202	39.6243
203	39.0811
204	37.761
205	35.1436
206	33.796
207	32.8438
208	32.9171
209	31.2531
210	27.9567
211	26.4546
212	25.1818
213	23.5535
214	22.6029
215	21.8971
216	21.5866
217	21.6101
218	21.499
219	21.2099
220	21.0031
221	20.8302
222	20.5615
223	19.8269
224	18.6841
225	17.7219
226	17.6403
227	17.3156
228	17.1576
229	17.0442
230	17.0134
231	17.0199
232	17.0786
233	17.1445
234	17.2563
235	17.2896
236	17.2762
237	17.3175
238	17.2302
239	17.0426
240	17.1428
241	17.0422
242	17.1052
243	17.1368
244	17.6169
245	17.8043
246	18.0244
247	18.0188
248	18.04
249	18.1361
250	18.1914
251	18.2705
252	18.3346
253	18.3471
254	18.3841
255	18.4271
256	18.4526
257	18.4638
258	18.4727
259	18.5122
260	18.4739
261	18.4416
262	18.4925
263	18.5608
264	18.5847
265	18.6098
266	18.6098
267	18.6415
268	18.6415
269	18.6415
270	18.6469
271	18.6272
272	18.6172
273	18.6039
274	18.5685
275	18.5225
276	18.4985
277	18.5232
278	18.5022
279	18.5083
280	18.5083
281	18.5083
282	18.5083
283	18.5217
284	18.5217
285	18.5165
286	18.5207
287	18.5248
288	18.5388
289	18.5784
290	18.5988
291	18.6215
292	18.6626
293	18.6757
294	18.7182
295	18.7898
296	18.8321
297	18.8776
298	18.9332
299	18.9358
300	18.9565
301	18.9656
302	18.9692
303	18.9914
304	18.9914
305	18.9915
306	18.9914
307	18.9953
308	18.8519
309	18.8516
310	18.8145
311	18.7737
312	18.741
313	18.741
314	18.808
315	19.0106
316	19.0728
317	19.0705
318	19.0333
319	19.0254
320	19.0288
321	19.0264
322	19.0264
323	19.0156
324	19.0029
325	19.0029
326	19.0029
327	19.0029
328	18.9985
329	18.9792
330	18.9613
331	18.9558
332	18.944
333	18.9365
334	18.8804
335	18.8537
336	18.8537
337	18.8316
338	18.8331
339	18.8331
340	18.8371
341	18.838
342	18.8485
343	18.8462
344	18.856
345	18.8616
346	18.9009
347	18.91
348	18.9624
349	19.0119
350	19.0392
351	19.0888
352	19.1031
353	19.1093
354	19.1093
355	19.1093
356	19.1098
357	19.0451
358	19.0336
359	19.0223
360	19.0226
361	18.9589
362	18.9491
363	18.9101
364	18.8932
365	18.8943
366	18.9245
367	18.905
368	18.8689
369	18.8361
370	18.818
371	18.83
372	18.7642
373	18.7636
374	18.7533
375	18.7012
376	18.6675
377	18.6459
378	18.6365
379	18.6302
380	18.6346
381	18.6377
382	18.6321
383	18.6251
384	18.6257
385	18.6207
386	18.624
387	18.633
388	18.6267
389	18.5884
390	18.5805
391	18.5812
392	18.5812
393	18.5812
394	18.5851
395	18.5697
396	18.5697
397	18.5811
398	18.5832
399	18.5714
400	18.5676
401	18.5667
402	18.5535
403	18.5442
404	18.5331
405	18.5331
406	18.5331
407	18.5239
408	18.5155
409	18.5121
410	18.5054
411	18.4973
412	18.4949
413	18.4973
414	18.4956
415	18.4957
416	18.5009
417	18.505
418	18.5097
419	18.5097
420	18.5004
421	18.4943
422	18.4811
423	18.4611
424	18.4667
425	18.46
426	18.4463
427	18.4463
428	18.4463
429	18.4498
430	18.4498
431	18.4658
432	18.5093
433	18.5093
434	18.5093
435	18.4614
436	18.4424
437	18.3839
438	18.3041
439	18.2992
440	18.2879
441	18.2875
442	18.2855
443	18.2855
444	18.2989
445	18.2893
446	18.2472
447	18.2006
448	18.2179
449	18.1779
450	18.1306
451	18.0619
452	17.979
453	17.9409
454	17.9044
455	17.8682
456	17.8146
457	17.719
458	17.7064
459	17.7048
460	17.709
461	17.7071
462	17.72
463	17.6486
464	17.5608
465	17.5608
466	17.3948
467	17.2252
468	17.058
469	16.9671
470	16.9671
471	16.9671
472	16.9671
473	16.9671
474	16.9548
475	16.9548
476	16.9548
477	16.9548
478	16.9548
479	16.9548
480	16.9548
481	16.9548
482	16.9548
483	16.9548
484	16.9548
485	16.9548
486	16.9548
487	16.9548
488	16.9548
489	16.9548
490	16.9548
491	16.9548
492	16.9548
493	16.9548
494	16.9548
495	16.9548
496	16.9548
497	16.9548
498	16.9548
499	16.9548
500	16.9548
501	16.9548
502	16.9548
503	16.9548
504	16.9548
505	16.9548
506	16.9548
507	16.9548
508	16.9548
509	16.9548
510	16.9548
511	16.9548
512	16.9548
513	16.9548
514	16.9548
515	16.9548
516	16.9548
517	16.9548
518	16.9548
519	16.9548
520	16.9548
521	16.9548
522	16.9548
523	16.9548
524	16.9548
525	16.9548
526	16.9548
527	16.9548
528	16.9548
529	16.9548
530	16.9548
531	16.9548
532	16.9548
533	16.9548
534	16.9548
535	16.9548
536	16.9548
537	16.9548
538	16.9548
539	16.9548
540	16.9548
541	16.9548
542	16.9548
543	16.9548
544	16.9548
545	16.9548
546	16.9548
547	16.9548
548	16.9548
549	16.9548
550	16.9548
551	16.9548
552	16.9548
553	16.9548
554	16.9548
555	16.9548
556	16.9548
557	16.9548
558	16.9548
559	16.9548
560	16.9548
561	16.9548
562	16.9548
563	16.9548
564	16.9548
565	16.9548
566	16.9548
567	16.9548
568	16.9548
569	16.9548
570	16.9548
571	16.9548
572	16.9548
573	16.9548
574	16.9548
575	16.9548
576	16.9548
577	16.9548
578	16.9548
579	16.9548
580	16.9548
581	16.9548
582	16.9548
583	16.9548
584	16.9548
585	16.9548
586	16.9548
587	16.9548
588	16.9548
589	16.9548
590	16.9548
591	16.9548
592	16.9548
593	16.9548
594	16.9548
595	16.9548
596	16.9548
597	16.9548
598	16.9548
599	16.9548
600	16.9548
601	16.9548
602	16.9548
603	16.9548
604	16.9548
605	16.9548
606	16.9548
607	16.9548
608	16.9548
609	16.9548
610	16.9548
611	16.9548
612	16.9548
613	16.9548
614	16.9548
615	16.9548
616	16.9548
617	16.9548
618	16.9548
619	16.9548
620	16.9548
621	16.9548
622	16.9548
623	16.9548
624	16.9548
625	16.9548
626	16.9548
627	16.9548
628	16.9548
629	16.9548
630	16.9548
631	16.9548
632	16.9548
633	16.9548
634	16.9548
635	16.9548
636	16.9548
637	16.9548
638	16.9548
639	16.9548
640	16.9548
641	16.9548
642	16.9548
643	16.9548
644	16.9548
645	16.9548
646	16.9548
647	16.9548
648	16.9548
649	16.9548
650	16.9548
651	16.9548
652	16.9548
653	16.9548
654	16.9548
655	16.9548
656	16.9548
657	16.9548
658	16.9548
659	16.9548
660	16.9548
661	16.9548
662	16.9548
663	16.9548
664	16.9548
665	16.9548
666	16.9548
667	16.9548
668	16.9548
669	16.9548
670	16.9548
671	16.9548
672	16.9548
673	16.9548
674	16.9548
675	16.9548
676	16.9548
677	16.9548
678	16.9548
679	16.9548
680	16.9548
681	16.9548
682	16.9548
683	16.9548
684	16.9548
685	16.9548
686	16.9548
687	16.9548
688	16.9548
689	16.9548
690	16.9548
691	16.9548
692	16.9548
693	16.9548
694	16.9548
695	16.9548
696	16.9548
697	16.9548
698	16.9548
699	16.9548
700	16.9548
701	16.9548
702	16.9548
703	16.9548
704	16.9548
705	16.9548
706	16.9548
707	16.9548
708	16.9548
709	16.9548
710	16.9548
711	16.9548
712	16.9548
713	16.9548
714	16.9548
715	16.9548
716	16.9548
717	16.9548
718	16.9548
719	16.9548
720	16.9548
721	16.9548
722	16.9548
723	16.9548
724	16.9548
725	16.9548
726	16.9548
727	16.9548
728	16.9548
729	16.9548
730	16.9548
731	16.9548
732	16.9548
733	16.9548
734	16.9548
735	16.9548
736	16.9548
737	16.9548
738	16.9548
739	16.9548
740	16.9548
741	16.9548
742	16.9548
743	16.9548
744	16.9548
745	16.9548
746	16.9548
747	16.9548
748	16.9548
749	16.9548
750	16.9548
751	16.9548
752	16.9548
753	16.9548
754	16.9548
755	16.8135
