Ne averages over 40 independent estimates.
Generation	Geometric_mean
1	25.5512
2	25.5512
3	25.5512
4	25.5512
5	28.4384
6	27.7842
7	35.0263
8	35.0263
9	155.553
10	336.902
11	443.591
12	443.418
13	433.244
14	487.751
15	508.134
16	513.367
17	553.616
18	607.597
19	679.978
20	693.24
21	901.916
22	952.791
23	978.725
24	1039.83
25	1100.7
26	1297.93
27	1206.28
28	1340.22
29	1338.38
30	1338.42
31	1332.07
32	1323.07
33	1309.11
34	1308.3
35	1321.19
36	1364.6
37	1407.48
38	1498.41
39	1595.44
40	1635.14
41	1685.13
42	1722.8
43	1714.96
44	1689.07
45	1680.91
46	1659.32
47	1679.12
48	1675.47
49	1712.74
50	1710.83
51	1710.83
52	1748.46
53	1756.64
54	1798.29
55	1838.17
56	1867.19
57	1896.1
58	1882.15
59	1867.42
60	1840.15
61	1816.69
62	1823.32
63	1883.09
64	1877.27
65	1826.3
66	1905.01
67	1926.28
68	1961.43
69	1989.07
70	1948.57
71	1753.08
72	1652.71
73	1476.42
74	1480.71
75	1442.78
76	1441.86
77	1420.21
78	1305.93
79	1260.09
80	1261.71
81	1260.54
82	1197.74
83	1045.83
84	935.139
85	913.666
86	807.704
87	898.504
88	884.253
89	873.434
90	907.716
91	914.98
92	933.887
93	1064.55
94	1189.07
95	1212.49
96	1257.16
97	1354.35
98	1360.1
99	1336.27
100	1327.37
101	1322
102	1321.68
103	1318.24
104	1410.09
105	1399.54
106	1397.84
107	1358.35
108	1366.62
109	1364.07
110	1339.62
111	1341.5
112	1345.43
113	1334.61
114	1286.24
115	1266.71
116	1240.96
117	1207.15
118	1196.62
119	1142.67
120	1086.81
121	1050.51
122	1025.85
123	1010.75
124	955.146
125	890.247
126	820.475
127	768.529
128	744.821
129	723.149
130	704.03
131	674
132	661.055
133	637.602
134	628.395
135	635.962
136	633.271
137	631.372
138	633.591
139	620.351
140	608.416
141	593.673
142	571.024
143	554.799
144	542.581
145	537.097
146	526.735
147	512.488
148	512.194
149	501.16
150	495.902
151	492.334
152	487.601
153	489.14
154	489.466
155	484.226
156	474.692
157	458.579
158	445.134
159	441.796
160	439.172
161	433.405
162	431.295
163	428.422
164	429.375
165	432.383
166	433.203
167	434.727
168	436.722
169	437.242
170	436.485
171	441.206
172	427.37
173	409.308
174	378.232
175	369.933
176	365.735
177	364.596
178	356.107
179	353.253
180	333.197
181	322.541
182	303.593
183	272.344
184	233.805
185	210.073
186	188.914
187	177.237
188	151.899
189	139.911
190	128.792
191	120.314
192	111.092
193	111.176
194	106.873
195	100.614
196	99.6352
197	96.1923
198	92.8916
199	88.9422
200	89.1346
201	86.2789
202	85.4714
203	83.282
204	80.5642
205	79.3535
206	77.8207
207	76.7235
208	75.0457
209	71.6294
210	64.9645
211	61.6054
212	54.9532
213	49.4308
214	43.4714
215	41.6597
216	39.5349
217	37.6363
218	35.5775
219	32.5592
220	30.9726
221	29.3974
222	28.9958
223	27.8907
224	27.3868
225	26.8348
226	26.5091
227	26.392
228	26.1705
229	25.6146
230	25.2969
231	23.804
232	22.5054
233	22.1187
234	22.3066
235	22.3561
236	22.5052
237	22.4892
238	22.495
239	22.5199
240	22.5284
241	22.4482
242	22.4124
243	22.3975
244	22.3803
245	22.3576
246	22.3215
247	22.36
248	22.3364
249	22.3077
250	22.3305
251	22.3423
252	22.2999
253	22.316
254	22.3148
255	22.3237
256	22.3327
257	22.3264
258	22.2984
259	22.2875
260	22.2483
261	22.2087
262	22.2044
263	22.2048
264	22.2282
265	22.2154
266	22.2321
267	22.2321
268	22.1652
269	22.1402
270	22.1553
271	22.2715
272	22.4366
273	22.4735
274	22.5048
275	22.4972
276	22.409
277	22.4294
278	22.3355
279	22.3091
280	22.3077
281	22.3077
282	22.3196
283	22.3261
284	22.3261
285	22.3138
286	22.3188
287	22.3095
288	22.2871
289	22.2762
290	22.2785
291	22.2785
292	22.2785
293	22.2785
294	22.2809
295	22.2912
296	22.2912
297	22.2874
298	22.2874
299	22.2808
300	22.3372
301	22.3372
302	22.3372
303	22.3372
304	22.3844
305	22.4321
306	22.4816
307	22.5279
308	22.6303
309	22.7877
310	22.7844
311	22.7486
312	22.7348
313	22.6898
314	22.5783
315	22.5467
316	22.5467
317	22.5215
318	22.5616
319	22.676
320	22.8416
321	22.921
322	22.9599
323	23.0343
324	23.0379
325	23.033
326	23.0127
327	22.993
328	22.9762
329	22.9762
330	22.9745
331	22.9567
332	22.9567
333	22.957
334	22.9226
335	22.9177
336	22.8487
337	22.8381
338	22.808
339	22.7895
340	22.762
341	22.7468
342	22.7143
343	22.6862
344	22.6692
345	22.6496
346	22.6232
347	22.6235
348	22.6375
349	22.6375
350	22.667
351	22.5775
352	22.576
353	22.5345
354	22.4867
355	22.467
356	22.4684
357	22.3615
358	22.2964
359	22.2623
360	22.2548
361	22.2296
362	22.2148
363	22.2026
364	22.1755
365	22.1655
366	22.1561
367	22.149
368	22.449
369	22.7691
370	23.068
371	23.3753
372	23.5282
373	23.6743
374	23.6614
375	23.6484
376	23.6243
377	23.6243
378	23.6274
379	23.6274
380	23.6366
381	23.6366
382	23.6406
383	23.6405
384	23.6405
385	23.6415
386	23.6382
387	23.5851
388	23.5851
389	23.5796
390	23.5337
391	23.4911
392	23.4146
393	23.4162
394	23.4365
395	23.4621
396	23.4911
397	23.548
398	23.5611
399	23.5611
400	23.5611
401	23.571
402	23.5911
403	23.5815
404	23.5825
405	23.5825
406	23.5825
407	23.5967
408	23.6177
409	23.6145
410	23.6405
411	23.6511
412	23.6954
413	23.7714
414	23.8269
415	23.8645
416	23.9319
417	24.0156
418	24.0457
419	24.0014
420	23.9272
421	23.8578
422	23.8192
423	23.785
424	23.8342
425	23.869
426	23.8532
427	23.8954
428	23.8954
429	23.9511
430	23.9164
431	23.8827
432	23.9387
433	23.9387
434	23.9387
435	23.9387
436	23.941
437	23.9754
438	23.9754
439	24.1173
440	24.1729
441	24.1806
442	24.1806
443	24.1805
444	24.1805
445	24.2036
446	24.2292
447	24.2292
448	24.2292
449	24.2202
450	24.2034
451	24.2103
452	24.2146
453	24.218
454	24.218
455	24.2222
456	24.2274
457	24.2274
458	24.2103
459	24.1737
460	24.1209
461	24.0652
462	24.0725
463	24.0654
464	23.9914
465	23.8896
466	23.8348
467	23.8195
468	23.8195
469	23.8704
470	23.8704
471	23.8864
472	23.8981
473	23.8981
474	23.9231
475	23.9231
476	23.9171
477	23.8986
478	23.877
479	23.8772
480	23.8843
481	23.8994
482	23.9156
483	23.9042
484	23.8915
485	23.8837
486	23.8826
487	23.8826
488	23.8826
489	23.8826
490	23.8826
491	23.8826
492	23.8826
493	23.8826
494	23.8826
495	23.8826
496	23.8826
497	23.8826
498	23.8826
499	23.8826
500	23.8826
501	23.8826
502	23.8826
503	23.8826
504	23.8826
505	23.8826
506	23.8826
507	23.8826
508	23.8826
509	23.8826
510	23.8826
511	23.8826
512	23.8826
513	23.8826
514	23.8826
515	23.8826
516	23.8826
517	23.8826
518	23.8826
519	23.8826
520	23.8826
521	23.8826
522	23.8826
523	23.8826
524	23.8826
525	23.8826
526	23.8826
527	23.8826
528	23.8826
529	23.8826
530	23.8826
531	23.8826
532	23.8826
533	23.8826
534	23.8826
535	23.8826
536	23.8826
537	23.8826
538	23.8826
539	23.8826
540	23.8826
541	23.8826
542	23.8826
543	23.8826
544	23.8826
545	23.8826
546	23.8826
547	23.8826
548	23.8826
549	23.8826
550	23.8826
551	23.8826
552	23.8826
553	23.8826
554	23.8826
555	23.8826
556	23.8826
557	23.8826
558	23.8826
559	23.8826
560	23.8826
561	23.8826
562	23.8826
563	23.8826
564	23.8826
565	23.8826
566	23.8826
567	23.8826
568	23.8826
569	23.8826
570	23.8826
571	23.8826
572	23.8826
573	23.8826
574	23.8826
575	23.8826
576	23.8826
577	23.8826
578	23.8826
579	23.8826
580	23.8826
581	23.8826
582	23.8826
583	23.8826
584	23.8826
585	23.8826
586	23.8826
587	23.8826
588	23.8826
589	23.8826
590	23.8826
591	23.8826
592	23.8826
593	23.8826
594	23.8826
595	23.8826
596	23.8826
597	23.8826
598	23.8826
599	23.8826
600	23.8826
601	23.8826
602	23.8826
603	23.8826
604	23.8826
605	23.8826
606	23.8826
607	23.8826
608	23.8826
609	23.8826
610	23.8826
611	23.8826
612	23.8826
613	23.8826
614	23.8826
615	23.8826
616	23.8826
617	23.8826
618	23.8826
619	23.8826
620	23.8826
621	23.8826
622	23.8826
623	23.8826
624	23.8826
625	23.8826
626	23.8826
627	23.8826
628	23.8826
629	23.8826
630	23.8826
631	23.8826
632	23.8826
633	23.8826
634	23.8826
635	23.8826
636	23.8826
637	23.8826
638	23.8826
639	23.8826
640	23.8826
641	23.8826
642	23.8826
643	23.8826
644	23.8826
645	23.8826
646	23.8826
647	23.8826
648	23.8826
649	23.8826
650	23.8826
651	23.8826
652	23.8826
653	23.8826
654	23.8826
655	23.8826
656	23.8826
657	23.8826
658	23.8826
659	23.8826
660	23.8826
661	23.8826
662	23.8826
663	23.8826
664	23.8826
665	23.8826
666	23.8826
667	23.8826
668	23.8826
669	23.8826
670	23.8826
671	23.8826
672	23.8826
673	23.8826
674	23.8826
675	23.8826
676	23.8826
677	23.8826
678	23.8826
679	23.8826
680	23.8826
681	23.8826
682	23.8826
683	23.8826
684	23.8826
685	23.8826
686	23.8826
687	23.8826
688	23.8826
689	23.8826
690	23.8826
691	23.8826
692	23.8826
693	23.8826
694	23.8826
695	23.8826
696	23.8826
697	23.8826
698	23.8826
699	23.8826
700	23.8826
701	23.8826
702	23.8826
703	23.8826
704	23.8826
705	23.8826
706	23.8826
707	23.8826
708	23.8826
709	23.8826
710	23.8826
711	23.8826
712	23.8826
713	23.8826
714	23.8826
715	23.8826
716	23.8826
717	23.8826
718	23.8826
719	23.8826
720	23.8826
721	23.8826
722	23.8826
723	23.8826
724	23.8826
725	23.8826
726	23.8826
727	23.8826
728	23.8826
729	23.8826
730	23.8826
731	23.8826
732	23.8826
733	23.8826
734	23.8826
735	23.8826
736	23.8826
737	23.8826
738	23.8826
739	23.8826
740	23.8826
741	23.8826
742	23.8826
743	23.8826
744	23.8826
745	23.8826
746	23.8826
747	23.8826
748	23.8826
749	23.8826
750	23.8826
751	23.8826
752	23.8826
753	23.8826
754	23.8826
755	23.9522
