Ne averages over 40 independent estimates.
Generation	Geometric_mean
1	21.4738
2	21.4738
3	21.4738
4	21.4738
5	25.09
6	28.5178
7	46.4559
8	72.0125
9	189.278
10	239.772
11	267.913
12	268.796
13	327.906
14	357.993
15	350.612
16	385.938
17	411.613
18	409.749
19	426.041
20	476.249
21	667.888
22	811.416
23	1039.26
24	1066.78
25	1367.37
26	1483.75
27	1495.07
28	1490.79
29	1471.5
30	1557.5
31	1631.4
32	1671.56
33	1695.57
34	1735.05
35	1776.45
36	1856.38
37	1938.12
38	2016.57
39	2080.97
40	2105.31
41	2155.16
42	2169.76
43	2209.14
44	2231.98
45	2249.26
46	2245.49
47	2224.58
48	2162.32
49	2155.68
50	2158.92
51	2148.56
52	2111.63
53	2097.35
54	2118.51
55	2132.19
56	2176.58
57	2138.96
58	2088.39
59	1998.18
60	2026.38
61	1997.19
62	1971.91
63	1958.41
64	1868.88
65	1841.48
66	1856.46
67	1859.26
68	1878.8
69	1883.74
70	1839.53
71	1801.72
72	1617.23
73	1577.21
74	1498.59
75	1279.09
76	1239.56
77	1205.05
78	1167.74
79	938.144
80	914.275
81	771.498
82	729.395
83	602.583
84	610.29
85	649.404
86	625.271
87	640.168
88	631.736
89	626.157
90	631.952
91	738.035
92	762.961
93	867.402
94	899.898
95	938.751
96	1066.44
97	1064.73
98	1051.78
99	1052.99
100	993.003
101	962.922
102	945.927
103	939.948
104	954.43
105	957.126
106	1022.64
107	985.204
108	962.975
109	921.751
110	914.312
111	902.361
112	867.59
113	867.412
114	871.896
115	875.379
116	876.774
117	881.762
118	878.71
119	847.746
120	821.983
121	770.064
122	747.902
123	698.307
124	670.483
125	629.569
126	602.058
127	571.094
128	534.195
129	518.942
130	513.635
131	501.815
132	486.47
133	463.885
134	431.363
135	405.436
136	377.464
137	357.532
138	353.219
139	347.13
140	342.01
141	343.933
142	345.711
143	352.765
144	353.501
145	353.516
146	349.438
147	342.275
148	346.2
149	350.763
150	349.437
151	346.593
152	343.998
153	339.792
154	338.443
155	335.454
156	330.082
157	326.802
158	320.594
159	321.806
160	320.051
161	321.522
162	320.833
163	319.944
164	318.869
165	315.838
166	316.92
167	313.826
168	312.153
169	310.902
170	305.247
171	293.885
172	286.698
173	275.489
174	262.749
175	242.852
176	232.141
177	213.368
178	199.07
179	182.96
180	146.789
181	127.501
182	115.583
183	109.315
184	107.923
185	107.051
186	99.0555
187	92.7073
188	82.8297
189	75.1416
190	63.3292
191	56.1656
192	52.2049
193	47.8206
194	45.7825
195	44.9654
196	42.2302
197	39.9908
198	36.0406
199	31.8618
200	31.7549
201	31.1676
202	30.6086
203	29.5027
204	27.5967
205	27.0224
206	26.4943
207	26.1332
208	26.1075
209	26.0788
210	25.9657
211	25.759
212	25.7217
213	25.6413
214	25.4144
215	25.4309
216	25.2965
217	25.2088
218	25.0504
219	24.9453
220	24.8382
221	24.6102
222	24.5301
223	24.5035
224	24.9451
225	25.4238
226	25.3038
227	25.281
228	25.3316
229	25.5054
230	25.5909
231	25.7138
232	25.8645
233	26.0904
234	26.1331
235	26.1627
236	26.1498
237	26.0761
238	26.0312
239	26.0295
240	26.0985
241	26.1374
242	25.9925
243	25.6775
244	25.5105
245	25.4906
246	25.4416
247	25.433
248	25.4114
249	25.3625
250	25.3576
251	25.3177
252	25.3147
253	25.3004
254	25.3038
255	25.2838
256	25.2896
257	25.3053
258	25.3245
259	25.3392
260	25.3352
261	25.3883
262	25.3922
263	25.3875
264	25.3795
265	25.4064
266	25.4294
267	25.3077
268	25.2765
269	25.3061
270	25.3338
271	25.3765
272	25.4555
273	25.4474
274	25.5204
275	25.5065
276	25.4886
277	25.4882
278	25.4807
279	25.4918
280	25.5414
281	25.6136
282	25.6715
283	25.7124
284	25.7431
285	25.7502
286	25.7595
287	25.756
288	25.8115
289	25.8053
290	25.8485
291	25.9356
292	25.9405
293	25.8865
294	25.9013
295	25.9044
296	25.9031
297	25.9287
298	25.9324
299	25.9635
300	25.9772
301	25.9845
302	26.0544
303	26.0945
304	26.1413
305	26.1413
306	26.2357
307	26.33
308	26.3697
309	26.4049
310	26.4115
311	26.4115
312	26.4315
313	26.4467
314	26.4467
315	26.4574
316	26.431
317	26.4915
318	26.5828
319	26.6124
320	26.6109
321	26.5331
322	26.4664
323	26.4412
324	26.4412
325	26.4128
326	26.4092
327	26.385
328	26.3524
329	26.3813
330	26.3881
331	26.4086
332	26.4281
333	26.4374
334	26.4148
335	26.4149
336	26.4285
337	26.4587
338	26.451
339	26.5058
340	26.5202
341	26.5174
342	26.524
343	26.524
344	26.5262
345	26.5455
346	26.5654
347	26.6921
348	26.6766
349	26.6837
350	26.6819
351	26.6608
352	26.6387
353	26.6838
354	26.7067
355	26.6854
356	26.6854
357	26.7332
358	26.7383
359	26.7542
360	26.7556
361	26.755
362	26.7503
363	26.7629
364	26.7629
365	26.7629
366	26.7738
367	26.7742
368	26.7688
369	26.7492
370	26.7492
371	26.7492
372	26.754
373	26.7723
374	26.7485
375	26.8004
376	26.7862
377	26.761
378	26.8034
379	26.833
380	26.8744
381	26.9365
382	26.9739
383	26.9739
384	26.9715
385	27.0476
386	27.1619
387	27.2263
388	27.2263
389	27.2674
390	27.228
391	27.1561
392	27.1677
393	27.1397
394	27.1552
395	27.1018
396	27.0051
397	26.8456
398	26.7721
399	26.6893
400	26.6827
401	26.6664
402	26.6716
403	26.6679
404	26.6739
405	26.6763
406	26.6774
407	26.6669
408	26.671
409	26.671
410	26.671
411	26.6965
412	26.6965
413	26.6965
414	26.7023
415	26.7023
416	26.7086
417	26.7192
418	26.7192
419	26.7359
420	26.7553
421	26.7703
422	26.7892
423	26.797
424	26.8261
425	26.8917
426	26.934
427	26.9967
428	26.9939
429	27.0223
430	27.035
431	27.0385
432	27.0385
433	27.0385
434	27.0385
435	27.0423
436	26.9574
437	26.979
438	26.9502
439	26.9694
440	27.0391
441	27.1891
442	27.2722
443	27.3501
444	27.3515
445	27.3515
446	27.3531
447	27.3531
448	27.3431
449	27.3431
450	27.3431
451	27.3431
452	27.3431
453	27.3431
454	27.3431
455	27.3431
456	27.3431
457	27.3456
458	27.3456
459	27.3456
460	27.3435
461	27.3396
462	27.3427
463	27.3427
464	27.3427
465	27.3427
466	27.3382
467	27.3382
468	27.3382
469	27.3446
470	27.3633
471	27.3898
472	27.412
473	27.4301
474	27.4505
475	27.5036
476	27.542
477	27.5494
478	27.5564
479	27.5711
480	27.5786
481	27.5786
482	27.5786
483	27.5786
484	27.5786
485	27.5786
486	27.5786
487	27.5786
488	27.5786
489	27.5786
490	27.5786
491	27.5786
492	27.5786
493	27.5786
494	27.5786
495	27.5786
496	27.5786
497	27.5786
498	27.5786
499	27.5786
500	27.5786
501	27.5786
502	27.5786
503	27.5786
504	27.5786
505	27.5786
506	27.5786
507	27.5786
508	27.5786
509	27.5786
510	27.5786
511	27.5786
512	27.5786
513	27.5786
514	27.5786
515	27.5786
516	27.5786
517	27.5786
518	27.5786
519	27.5786
520	27.5786
521	27.5786
522	27.5786
523	27.5786
524	27.5786
525	27.5786
526	27.5786
527	27.5786
528	27.5786
529	27.5786
530	27.5786
531	27.5786
532	27.5786
533	27.5786
534	27.5786
535	27.5786
536	27.5786
537	27.5786
538	27.5786
539	27.5786
540	27.5786
541	27.5786
542	27.5786
543	27.5786
544	27.5786
545	27.5786
546	27.5786
547	27.5786
548	27.5786
549	27.5786
550	27.5786
551	27.5786
552	27.5786
553	27.5786
554	27.5786
555	27.5786
556	27.5786
557	27.5786
558	27.5786
559	27.5786
560	27.5786
561	27.5786
562	27.5786
563	27.5786
564	27.5786
565	27.5786
566	27.5786
567	27.5786
568	27.5786
569	27.5786
570	27.5786
571	27.5786
572	27.5786
573	27.5786
574	27.5786
575	27.5786
576	27.5786
577	27.5786
578	27.5786
579	27.5786
580	27.5786
581	27.5786
582	27.5786
583	27.5786
584	27.5786
585	27.5786
586	27.5786
587	27.5786
588	27.5786
589	27.5786
590	27.5786
591	27.5786
592	27.5786
593	27.5786
594	27.5786
595	27.5786
596	27.5786
597	27.5786
598	27.5786
599	27.5786
600	27.5786
601	27.5786
602	27.5786
603	27.5786
604	27.5786
605	27.5786
606	27.5786
607	27.5786
608	27.5786
609	27.5786
610	27.5786
611	27.5786
612	27.5786
613	27.5786
614	27.5786
615	27.5786
616	27.5786
617	27.5786
618	27.5786
619	27.5786
620	27.5786
621	27.5786
622	27.5786
623	27.5786
624	27.5786
625	27.5786
626	27.5786
627	27.5786
628	27.5786
629	27.5786
630	27.5786
631	27.5786
632	27.5786
633	27.5786
634	27.5786
635	27.5786
636	27.5786
637	27.5786
638	27.5786
639	27.5786
640	27.5786
641	27.5786
642	27.5786
643	27.5786
644	27.5786
645	27.5786
646	27.5786
647	27.5786
648	27.5786
649	27.5786
650	27.5786
651	27.5786
652	27.5786
653	27.5786
654	27.5786
655	27.5786
656	27.5786
657	27.5786
658	27.5786
659	27.5786
660	27.5786
661	27.5786
662	27.5786
663	27.5786
664	27.5786
665	27.5786
666	27.5786
667	27.5786
668	27.5786
669	27.5786
670	27.5786
671	27.5786
672	27.5786
673	27.5786
674	27.5786
675	27.5786
676	27.5786
677	27.5786
678	27.5786
679	27.5786
680	27.5786
681	27.5786
682	27.5786
683	27.5786
684	27.5786
685	27.5786
686	27.5786
687	27.5786
688	27.5786
689	27.5786
690	27.5786
691	27.5786
692	27.5786
693	27.5786
694	27.5786
695	27.5786
696	27.5786
697	27.5786
698	27.5786
699	27.5786
700	27.5786
701	27.5786
702	27.5786
703	27.5786
704	27.5786
705	27.5786
706	27.5786
707	27.5786
708	27.5786
709	27.5786
710	27.5786
711	27.5786
712	27.5786
713	27.5786
714	27.5786
715	27.5786
716	27.5786
717	27.5786
718	27.5786
719	27.5786
720	27.5786
721	27.5786
722	27.5786
723	27.5786
724	27.5786
725	27.5786
726	27.5786
727	27.5786
728	27.5786
729	27.5786
730	27.5786
731	27.5786
732	27.5786
733	27.5786
734	27.5786
735	27.5786
736	27.5786
737	27.5786
738	27.5786
739	27.5786
740	27.5786
741	27.5786
742	27.5786
743	27.5786
744	27.5786
745	27.5786
746	27.5786
747	27.5786
748	27.5786
749	27.5786
750	27.5786
751	27.5786
752	27.5786
753	27.5786
754	27.5786
755	27.4107
