Ne averages over 40 independent estimates.
Generation	Geometric_mean
1	23.6077
2	23.6077
3	23.6077
4	23.6077
5	22.9557
6	24.6302
7	36.5844
8	51.3489
9	259.356
10	370.142
11	416.144
12	435.881
13	410.757
14	413.219
15	419.586
16	404.232
17	471.052
18	502.414
19	501.249
20	517.504
21	634.591
22	648.373
23	712.917
24	921.218
25	1084.96
26	1191.44
27	1242.07
28	1287.97
29	1344.03
30	1430.71
31	1545.17
32	1587.91
33	1609.34
34	1653.18
35	1611.78
36	1584.22
37	1679.19
38	1687.72
39	1742.58
40	1750.05
41	1786.9
42	1824.39
43	1906.5
44	1955.26
45	1995.16
46	1948.32
47	1916.33
48	1897.87
49	1890.22
50	1913.12
51	1920.77
52	1966.56
53	1983.63
54	1984.87
55	1994.08
56	2015.98
57	2037.64
58	2062.88
59	2103.33
60	2115.1
61	2103.11
62	2045.18
63	2051.34
64	2075.03
65	2074.16
66	2041.14
67	2034.12
68	2006.75
69	2007.33
70	1873.67
71	1816.69
72	1777.74
73	1761.1
74	1611.54
75	1581.58
76	1538.59
77	1514.72
78	1309.51
79	1267.25
80	1258.36
81	1239.71
82	1016.93
83	971.922
84	875.062
85	811.932
86	943.299
87	945.219
88	981.051
89	1006.72
90	1036.95
91	1066.66
92	1072.13
93	1169.65
94	1124.43
95	1110.2
96	1115.55
97	1123
98	1136.31
99	1337.53
100	1334.7
101	1343.19
102	1505.1
103	1534.57
104	1539.72
105	1560.04
106	1556.88
107	1542.73
108	1540.25
109	1514.73
110	1507.43
111	1504.18
112	1484.12
113	1459.47
114	1431.15
115	1465.12
116	1489.54
117	1365.65
118	1327.55
119	1302.33
120	1275.29
121	1238.27
122	1174.31
123	1127.98
124	1034.32
125	961.4
126	905.724
127	890.07
128	865.078
129	816.068
130	812.299
131	790.731
132	757.779
133	736.296
134	700.599
135	688.877
136	684.718
137	665.162
138	633.8
139	600.189
140	572.333
141	541.533
142	541.147
143	545.562
144	548.151
145	543.807
146	547.022
147	540.538
148	526.017
149	518.643
150	513.849
151	504.557
152	491.446
153	476.743
154	468.215
155	457.839
156	456.8
157	442.441
158	429.773
159	424.081
160	418.623
161	407.83
162	390.501
163	378.607
164	375.33
165	371.558
166	352.104
167	334.04
168	315.741
169	308.737
170	304.792
171	300.751
172	294.728
173	291.338
174	290.449
175	278.841
176	278.235
177	277.845
178	273.211
179	268.6
180	253.68
181	233.059
182	211.259
183	193.529
184	175.171
185	163.578
186	151.822
187	140.361
188	127.778
189	116.396
190	104.951
191	89.2814
192	79.4322
193	72.9664
194	67.1488
195	63.7954
196	61.8048
197	60.7265
198	56.8674
199	55.9086
200	54.7646
201	50.5508
202	47.6585
203	45.4126
204	42.0475
205	41.527
206	40.8298
207	38.9387
208	37.7205
209	35.3026
210	34.782
211	32.7154
212	30.082
213	28.0173
214	26.1733
215	25.7168
216	23.6904
217	22.7141
218	22.8153
219	22.9603
220	22.9676
221	22.9425
222	22.7744
223	22.4414
224	22.2742
225	22.1229
226	21.9516
227	21.8619
228	21.0754
229	20.7929
230	20.6815
231	20.3946
232	20.2191
233	20.1455
234	20.114
235	20.1902
236	20.2153
237	20.3116
238	20.3209
239	20.4586
240	20.4299
241	20.4959
242	20.6033
243	20.6065
244	20.585
245	20.6292
246	20.6853
247	20.7195
248	20.7928
249	20.8133
250	20.8434
251	20.7676
252	20.7427
253	20.6477
254	20.6491
255	20.6541
256	20.6351
257	20.6314
258	20.6089
259	20.601
260	20.5698
261	20.5044
262	20.5126
263	20.5062
264	20.5304
265	20.5196
266	20.5552
267	20.613
268	20.6291
269	20.6142
270	20.608
271	20.6098
272	20.6288
273	20.6305
274	20.6225
275	20.6115
276	20.6554
277	20.7655
278	20.7558
279	20.7802
280	20.7982
281	20.8826
282	20.8877
283	20.9068
284	20.9759
285	20.9854
286	21.0239
287	21.0435
288	21.0483
289	21.0681
290	21.1035
291	21.1142
292	21.1355
293	21.1535
294	21.1465
295	21.1532
296	21.1666
297	21.1914
298	21.2368
299	21.2997
300	21.3328
301	21.3485
302	21.3536
303	21.3536
304	21.3536
305	21.3562
306	21.3573
307	21.3636
308	21.3728
309	21.3864
310	21.4221
311	21.5569
312	21.6374
313	21.6374
314	21.6432
315	21.6331
316	21.6305
317	21.6228
318	21.6228
319	21.6228
320	21.6594
321	21.7457
322	21.6758
323	21.6732
324	21.6771
325	21.6362
326	21.6344
327	21.6216
328	21.6487
329	21.6123
330	21.6797
331	21.6728
332	21.6135
333	21.5425
334	21.5844
335	21.5844
336	21.5844
337	21.5659
338	21.5663
339	21.5799
340	21.5655
341	21.5655
342	21.5453
343	21.5116
344	21.4334
345	21.382
346	21.3566
347	21.3541
348	21.3133
349	21.2958
350	21.271
351	21.2652
352	21.2573
353	21.2507
354	21.2334
355	21.2334
356	21.2352
357	21.2346
358	21.2402
359	21.2402
360	21.2402
361	21.2388
362	21.2418
363	21.2418
364	21.2349
365	21.2047
366	21.1624
367	21.1539
368	21.1218
369	21.1026
370	21.1535
371	21.1558
372	21.1671
373	21.1398
374	21.0978
375	21.0628
376	21.0164
377	21.0164
378	21.0102
379	21.0142
380	21.0131
381	21.0232
382	21.0323
383	21.0227
384	21.048
385	21.0847
386	21.095
387	21.0737
388	21.0343
389	20.998
390	20.9581
391	20.8983
392	20.8915
393	20.8595
394	20.8595
395	20.8431
396	20.846
397	20.8505
398	20.8581
399	20.8747
400	20.8747
401	20.8883
402	20.8987
403	20.8932
404	20.8735
405	20.8639
406	20.867
407	20.8706
408	20.8691
409	20.9023
410	20.9039
411	20.9013
412	20.8797
413	20.8568
414	20.8352
415	20.828
416	20.7906
417	20.8041
418	20.8041
419	20.8041
420	20.7929
421	20.7929
422	20.7929
423	20.8097
424	20.825
425	20.8323
426	20.8332
427	20.8332
428	20.8332
429	20.9012
430	20.9157
431	20.9014
432	20.7756
433	20.6826
434	20.7264
435	20.7784
436	20.7676
437	20.7676
438	20.7967
439	20.8246
440	20.8248
441	20.8248
442	20.8234
443	20.8128
444	20.8031
445	20.8354
446	20.8516
447	20.8519
448	20.8597
449	20.8434
450	20.8434
451	20.8346
452	20.8296
453	20.7926
454	20.7917
455	20.7978
456	20.8058
457	20.8237
458	20.8273
459	20.8262
460	20.8276
461	20.8273
462	20.8353
463	20.8414
464	20.8423
465	20.8383
466	20.8517
467	20.8755
468	20.8874
469	20.884
470	20.8897
471	20.8897
472	20.8828
473	20.8828
474	20.8828
475	20.8876
476	20.8876
477	20.9295
478	20.9966
479	21.0551
480	21.0858
481	21.1777
482	21.1777
483	21.1777
484	21.2102
485	21.2102
486	21.2102
487	21.2102
488	21.2102
489	21.2102
490	21.2102
491	21.2102
492	21.2102
493	21.2102
494	21.2102
495	21.2102
496	21.2102
497	21.2102
498	21.2102
499	21.2102
500	21.2102
501	21.2102
502	21.2102
503	21.2102
504	21.2102
505	21.2102
506	21.2102
507	21.2102
508	21.2102
509	21.2102
510	21.2102
511	21.2102
512	21.2102
513	21.2102
514	21.2102
515	21.2102
516	21.2102
517	21.2102
518	21.2102
519	21.2102
520	21.2102
521	21.2102
522	21.2102
523	21.2102
524	21.2102
525	21.2102
526	21.2102
527	21.2102
528	21.2102
529	21.2102
530	21.2102
531	21.2102
532	21.2102
533	21.2102
534	21.2102
535	21.2102
536	21.2102
537	21.2102
538	21.2102
539	21.2102
540	21.2102
541	21.2102
542	21.2102
543	21.2102
544	21.2102
545	21.2102
546	21.2102
547	21.2102
548	21.2102
549	21.2102
550	21.2102
551	21.2102
552	21.2102
553	21.2102
554	21.2102
555	21.2102
556	21.2102
557	21.2102
558	21.2102
559	21.2102
560	21.2102
561	21.2102
562	21.2102
563	21.2102
564	21.2102
565	21.2102
566	21.2102
567	21.2102
568	21.2102
569	21.2102
570	21.2102
571	21.2102
572	21.2102
573	21.2102
574	21.2102
575	21.2102
576	21.2102
577	21.2102
578	21.2102
579	21.2102
580	21.2102
581	21.2102
582	21.2102
583	21.2102
584	21.2102
585	21.2102
586	21.2102
587	21.2102
588	21.2102
589	21.2102
590	21.2102
591	21.2102
592	21.2102
593	21.2102
594	21.2102
595	21.2102
596	21.2102
597	21.2102
598	21.2102
599	21.2102
600	21.2102
601	21.2102
602	21.2102
603	21.2102
604	21.2102
605	21.2102
606	21.2102
607	21.2102
608	21.2102
609	21.2102
610	21.2102
611	21.2102
612	21.2102
613	21.2102
614	21.2102
615	21.2102
616	21.2102
617	21.2102
618	21.2102
619	21.2102
620	21.2102
621	21.2102
622	21.2102
623	21.2102
624	21.2102
625	21.2102
626	21.2102
627	21.2102
628	21.2102
629	21.2102
630	21.2102
631	21.2102
632	21.2102
633	21.2102
634	21.2102
635	21.2102
636	21.2102
637	21.2102
638	21.2102
639	21.2102
640	21.2102
641	21.2102
642	21.2102
643	21.2102
644	21.2102
645	21.2102
646	21.2102
647	21.2102
648	21.2102
649	21.2102
650	21.2102
651	21.2102
652	21.2102
653	21.2102
654	21.2102
655	21.2102
656	21.2102
657	21.2102
658	21.2102
659	21.2102
660	21.2102
661	21.2102
662	21.2102
663	21.2102
664	21.2102
665	21.2102
666	21.2102
667	21.2102
668	21.2102
669	21.2102
670	21.2102
671	21.2102
672	21.2102
673	21.2102
674	21.2102
675	21.2102
676	21.2102
677	21.2102
678	21.2102
679	21.2102
680	21.2102
681	21.2102
682	21.2102
683	21.2102
684	21.2102
685	21.2102
686	21.2102
687	21.2102
688	21.2102
689	21.2102
690	21.2102
691	21.2102
692	21.2102
693	21.2102
694	21.2102
695	21.2102
696	21.2102
697	21.2102
698	21.2102
699	21.2102
700	21.2102
701	21.2102
702	21.2102
703	21.2102
704	21.2102
705	21.2102
706	21.2102
707	21.2102
708	21.2102
709	21.2102
710	21.2102
711	21.2102
712	21.2102
713	21.2102
714	21.2102
715	21.2102
716	21.2102
717	21.2102
718	21.2102
719	21.2102
720	21.2102
721	21.2102
722	21.2102
723	21.2102
724	21.2102
725	21.2102
726	21.2102
727	21.2102
728	21.2102
729	21.2102
730	21.2102
731	21.2102
732	21.2102
733	21.2102
734	21.2102
735	21.2102
736	21.2102
737	21.2102
738	21.2102
739	21.2102
740	21.2102
741	21.2102
742	21.2102
743	21.2102
744	21.2102
745	21.2102
746	21.2102
747	21.2102
748	21.2102
749	21.2102
750	21.2102
751	21.2102
752	21.2102
753	21.2102
754	21.2102
755	21.2124
