Ne averages over 40 independent estimates.
Generation	Geometric_mean
1	25.0257
2	25.0257
3	25.0257
4	25.0257
5	25.251
6	28.0879
7	34.4378
8	47.0387
9	131.825
10	234.258
11	272.871
12	277.361
13	281.969
14	389.527
15	413.81
16	427.73
17	427.207
18	464.508
19	465.473
20	475.938
21	578.292
22	656.957
23	742.632
24	873.693
25	1137.17
26	1231.78
27	1425.76
28	1618.63
29	1605.51
30	1577.66
31	1546.15
32	1532.81
33	1646.72
34	1680.98
35	1790.67
36	1807.76
37	1833.48
38	1841.79
39	1890.08
40	1952.26
41	2024.43
42	2037.93
43	2057.6
44	2098.64
45	2089.03
46	2094.15
47	2072.9
48	2090.89
49	2085.07
50	2101.74
51	2134.81
52	2181.39
53	2187.31
54	2234.46
55	2229.25
56	2216.92
57	2190.92
58	2183.45
59	2185.7
60	2168.12
61	2135.04
62	2141.37
63	2039.63
64	1937.26
65	1720.61
66	1682.87
67	1653.41
68	1627.22
69	1535.89
70	1510.22
71	1481.96
72	1358.47
73	1328.6
74	1297.54
75	1261.33
76	1071.9
77	1022.51
78	1004.13
79	979.144
80	944.382
81	939.692
82	845.659
83	811.046
84	801.767
85	751.003
86	808.287
87	800.37
88	797.093
89	790.19
90	692.689
91	726.377
92	724.195
93	740.867
94	846.589
95	847.652
96	857.03
97	903.086
98	883.154
99	892.835
100	1049.79
101	1142.52
102	1252.15
103	1248.89
104	1344.77
105	1353.11
106	1362.6
107	1350.19
108	1374.06
109	1382.85
110	1350.89
111	1324.77
112	1289.01
113	1226.83
114	1201.28
115	1201.84
116	1194.4
117	1161.63
118	1137.79
119	1067.66
120	990.33
121	930.663
122	900.103
123	876.825
124	860.648
125	851.452
126	820.319
127	803.341
128	788.506
129	753.006
130	713.472
131	694.943
132	687.513
133	684.815
134	678.308
135	678.254
136	668.965
137	624.881
138	608.054
139	569.268
140	523.854
141	482.91
142	470.43
143	462.007
144	441.004
145	425.65
146	417.847
147	413.664
148	410.048
149	406.516
150	402.508
151	396.913
152	390.42
153	377.441
154	379.307
155	376.199
156	375.567
157	373.003
158	369.342
159	363.725
160	363.114
161	364.872
162	367.71
163	364.691
164	360.893
165	358.94
166	354.699
167	355.83
168	357.918
169	353.385
170	345.765
171	310.339
172	279.919
173	272.221
174	266.125
175	253.921
176	238.785
177	218.638
178	203.418
179	193.453
180	184.334
181	179.799
182	177.303
183	165.911
184	155.429
185	145.368
186	136.677
187	121.222
188	109.093
189	101.671
190	96.743
191	89.6105
192	86.3863
193	78.5177
194	74.7679
195	72.3902
196	69.8166
197	65.9659
198	64.7101
199	62.0927
200	60.8251
201	56.742
202	53.4433
203	52.2822
204	49.4409
205	48.9346
206	48.3416
207	46.2443
208	40.1363
209	37.9264
210	36.1488
211	34.4221
212	34.1554
213	33.0353
214	33.0869
215	32.152
216	31.4841
217	31.0254
218	30.6777
219	30.7173
220	28.7987
221	26.6898
222	25.7274
223	25.6069
224	25.3636
225	25.3695
226	25.0974
227	24.8864
228	24.2833
229	23.6873
230	23.6874
231	23.6594
232	23.6617
233	23.5959
234	23.6111
235	23.5861
236	23.6736
237	23.6814
238	23.6072
239	23.4413
240	23.2263
241	23.1585
242	23.1021
243	23.16
244	23.1881
245	23.2418
246	23.2
247	23.3144
248	23.3072
249	23.5026
250	23.6421
251	23.712
252	23.7266
253	23.7414
254	23.7332
255	23.7607
256	23.7984
257	23.8327
258	23.8284
259	23.8506
260	23.8816
261	23.8712
262	23.8712
263	23.8685
264	23.8741
265	23.8839
266	23.9292
267	23.9605
268	24.0125
269	24.0316
270	24.0469
271	24.0875
272	24.1328
273	24.1226
274	24.1226
275	24.1251
276	24.1044
277	24.0338
278	23.9358
279	23.8766
280	23.7625
281	23.7096
282	23.7289
283	23.7047
284	23.6941
285	23.6777
286	23.6818
287	23.6327
288	23.5195
289	23.4635
290	23.334
291	23.288
292	23.2056
293	23.1181
294	23.0211
295	22.9433
296	22.929
297	22.929
298	22.891
299	22.8758
300	22.8834
301	22.8498
302	22.869
303	23.0054
304	23.0192
305	23.0432
306	23.0198
307	23.0198
308	23.0188
309	23.0154
310	23.0116
311	23.0026
312	23.0208
313	23.0204
314	23.0161
315	23.0108
316	23.0098
317	22.9993
318	22.9929
319	23.0386
320	23.0613
321	23.0999
322	23.1199
323	23.1989
324	23.2153
325	23.214
326	23.1986
327	23.2328
328	23.2346
329	23.2352
330	23.2352
331	23.2221
332	23.2204
333	23.2276
334	23.2311
335	23.2341
336	23.2451
337	23.2414
338	23.2236
339	23.2557
340	23.2462
341	23.2523
342	23.3022
343	23.3319
344	23.3447
345	23.3674
346	23.3796
347	23.3607
348	23.4012
349	23.4012
350	23.3931
351	23.416
352	23.4623
353	23.5101
354	23.5676
355	23.6186
356	23.6521
357	23.5931
358	23.5439
359	23.3164
360	23.2229
361	23.1002
362	23.1257
363	23.1257
364	23.1236
365	23.1082
366	23.1008
367	23.0977
368	23.0977
369	23.1034
370	23.1057
371	23.1057
372	23.1057
373	23.1057
374	23.1048
375	23.2097
376	23.3436
377	23.4776
378	23.5359
379	23.6804
380	23.7555
381	23.7555
382	23.7555
383	23.7555
384	23.7909
385	23.7951
386	23.7632
387	23.7353
388	23.6687
389	23.6754
390	23.6883
391	23.691
392	23.6928
393	23.6928
394	23.6928
395	23.6925
396	23.6925
397	23.6925
398	23.6925
399	23.6925
400	23.6925
401	23.6925
402	23.6925
403	23.6925
404	23.6978
405	23.6957
406	23.7015
407	23.7015
408	23.7023
409	23.727
410	23.7803
411	23.8278
412	23.8572
413	23.8197
414	23.8178
415	23.8437
416	23.8437
417	23.8947
418	23.9126
419	23.9126
420	23.9048
421	23.9051
422	23.8992
423	23.89
424	23.89
425	23.89
426	23.89
427	23.89
428	23.8771
429	23.8771
430	23.8901
431	23.8923
432	23.8717
433	23.869
434	23.8587
435	23.8316
436	23.8316
437	23.8194
438	23.8145
439	23.8145
440	23.8187
441	23.8187
442	23.8817
443	23.8809
444	23.9308
445	23.9445
446	23.9445
447	23.9781
448	23.9781
449	23.9716
450	23.9648
451	23.9565
452	23.9501
453	23.9448
454	23.9448
455	23.9448
456	23.9448
457	23.9448
458	23.9448
459	23.9448
460	23.947
461	23.947
462	23.9396
463	23.9358
464	23.942
465	23.942
466	23.942
467	23.9755
468	24.0026
469	24.0117
470	24.0085
471	24.0167
472	24.0369
473	24.0369
474	24.0369
475	24.0369
476	23.969
477	23.9424
478	23.9466
479	23.8978
480	23.8757
481	23.8446
482	23.8446
483	23.8446
484	23.8446
485	23.8446
486	23.8446
487	23.8446
488	23.8446
489	23.8446
490	23.8446
491	23.8446
492	23.8446
493	23.8446
494	23.8446
495	23.8446
496	23.8446
497	23.8446
498	23.8446
499	23.8446
500	23.8446
501	23.8446
502	23.8446
503	23.8446
504	23.8446
505	23.8446
506	23.8446
507	23.8446
508	23.8446
509	23.8446
510	23.8446
511	23.8446
512	23.8446
513	23.8446
514	23.8446
515	23.8446
516	23.8446
517	23.8446
518	23.8446
519	23.8446
520	23.8446
521	23.8446
522	23.8446
523	23.8446
524	23.8446
525	23.8446
526	23.8446
527	23.8446
528	23.8446
529	23.8446
530	23.8446
531	23.8446
532	23.8446
533	23.8446
534	23.8446
535	23.8446
536	23.8446
537	23.8446
538	23.8446
539	23.8446
540	23.8446
541	23.8446
542	23.8446
543	23.8446
544	23.8446
545	23.8446
546	23.8446
547	23.8446
548	23.8446
549	23.8446
550	23.8446
551	23.8446
552	23.8446
553	23.8446
554	23.8446
555	23.8446
556	23.8446
557	23.8446
558	23.8446
559	23.8446
560	23.8446
561	23.8446
562	23.8446
563	23.8446
564	23.8446
565	23.8446
566	23.8446
567	23.8446
568	23.8446
569	23.8446
570	23.8446
571	23.8446
572	23.8446
573	23.8446
574	23.8446
575	23.8446
576	23.8446
577	23.8446
578	23.8446
579	23.8446
580	23.8446
581	23.8446
582	23.8446
583	23.8446
584	23.8446
585	23.8446
586	23.8446
587	23.8446
588	23.8446
589	23.8446
590	23.8446
591	23.8446
592	23.8446
593	23.8446
594	23.8446
595	23.8446
596	23.8446
597	23.8446
598	23.8446
599	23.8446
600	23.8446
601	23.8446
602	23.8446
603	23.8446
604	23.8446
605	23.8446
606	23.8446
607	23.8446
608	23.8446
609	23.8446
610	23.8446
611	23.8446
612	23.8446
613	23.8446
614	23.8446
615	23.8446
616	23.8446
617	23.8446
618	23.8446
619	23.8446
620	23.8446
621	23.8446
622	23.8446
623	23.8446
624	23.8446
625	23.8446
626	23.8446
627	23.8446
628	23.8446
629	23.8446
630	23.8446
631	23.8446
632	23.8446
633	23.8446
634	23.8446
635	23.8446
636	23.8446
637	23.8446
638	23.8446
639	23.8446
640	23.8446
641	23.8446
642	23.8446
643	23.8446
644	23.8446
645	23.8446
646	23.8446
647	23.8446
648	23.8446
649	23.8446
650	23.8446
651	23.8446
652	23.8446
653	23.8446
654	23.8446
655	23.8446
656	23.8446
657	23.8446
658	23.8446
659	23.8446
660	23.8446
661	23.8446
662	23.8446
663	23.8446
664	23.8446
665	23.8446
666	23.8446
667	23.8446
668	23.8446
669	23.8446
670	23.8446
671	23.8446
672	23.8446
673	23.8446
674	23.8446
675	23.8446
676	23.8446
677	23.8446
678	23.8446
679	23.8446
680	23.8446
681	23.8446
682	23.8446
683	23.8446
684	23.8446
685	23.8446
686	23.8446
687	23.8446
688	23.8446
689	23.8446
690	23.8446
691	23.8446
692	23.8446
693	23.8446
694	23.8446
695	23.8446
696	23.8446
697	23.8446
698	23.8446
699	23.8446
700	23.8446
701	23.8446
702	23.8446
703	23.8446
704	23.8446
705	23.8446
706	23.8446
707	23.8446
708	23.8446
709	23.8446
710	23.8446
711	23.8446
712	23.8446
713	23.8446
714	23.8446
715	23.8446
716	23.8446
717	23.8446
718	23.8446
719	23.8446
720	23.8446
721	23.8446
722	23.8446
723	23.8446
724	23.8446
725	23.8446
726	23.8446
727	23.8446
728	23.8446
729	23.8446
730	23.8446
731	23.8446
732	23.8446
733	23.8446
734	23.8446
735	23.8446
736	23.8446
737	23.8446
738	23.8446
739	23.8446
740	23.8446
741	23.8446
742	23.8446
743	23.8446
744	23.8446
745	23.8446
746	23.8446
747	23.8446
748	23.8446
749	23.8446
750	23.8446
751	23.8446
752	23.8446
753	23.8446
754	23.8446
755	24.0765
