Ne averages over 40 independent estimates.
Generation	Geometric_mean
1	22.8622
2	22.8622
3	22.8622
4	22.8622
5	24.0662
6	30.5422
7	38.1674
8	48.5781
9	128.072
10	237.471
11	304.377
12	314.1
13	328.771
14	435.294
15	443.739
16	431.272
17	484.791
18	478.49
19	528.233
20	655.037
21	700.18
22	774.465
23	793.252
24	885.382
25	1017.32
26	1080.93
27	1136.49
28	1196.99
29	1301.86
30	1421.55
31	1447.06
32	1503.99
33	1801.98
34	1964.17
35	1995.22
36	2066.59
37	2112.28
38	2157.58
39	2152.63
40	2165.74
41	2166.72
42	2165.62
43	2218.71
44	2305.53
45	2349.7
46	2397.91
47	2393.07
48	2356.72
49	2326.23
50	2283.74
51	2338.62
52	2372.43
53	2370.22
54	2394.85
55	2426.28
56	2413.66
57	2398.79
58	2335.38
59	2316.01
60	2296.35
61	2331.51
62	2399.75
63	2410.15
64	2422.71
65	2447.17
66	2482.22
67	2470.35
68	2437.53
69	2373.78
70	2328.01
71	2244.08
72	2161.59
73	2072.52
74	1787.93
75	1821.23
76	1883.46
77	1913.24
78	1689.73
79	1655.39
80	1608.86
81	1536.56
82	1515.86
83	1583.58
84	1564.39
85	1510.34
86	1637.42
87	1580.47
88	1431.86
89	1398.74
90	1284.41
91	1302.76
92	1238.81
93	1252.17
94	1142.69
95	1140.54
96	1154.38
97	1162.32
98	1180.58
99	1163.08
100	1172.27
101	1431.04
102	1492.21
103	1597.68
104	1587.58
105	1617.75
106	1834.9
107	1958.95
108	1988.22
109	1958.79
110	1915.09
111	1936.7
112	1939.45
113	1946.28
114	1900.34
115	1817.33
116	1780.1
117	1770.35
118	1755.67
119	1732.79
120	1687.1
121	1617.53
122	1511.86
123	1408.84
124	1228.46
125	1042.49
126	931.218
127	855.11
128	776.505
129	735.497
130	724.371
131	703.789
132	688.408
133	675.161
134	676.135
135	631.515
136	626.908
137	623.45
138	615.535
139	612.164
140	572.313
141	548.739
142	527.69
143	513.926
144	507.035
145	496.381
146	492.246
147	485.586
148	476.625
149	470.483
150	466.895
151	456.598
152	453.677
153	451.038
154	448.634
155	443.772
156	440.816
157	437.486
158	433.657
159	431.885
160	428.308
161	420.565
162	416.842
163	413.324
164	409.142
165	407.813
166	408.862
167	408.221
168	408.085
169	408.657
170	406.175
171	400.384
172	385.983
173	385.33
174	372.143
175	365.489
176	327.935
177	307.132
178	291.612
179	266.174
180	249.791
181	214.978
182	191.018
183	175.798
184	163.741
185	144.071
186	127.867
187	111.4
188	96.7123
189	88.5101
190	83.6075
191	77.7675
192	76.5233
193	74.1858
194	72.2531
195	68.7277
196	63.0733
197	58.8358
198	53.7806
199	48.8402
200	46.2669
201	41.5204
202	39.585
203	38.1849
204	36.5725
205	36.1168
206	36.2401
207	36.3617
208	36.1842
209	35.0037
210	34.1976
211	33.3048
212	32.7599
213	30.658
214	28.6308
215	24.0334
216	23.5467
217	22.861
218	22.5701
219	22.3632
220	21.5842
221	21.4086
222	21.1006
223	21.2344
224	21.4567
225	21.5443
226	21.7317
227	21.7773
228	21.874
229	21.9038
230	21.9478
231	21.9487
232	21.9549
233	21.994
234	21.9295
235	21.9246
236	21.8971
237	21.9513
238	21.9388
239	21.9082
240	21.8214
241	21.7364
242	21.7255
243	21.736
244	21.6715
245	21.7273
246	21.6903
247	21.6399
248	21.6004
249	21.5508
250	21.5718
251	21.5545
252	21.505
253	21.4437
254	21.4308
255	21.5067
256	21.5496
257	21.5958
258	21.5911
259	21.7052
260	21.6978
261	21.6443
262	21.6541
263	21.6298
264	21.5763
265	21.5666
266	21.5776
267	21.5399
268	21.4464
269	21.4165
270	21.388
271	21.3796
272	21.3796
273	21.3796
274	21.3796
275	21.3617
276	21.3162
277	21.3024
278	21.2745
279	21.274
280	21.2831
281	21.2831
282	21.2665
283	21.2359
284	21.2363
285	21.2345
286	21.2342
287	21.2342
288	21.234
289	21.233
290	21.233
291	21.2362
292	21.2362
293	21.2305
294	21.2296
295	21.2255
296	21.1215
297	21.0403
298	20.9331
299	20.8805
300	20.824
301	20.8255
302	20.8228
303	20.8222
304	20.8853
305	20.9007
306	20.9253
307	20.9073
308	20.8719
309	20.8454
310	20.7997
311	20.7798
312	20.8702
313	20.9447
314	20.9514
315	20.9712
316	20.943
317	20.9214
318	20.9317
319	20.826
320	20.8273
321	20.8229
322	20.7747
323	20.7747
324	20.7378
325	20.7378
326	20.7373
327	20.7309
328	20.7281
329	20.7378
330	20.7471
331	20.7471
332	20.7471
333	20.7642
334	20.7594
335	20.7392
336	20.7459
337	20.7459
338	20.7373
339	20.713
340	20.6883
341	20.637
342	20.6116
343	20.6099
344	20.6153
345	20.6153
346	20.6153
347	20.6153
348	20.5954
349	20.5873
350	20.5873
351	20.5678
352	20.55
353	20.5417
354	20.541
355	20.5218
356	20.5218
357	20.5081
358	20.4697
359	20.4755
360	20.4761
361	20.4839
362	20.4848
363	20.4863
364	20.4974
365	20.5156
366	20.5733
367	20.6485
368	20.6972
369	20.7257
370	20.7541
371	20.7221
372	20.6887
373	20.6622
374	20.6549
375	20.6557
376	20.63
377	20.6052
378	20.5451
379	20.5608
380	20.5287
381	20.4708
382	20.4667
383	20.4659
384	20.4812
385	20.4812
386	20.4933
387	20.4858
388	20.4858
389	20.4968
390	20.5197
391	20.5347
392	20.5417
393	20.5417
394	20.5439
395	20.5439
396	20.5439
397	20.5551
398	20.5817
399	20.6108
400	20.5969
401	20.5801
402	20.5802
403	20.5796
404	20.5963
405	20.5976
406	20.5868
407	20.5815
408	20.5858
409	20.5858
410	20.5929
411	20.5991
412	20.6106
413	20.6106
414	20.6102
415	20.6092
416	20.6092
417	20.6092
418	20.6092
419	20.5964
420	20.5807
421	20.603
422	20.6105
423	20.6042
424	20.6285
425	20.635
426	20.635
427	20.641
428	20.6349
429	20.6256
430	20.6187
431	20.6104
432	20.6109
433	20.6109
434	20.6109
435	20.6222
436	20.665
437	20.6843
438	20.6838
439	20.6854
440	20.6921
441	20.7214
442	20.7281
443	20.7511
444	20.7987
445	20.8086
446	20.8228
447	20.8391
448	20.8552
449	20.8554
450	20.8488
451	20.846
452	20.8701
453	20.8711
454	20.869
455	20.8817
456	20.8817
457	20.8866
458	20.8877
459	20.8877
460	20.7913
461	20.6006
462	20.5263
463	20.5268
464	20.5226
465	20.5362
466	20.5414
467	20.5524
468	20.5524
469	20.5253
470	20.5253
471	20.4963
472	20.4963
473	20.4963
474	20.4975
475	20.4975
476	20.4975
477	20.4975
478	20.4975
479	20.4975
480	20.4975
481	20.4975
482	20.4964
483	20.4918
484	20.4884
485	20.4691
486	20.4654
487	20.4654
488	20.4654
489	20.4654
490	20.4654
491	20.4654
492	20.4654
493	20.4654
494	20.4654
495	20.4654
496	20.4654
497	20.4654
498	20.4654
499	20.4654
500	20.4654
501	20.4654
502	20.4654
503	20.4654
504	20.4654
505	20.4654
506	20.4654
507	20.4654
508	20.4654
509	20.4654
510	20.4654
511	20.4654
512	20.4654
513	20.4654
514	20.4654
515	20.4654
516	20.4654
517	20.4654
518	20.4654
519	20.4654
520	20.4654
521	20.4654
522	20.4654
523	20.4654
524	20.4654
525	20.4654
526	20.4654
527	20.4654
528	20.4654
529	20.4654
530	20.4654
531	20.4654
532	20.4654
533	20.4654
534	20.4654
535	20.4654
536	20.4654
537	20.4654
538	20.4654
539	20.4654
540	20.4654
541	20.4654
542	20.4654
543	20.4654
544	20.4654
545	20.4654
546	20.4654
547	20.4654
548	20.4654
549	20.4654
550	20.4654
551	20.4654
552	20.4654
553	20.4654
554	20.4654
555	20.4654
556	20.4654
557	20.4654
558	20.4654
559	20.4654
560	20.4654
561	20.4654
562	20.4654
563	20.4654
564	20.4654
565	20.4654
566	20.4654
567	20.4654
568	20.4654
569	20.4654
570	20.4654
571	20.4654
572	20.4654
573	20.4654
574	20.4654
575	20.4654
576	20.4654
577	20.4654
578	20.4654
579	20.4654
580	20.4654
581	20.4654
582	20.4654
583	20.4654
584	20.4654
585	20.4654
586	20.4654
587	20.4654
588	20.4654
589	20.4654
590	20.4654
591	20.4654
592	20.4654
593	20.4654
594	20.4654
595	20.4654
596	20.4654
597	20.4654
598	20.4654
599	20.4654
600	20.4654
601	20.4654
602	20.4654
603	20.4654
604	20.4654
605	20.4654
606	20.4654
607	20.4654
608	20.4654
609	20.4654
610	20.4654
611	20.4654
612	20.4654
613	20.4654
614	20.4654
615	20.4654
616	20.4654
617	20.4654
618	20.4654
619	20.4654
620	20.4654
621	20.4654
622	20.4654
623	20.4654
624	20.4654
625	20.4654
626	20.4654
627	20.4654
628	20.4654
629	20.4654
630	20.4654
631	20.4654
632	20.4654
633	20.4654
634	20.4654
635	20.4654
636	20.4654
637	20.4654
638	20.4654
639	20.4654
640	20.4654
641	20.4654
642	20.4654
643	20.4654
644	20.4654
645	20.4654
646	20.4654
647	20.4654
648	20.4654
649	20.4654
650	20.4654
651	20.4654
652	20.4654
653	20.4654
654	20.4654
655	20.4654
656	20.4654
657	20.4654
658	20.4654
659	20.4654
660	20.4654
661	20.4654
662	20.4654
663	20.4654
664	20.4654
665	20.4654
666	20.4654
667	20.4654
668	20.4654
669	20.4654
670	20.4654
671	20.4654
672	20.4654
673	20.4654
674	20.4654
675	20.4654
676	20.4654
677	20.4654
678	20.4654
679	20.4654
680	20.4654
681	20.4654
682	20.4654
683	20.4654
684	20.4654
685	20.4654
686	20.4654
687	20.4654
688	20.4654
689	20.4654
690	20.4654
691	20.4654
692	20.4654
693	20.4654
694	20.4654
695	20.4654
696	20.4654
697	20.4654
698	20.4654
699	20.4654
700	20.4654
701	20.4654
702	20.4654
703	20.4654
704	20.4654
705	20.4654
706	20.4654
707	20.4654
708	20.4654
709	20.4654
710	20.4654
711	20.4654
712	20.4654
713	20.4654
714	20.4654
715	20.4654
716	20.4654
717	20.4654
718	20.4654
719	20.4654
720	20.4654
721	20.4654
722	20.4654
723	20.4654
724	20.4654
725	20.4654
726	20.4654
727	20.4654
728	20.4654
729	20.4654
730	20.4654
731	20.4654
732	20.4654
733	20.4654
734	20.4654
735	20.4654
736	20.4654
737	20.4654
738	20.4654
739	20.4654
740	20.4654
741	20.4654
742	20.4654
743	20.4654
744	20.4654
745	20.4654
746	20.4654
747	20.4654
748	20.4654
749	20.4654
750	20.4654
751	20.4654
752	20.4654
753	20.4654
754	20.4654
755	19.9368
