Ne averages over 40 independent estimates.
Generation	Geometric_mean
1	22.2632
2	22.2632
3	22.2632
4	22.2632
5	27.6609
6	34.4344
7	37.0504
8	58.469
9	242.286
10	306.237
11	347.698
12	348.625
13	352.904
14	358.981
15	360.691
16	364.707
17	437.219
18	439.935
19	452.857
20	518.687
21	646.703
22	763.872
23	840.197
24	944.072
25	1005.42
26	1070.96
27	1231.57
28	1231.73
29	1423.09
30	1638.14
31	1714.5
32	1873.14
33	1912.7
34	1855.26
35	1834.5
36	1848.65
37	1876.47
38	1840.07
39	1865.93
40	1995.22
41	2036.75
42	2042.66
43	2066.93
44	2040.45
45	2021.03
46	2010.7
47	2018.65
48	2007.54
49	2024.1
50	2052.9
51	2072.2
52	2101.52
53	2107.86
54	2093.81
55	2065.68
56	2046.63
57	2044.42
58	2118.98
59	2213.57
60	2290.3
61	2317.87
62	2345.06
63	2351.01
64	2294.45
65	2218.06
66	2036.74
67	1926.98
68	1868.54
69	1760.14
70	1699.13
71	1657.06
72	1639.71
73	1642.88
74	1648.32
75	1620.05
76	1610.96
77	1592.33
78	1502.06
79	1452.81
80	1379.21
81	1157.07
82	1150.44
83	1021.23
84	857.237
85	827.846
86	812.601
87	806.579
88	683.812
89	734.483
90	697.429
91	725.078
92	667.761
93	655.198
94	701.684
95	698.536
96	702.608
97	825.265
98	911.757
99	949.535
100	1164.41
101	1174.68
102	1172.42
103	1172.52
104	1126.72
105	1206.8
106	1174.93
107	1099.08
108	1195.67
109	1180.33
110	1150.87
111	1129.2
112	1090.61
113	1110.41
114	1115.84
115	1124.65
116	1148.46
117	1159.09
118	1148.92
119	1155.75
120	1156.09
121	1076.66
122	1002.77
123	1012
124	1006.53
125	995.681
126	949.189
127	902.555
128	844.374
129	815.408
130	740.492
131	720.735
132	691.165
133	671.047
134	619.744
135	592.6
136	570.189
137	551.586
138	541.108
139	535.406
140	529.532
141	520.123
142	516.7
143	523.557
144	526.249
145	519.435
146	511.78
147	499.995
148	491.871
149	486.929
150	480.852
151	475.317
152	470.718
153	461.977
154	453.851
155	444.029
156	439.339
157	429.239
158	424.803
159	410.64
160	412.13
161	416.317
162	415.771
163	412.362
164	407.833
165	401.876
166	398.735
167	391.732
168	374.157
169	347.542
170	347.758
171	345.7
172	343.998
173	347.231
174	347.833
175	346.228
176	334.105
177	327.143
178	279.363
179	261.728
180	229.696
181	220.803
182	199.913
183	176.551
184	163.719
185	148.311
186	119.065
187	110.782
188	96.373
189	88.1992
190	80.9438
191	80.6561
192	78.6886
193	76.2718
194	73.5763
195	70.4546
196	68.9394
197	65.3418
198	62.4443
199	59.6243
200	54.9479
201	53.9927
202	53.4443
203	52.2349
204	50.7951
205	46.9258
206	42.6307
207	40.1279
208	38.3406
209	37.84
210	37.1827
211	36.3346
212	34.291
213	32.3492
214	31.6047
215	30.503
216	30.3781
217	29.6564
218	28.607
219	28.3345
220	28.0786
221	27.818
222	27.7353
223	27.2838
224	26.2877
225	25.6878
226	25.5674
227	25.6222
228	25.779
229	25.7712
230	25.832
231	25.6514
232	25.1978
233	24.2259
234	23.7256
235	22.9685
236	22.5227
237	22.5604
238	22.6526
239	22.7109
240	22.8131
241	22.8022
242	22.7398
243	22.7432
244	22.6211
245	22.588
246	22.5978
247	22.6193
248	22.7671
249	22.9367
250	22.9622
251	23.0456
252	23.0967
253	23.0975
254	23.1092
255	23.1092
256	23.1578
257	23.2126
258	23.2621
259	23.3392
260	23.3852
261	23.4075
262	23.441
263	23.4446
264	23.5409
265	23.6738
266	23.7105
267	23.6755
268	23.5889
269	23.574
270	23.5826
271	23.5748
272	23.5724
273	23.5488
274	23.5456
275	23.6163
276	23.6534
277	23.6708
278	23.6572
279	23.6441
280	23.6518
281	23.6354
282	23.5975
283	23.5664
284	23.5662
285	23.5625
286	23.5625
287	23.5602
288	23.528
289	23.5234
290	23.5206
291	23.49
292	23.4872
293	23.4839
294	23.4939
295	23.4911
296	23.4826
297	23.4749
298	23.4684
299	23.4676
300	23.4364
301	23.4503
302	23.4335
303	23.4116
304	23.4091
305	23.4091
306	23.4091
307	23.4091
308	23.4072
309	23.4072
310	23.4145
311	23.4145
312	23.4145
313	23.4145
314	23.4516
315	23.585
316	23.6461
317	23.7726
318	23.7587
319	23.7638
320	23.7638
321	23.7664
322	23.7664
323	23.7664
324	23.7824
325	23.7857
326	23.8162
327	23.8731
328	23.8838
329	23.7942
330	23.7379
331	23.4975
332	23.4371
333	23.4675
334	23.4684
335	23.5593
336	23.6209
337	23.6985
338	23.7384
339	23.7516
340	23.8428
341	23.8428
342	23.8428
343	23.8428
344	23.8428
345	23.8377
346	23.8331
347	23.8313
348	23.824
349	23.8181
350	23.8099
351	23.8169
352	23.8169
353	23.8229
354	23.8284
355	23.8239
356	23.8239
357	23.8239
358	23.8117
359	23.7818
360	23.7825
361	23.7638
362	23.6915
363	23.6805
364	23.6157
365	23.6157
366	23.531
367	23.4551
368	23.4473
369	23.3568
370	23.3141
371	23.2656
372	23.2341
373	23.2663
374	23.2612
375	23.2415
376	23.2277
377	23.2221
378	23.2015
379	23.1899
380	23.1733
381	23.1393
382	23.1185
383	23.0952
384	23.0557
385	23.0024
386	22.9946
387	22.98
388	22.98
389	22.9767
390	22.9682
391	22.9616
392	22.9524
393	22.9536
394	22.9441
395	22.9441
396	22.9534
397	22.9534
398	22.9534
399	22.9534
400	22.9591
401	22.9591
402	22.9591
403	22.9591
404	22.9591
405	22.9591
406	22.9591
407	22.9591
408	22.9591
409	22.9761
410	22.9761
411	22.9687
412	22.9585
413	22.9442
414	22.9052
415	22.8936
416	22.8623
417	22.8461
418	22.8184
419	22.8118
420	22.8077
421	22.8077
422	22.8237
423	22.8254
424	22.8581
425	22.9179
426	22.9162
427	22.935
428	22.8629
429	22.8498
430	22.8437
431	22.8437
432	22.8437
433	22.8288
434	22.7587
435	22.7466
436	22.697
437	22.6793
438	22.6498
439	22.6498
440	22.6347
441	22.6307
442	22.6448
443	22.6292
444	22.6209
445	22.5911
446	22.5386
447	22.4456
448	22.3886
449	22.354
450	22.3243
451	22.3243
452	22.3243
453	22.3243
454	22.3243
455	22.4075
456	22.4433
457	22.5253
458	22.6921
459	22.6936
460	22.6936
461	22.6968
462	22.7007
463	22.7041
464	22.7041
465	22.7041
466	22.7041
467	22.7041
468	22.7041
469	22.7041
470	22.7041
471	22.6956
472	22.6978
473	22.6978
474	22.6978
475	22.6923
476	22.6946
477	22.6862
478	22.6971
479	22.699
480	22.7108
481	22.7108
482	22.7108
483	22.71
484	22.71
485	22.71
486	22.71
487	22.71
488	22.71
489	22.71
490	22.71
491	22.71
492	22.71
493	22.71
494	22.71
495	22.71
496	22.71
497	22.71
498	22.71
499	22.71
500	22.71
501	22.71
502	22.71
503	22.71
504	22.71
505	22.71
506	22.71
507	22.71
508	22.71
509	22.71
510	22.71
511	22.71
512	22.71
513	22.71
514	22.71
515	22.71
516	22.71
517	22.71
518	22.71
519	22.71
520	22.71
521	22.71
522	22.71
523	22.71
524	22.71
525	22.71
526	22.71
527	22.71
528	22.71
529	22.71
530	22.71
531	22.71
532	22.71
533	22.71
534	22.71
535	22.71
536	22.71
537	22.71
538	22.71
539	22.71
540	22.71
541	22.71
542	22.71
543	22.71
544	22.71
545	22.71
546	22.71
547	22.71
548	22.71
549	22.71
550	22.71
551	22.71
552	22.71
553	22.71
554	22.71
555	22.71
556	22.71
557	22.71
558	22.71
559	22.71
560	22.71
561	22.71
562	22.71
563	22.71
564	22.71
565	22.71
566	22.71
567	22.71
568	22.71
569	22.71
570	22.71
571	22.71
572	22.71
573	22.71
574	22.71
575	22.71
576	22.71
577	22.71
578	22.71
579	22.71
580	22.71
581	22.71
582	22.71
583	22.71
584	22.71
585	22.71
586	22.71
587	22.71
588	22.71
589	22.71
590	22.71
591	22.71
592	22.71
593	22.71
594	22.71
595	22.71
596	22.71
597	22.71
598	22.71
599	22.71
600	22.71
601	22.71
602	22.71
603	22.71
604	22.71
605	22.71
606	22.71
607	22.71
608	22.71
609	22.71
610	22.71
611	22.71
612	22.71
613	22.71
614	22.71
615	22.71
616	22.71
617	22.71
618	22.71
619	22.71
620	22.71
621	22.71
622	22.71
623	22.71
624	22.71
625	22.71
626	22.71
627	22.71
628	22.71
629	22.71
630	22.71
631	22.71
632	22.71
633	22.71
634	22.71
635	22.71
636	22.71
637	22.71
638	22.71
639	22.71
640	22.71
641	22.71
642	22.71
643	22.71
644	22.71
645	22.71
646	22.71
647	22.71
648	22.71
649	22.71
650	22.71
651	22.71
652	22.71
653	22.71
654	22.71
655	22.71
656	22.71
657	22.71
658	22.71
659	22.71
660	22.71
661	22.71
662	22.71
663	22.71
664	22.71
665	22.71
666	22.71
667	22.71
668	22.71
669	22.71
670	22.71
671	22.71
672	22.71
673	22.71
674	22.71
675	22.71
676	22.71
677	22.71
678	22.71
679	22.71
680	22.71
681	22.71
682	22.71
683	22.71
684	22.71
685	22.71
686	22.71
687	22.71
688	22.71
689	22.71
690	22.71
691	22.71
692	22.71
693	22.71
694	22.71
695	22.71
696	22.71
697	22.71
698	22.71
699	22.71
700	22.71
701	22.71
702	22.71
703	22.71
704	22.71
705	22.71
706	22.71
707	22.71
708	22.71
709	22.71
710	22.71
711	22.71
712	22.71
713	22.71
714	22.71
715	22.71
716	22.71
717	22.71
718	22.71
719	22.71
720	22.71
721	22.71
722	22.71
723	22.71
724	22.71
725	22.71
726	22.71
727	22.71
728	22.71
729	22.71
730	22.71
731	22.71
732	22.71
733	22.71
734	22.71
735	22.71
736	22.71
737	22.71
738	22.71
739	22.71
740	22.71
741	22.71
742	22.71
743	22.71
744	22.71
745	22.71
746	22.71
747	22.71
748	22.71
749	22.71
750	22.71
751	22.71
752	22.71
753	22.71
754	22.71
755	22.9917
