Ne averages over 40 independent estimates.
Generation	Geometric_mean
1	22.3298
2	22.3298
3	22.3298
4	22.3298
5	25.9572
6	27.3735
7	35.4351
8	59.0321
9	219.834
10	295.187
11	323.784
12	322.826
13	354.891
14	388.774
15	392.534
16	404.811
17	423.542
18	423.779
19	431.334
20	445.407
21	501.886
22	519.535
23	629.761
24	723.338
25	885.991
26	928.156
27	1026.27
28	1056.17
29	1101.34
30	1346.66
31	1568.12
32	1663.15
33	1720.75
34	1777.64
35	1741.6
36	1737.7
37	1770.05
38	1833.75
39	1989.61
40	1962.55
41	1973.72
42	1938.36
43	1984.55
44	2006.45
45	2066.67
46	2103.64
47	2112.92
48	2141.29
49	2292.04
50	2346.6
51	2322.02
52	2283.69
53	2254.88
54	2196.96
55	2220.21
56	2223.12
57	2256.57
58	2304.11
59	2309.47
60	2292.71
61	2362.5
62	2390.23
63	2410.36
64	2403.87
65	2417.51
66	2295.35
67	2263.26
68	2192.23
69	2131.75
70	2117.02
71	2010.6
72	1966.6
73	1934.51
74	1892.25
75	1832.8
76	1623.96
77	1578.86
78	1533.28
79	1525.06
80	1398.64
81	1382.88
82	1309.61
83	1161.81
84	1113.71
85	940.783
86	943.772
87	939.256
88	968.536
89	880.141
90	816.616
91	772.781
92	718.989
93	806.982
94	805.898
95	814.809
96	832.848
97	1123.42
98	1208.8
99	1307.04
100	1335.91
101	1430.42
102	1458.01
103	1509.15
104	1611.25
105	1559.25
106	1520.61
107	1455.58
108	1460.71
109	1450.19
110	1432.54
111	1445.04
112	1467.35
113	1475.78
114	1473.6
115	1425.58
116	1322.36
117	1242.34
118	1175.29
119	1081.05
120	1030.84
121	980.04
122	938.721
123	914.775
124	886.071
125	860.515
126	845.042
127	804.404
128	780.414
129	784.225
130	784.339
131	782.754
132	788.765
133	787.716
134	763.107
135	718.88
136	701.404
137	660.956
138	616.498
139	603.411
140	591.5
141	594.959
142	584.407
143	572.798
144	570.287
145	561.606
146	535.381
147	514.214
148	498.825
149	494.285
150	485.015
151	472.251
152	458.195
153	456.301
154	452.044
155	447.657
156	431.687
157	417.55
158	407.786
159	398.539
160	390.178
161	387.919
162	383.348
163	377.502
164	371.559
165	366.349
166	365.242
167	363.739
168	362.114
169	355.679
170	355.083
171	335.835
172	328.054
173	313.402
174	295.115
175	292.567
176	285.462
177	277.557
178	267.039
179	252.162
180	239.967
181	224.315
182	210.518
183	191.579
184	189.863
185	179.651
186	172.795
187	159.313
188	141.786
189	127.498
190	107.997
191	101.862
192	97.6767
193	97.1922
194	94.1591
195	91.1851
196	80.4571
197	66.9122
198	58.5253
199	50.1223
200	44.9421
201	40.728
202	39.2159
203	38.9347
204	36.7203
205	34.8755
206	34.3529
207	33.5765
208	33.73
209	32.9268
210	32.7494
211	32.3024
212	30.9884
213	29.495
214	28.9721
215	28.8532
216	28.617
217	28.4259
218	27.8898
219	27.4792
220	26.879
221	25.3811
222	24.5024
223	24.2698
224	24.0943
225	24.1079
226	23.9687
227	23.7809
228	23.8083
229	23.9629
230	24.232
231	24.4396
232	24.5864
233	24.3675
234	24.247
235	24.1606
236	24.0192
237	24.1655
238	24.2412
239	24.2475
240	24.3692
241	24.248
242	24.025
243	24.0835
244	23.9138
245	23.7997
246	23.6415
247	23.6012
248	23.5573
249	23.5265
250	23.508
251	23.4859
252	23.4755
253	23.4656
254	23.6783
255	23.7471
256	23.8946
257	24.1574
258	24.1562
259	24.1454
260	24.1448
261	24.1428
262	24.1415
263	24.1415
264	24.1959
265	24.184
266	24.234
267	24.2825
268	24.4382
269	24.5885
270	24.6406
271	24.6479
272	24.6463
273	24.6484
274	24.6484
275	24.6506
276	24.6444
277	24.6476
278	24.651
279	24.6299
280	24.646
281	24.6583
282	24.6503
283	24.6497
284	24.6485
285	24.6493
286	24.6358
287	24.6306
288	24.6298
289	24.6096
290	24.623
291	24.6723
292	24.7303
293	24.7323
294	24.7323
295	24.7596
296	24.7754
297	24.7754
298	24.6735
299	24.5224
300	24.3785
301	24.2782
302	24.2834
303	24.2911
304	24.291
305	24.2942
306	24.2677
307	24.2642
308	24.2642
309	24.2642
310	24.2672
311	24.306
312	24.3333
313	24.4196
314	24.468
315	24.522
316	24.5456
317	24.6015
318	24.5804
319	24.5246
320	24.5067
321	24.492
322	24.4639
323	24.4344
324	24.4562
325	24.4687
326	24.3438
327	24.3324
328	24.3324
329	24.3466
330	24.3466
331	24.3188
332	24.3188
333	24.3188
334	24.3188
335	24.3189
336	24.3189
337	24.3189
338	24.3181
339	24.3098
340	24.3289
341	24.3574
342	24.3875
343	24.4014
344	24.4653
345	24.4642
346	24.537
347	24.5736
348	24.5834
349	24.5869
350	24.5914
351	24.6347
352	24.7402
353	24.7948
354	24.815
355	24.8622
356	24.8571
357	24.8534
358	24.8477
359	24.8511
360	24.841
361	24.8346
362	24.8165
363	24.8195
364	24.8118
365	24.8084
366	24.8152
367	24.8152
368	24.8065
369	24.8045
370	24.8759
371	24.9193
372	24.9286
373	24.955
374	24.9675
375	24.9215
376	24.8912
377	24.8406
378	24.8022
379	24.7908
380	24.7799
381	24.7752
382	24.7525
383	24.7355
384	24.7444
385	24.7444
386	24.7518
387	24.7518
388	24.749
389	24.7464
390	24.7485
391	24.7485
392	24.7485
393	24.7454
394	24.7835
395	24.8473
396	24.9603
397	24.9197
398	24.9237
399	24.9902
400	24.9936
401	24.9969
402	25.0431
403	25.0413
404	25.0413
405	25.044
406	25.0525
407	25.0525
408	25.079
409	25.0838
410	25.0794
411	25.0794
412	25.0794
413	25.0794
414	25.0794
415	25.0794
416	25.0794
417	25.0794
418	25.0794
419	25.0794
420	25.0794
421	25.0794
422	25.0794
423	25.0794
424	25.0794
425	25.0789
426	25.0632
427	25.0695
428	25.0695
429	25.0695
430	25.0849
431	25.0849
432	25.0757
433	25.0761
434	25.0761
435	25.0761
436	25.0825
437	25.0825
438	25.088
439	25.0895
440	25.0767
441	25.0958
442	25.0942
443	25.1039
444	25.061
445	24.9358
446	24.8872
447	24.7343
448	24.6017
449	24.4744
450	24.4639
451	24.4852
452	24.4498
453	24.463
454	24.4668
455	24.4968
456	24.4941
457	24.4867
458	24.5172
459	24.5747
460	24.5542
461	24.5708
462	24.5792
463	24.5792
464	24.564
465	24.5363
466	24.5501
467	24.5501
468	24.5303
469	24.5162
470	24.4894
471	24.4648
472	24.4497
473	24.4379
474	24.4501
475	24.4501
476	24.5327
477	24.5327
478	24.6118
479	24.673
480	24.7061
481	24.7369
482	24.7369
483	24.7369
484	24.7369
485	24.7369
486	24.7369
487	24.7369
488	24.7369
489	24.7369
490	24.7369
491	24.7369
492	24.7369
493	24.7369
494	24.7369
495	24.7369
496	24.7369
497	24.7369
498	24.7369
499	24.7369
500	24.7369
501	24.7369
502	24.7369
503	24.7369
504	24.7369
505	24.7369
506	24.7369
507	24.7369
508	24.7369
509	24.7369
510	24.7369
511	24.7369
512	24.7369
513	24.7369
514	24.7369
515	24.7369
516	24.7369
517	24.7369
518	24.7369
519	24.7369
520	24.7369
521	24.7369
522	24.7369
523	24.7369
524	24.7369
525	24.7369
526	24.7369
527	24.7369
528	24.7369
529	24.7369
530	24.7369
531	24.7369
532	24.7369
533	24.7369
534	24.7369
535	24.7369
536	24.7369
537	24.7369
538	24.7369
539	24.7369
540	24.7369
541	24.7369
542	24.7369
543	24.7369
544	24.7369
545	24.7369
546	24.7369
547	24.7369
548	24.7369
549	24.7369
550	24.7369
551	24.7369
552	24.7369
553	24.7369
554	24.7369
555	24.7369
556	24.7369
557	24.7369
558	24.7369
559	24.7369
560	24.7369
561	24.7369
562	24.7369
563	24.7369
564	24.7369
565	24.7369
566	24.7369
567	24.7369
568	24.7369
569	24.7369
570	24.7369
571	24.7369
572	24.7369
573	24.7369
574	24.7369
575	24.7369
576	24.7369
577	24.7369
578	24.7369
579	24.7369
580	24.7369
581	24.7369
582	24.7369
583	24.7369
584	24.7369
585	24.7369
586	24.7369
587	24.7369
588	24.7369
589	24.7369
590	24.7369
591	24.7369
592	24.7369
593	24.7369
594	24.7369
595	24.7369
596	24.7369
597	24.7369
598	24.7369
599	24.7369
600	24.7369
601	24.7369
602	24.7369
603	24.7369
604	24.7369
605	24.7369
606	24.7369
607	24.7369
608	24.7369
609	24.7369
610	24.7369
611	24.7369
612	24.7369
613	24.7369
614	24.7369
615	24.7369
616	24.7369
617	24.7369
618	24.7369
619	24.7369
620	24.7369
621	24.7369
622	24.7369
623	24.7369
624	24.7369
625	24.7369
626	24.7369
627	24.7369
628	24.7369
629	24.7369
630	24.7369
631	24.7369
632	24.7369
633	24.7369
634	24.7369
635	24.7369
636	24.7369
637	24.7369
638	24.7369
639	24.7369
640	24.7369
641	24.7369
642	24.7369
643	24.7369
644	24.7369
645	24.7369
646	24.7369
647	24.7369
648	24.7369
649	24.7369
650	24.7369
651	24.7369
652	24.7369
653	24.7369
654	24.7369
655	24.7369
656	24.7369
657	24.7369
658	24.7369
659	24.7369
660	24.7369
661	24.7369
662	24.7369
663	24.7369
664	24.7369
665	24.7369
666	24.7369
667	24.7369
668	24.7369
669	24.7369
670	24.7369
671	24.7369
672	24.7369
673	24.7369
674	24.7369
675	24.7369
676	24.7369
677	24.7369
678	24.7369
679	24.7369
680	24.7369
681	24.7369
682	24.7369
683	24.7369
684	24.7369
685	24.7369
686	24.7369
687	24.7369
688	24.7369
689	24.7369
690	24.7369
691	24.7369
692	24.7369
693	24.7369
694	24.7369
695	24.7369
696	24.7369
697	24.7369
698	24.7369
699	24.7369
700	24.7369
701	24.7369
702	24.7369
703	24.7369
704	24.7369
705	24.7369
706	24.7369
707	24.7369
708	24.7369
709	24.7369
710	24.7369
711	24.7369
712	24.7369
713	24.7369
714	24.7369
715	24.7369
716	24.7369
717	24.7369
718	24.7369
719	24.7369
720	24.7369
721	24.7369
722	24.7369
723	24.7369
724	24.7369
725	24.7369
726	24.7369
727	24.7369
728	24.7369
729	24.7369
730	24.7369
731	24.7369
732	24.7369
733	24.7369
734	24.7369
735	24.7369
736	24.7369
737	24.7369
738	24.7369
739	24.7369
740	24.7369
741	24.7369
742	24.7369
743	24.7369
744	24.7369
745	24.7369
746	24.7369
747	24.7369
748	24.7369
749	24.7369
750	24.7369
751	24.7369
752	24.7369
753	24.7369
754	24.7369
755	24.4712
