Ne averages over 40 independent estimates.
Generation	Geometric_mean
1	21.5041
2	21.5041
3	21.5041
4	21.5041
5	27.2408
6	31.6969
7	51.4197
8	82.0625
9	203.023
10	241.024
11	242.109
12	238.987
13	246.849
14	273.713
15	277.299
16	310.395
17	389.377
18	401.358
19	425.075
20	467.741
21	571.846
22	607.998
23	773.081
24	913.794
25	1197.71
26	1146.32
27	1320.68
28	1390.55
29	1697.89
30	1756.06
31	1751.63
32	1756.01
33	1811
34	1956.82
35	1968.07
36	2009.56
37	2144.11
38	2166.7
39	2142.8
40	2122.73
41	2059.6
42	2031.51
43	2027.74
44	2011.02
45	2011.42
46	2035.79
47	2041.89
48	2019.19
49	1987.46
50	1982.36
51	1969.63
52	1935.28
53	1945.45
54	1925.7
55	1905.39
56	1867.45
57	1844.87
58	1826.67
59	1829.04
60	1846.52
61	1886.21
62	1899.21
63	1913.65
64	1938
65	1944.03
66	1908.99
67	1811.24
68	1673.33
69	1604.7
70	1566.75
71	1581.05
72	1660.62
73	1663.77
74	1616.39
75	1559.64
76	1518.18
77	1487.83
78	1490.89
79	1487.64
80	1382.77
81	1252.59
82	1239.03
83	1045.25
84	828.74
85	696.33
86	699.298
87	696.834
88	694.443
89	710.475
90	730.295
91	788.967
92	755.413
93	841.584
94	932.016
95	931.899
96	864.942
97	879.419
98	919.182
99	932.661
100	1097.91
101	1186.98
102	1217.57
103	1243.57
104	1230.91
105	1236.37
106	1280.66
107	1367.64
108	1374.84
109	1370.48
110	1380.32
111	1361.41
112	1368.5
113	1364.08
114	1380.4
115	1355.44
116	1246.92
117	1187.56
118	1150.34
119	1101.56
120	1071.94
121	1071.54
122	1061.47
123	1027.83
124	1006.37
125	967.01
126	902.065
127	798.574
128	685.019
129	632.7
130	613.074
131	592.66
132	569.264
133	545.544
134	516.363
135	494.409
136	476.988
137	469.324
138	471.168
139	467.228
140	463.47
141	455.633
142	447.01
143	434.833
144	430.723
145	423.663
146	421.848
147	419.164
148	415.705
149	391.094
150	388.591
151	386.826
152	379.232
153	368.891
154	353.957
155	348.527
156	346.113
157	341.459
158	333.41
159	330.459
160	324.918
161	318.764
162	312.858
163	290.57
164	288.526
165	282.311
166	274.602
167	274.37
168	271.197
169	268.863
170	261.357
171	244.492
172	230.54
173	221.401
174	222.129
175	221.696
176	217.281
177	216.705
178	204.698
179	190.933
180	181.363
181	171.298
182	159.959
183	144.245
184	131.776
185	119.229
186	108.338
187	102.771
188	98.2915
189	94.9672
190	85.8062
191	69.7561
192	63.1688
193	56.9287
194	50.0904
195	47.3354
196	40.6235
197	39.2316
198	36.9563
199	36.3457
200	36.0519
201	36.2327
202	36.4333
203	36.6264
204	36.4431
205	35.5842
206	34.644
207	33.5836
208	32.7
209	32.4429
210	32.2292
211	32.1821
212	32.3148
213	32.3318
214	31.9991
215	31.6237
216	30.1997
217	28.8781
218	28.397
219	27.1767
220	26.2495
221	25.6199
222	25.5246
223	25.4587
224	25.4174
225	25.2664
226	25.2165
227	25.1688
228	25.1334
229	25.0436
230	24.9938
231	25.0315
232	25.0745
233	24.9348
234	24.8754
235	24.8545
236	24.7979
237	24.6507
238	24.6468
239	24.5572
240	24.7188
241	24.7736
242	24.8102
243	24.9642
244	25.0349
245	25.0786
246	25.188
247	25.2098
248	25.241
249	25.2464
250	25.3584
251	25.4067
252	25.4016
253	25.4311
254	25.5386
255	25.5712
256	25.5938
257	25.5854
258	25.5854
259	25.5847
260	25.5898
261	25.5911
262	25.5895
263	25.5905
264	25.5797
265	25.5773
266	25.5956
267	25.5956
268	25.6069
269	25.6058
270	25.6038
271	25.6011
272	25.599
273	25.599
274	25.5817
275	26.6622
276	26.6572
277	27.0232
278	28.1702
279	28.5717
280	28.9563
281	28.9509
282	29.3621
283	29.3529
284	29.3529
285	29.3395
286	29.3395
287	29.3575
288	29.3337
289	29.3317
290	29.3074
291	29.3038
292	29.3038
293	29.3038
294	29.3038
295	29.334
296	29.334
297	29.336
298	29.336
299	29.3533
300	29.3571
301	29.3664
302	29.3495
303	29.3532
304	29.33
305	29.3076
306	29.2386
307	29.2512
308	29.2352
309	29.262
310	29.3807
311	29.5885
312	29.6814
313	29.659
314	29.6123
315	29.6395
316	29.6319
317	29.6189
318	29.6201
319	29.6434
320	29.6021
321	29.6169
322	29.6142
323	29.6142
324	29.6368
325	29.5791
326	29.5509
327	29.5586
328	29.6997
329	29.7085
330	29.6982
331	29.647
332	29.7442
333	29.7045
334	29.638
335	29.6197
336	29.6402
337	29.6264
338	29.7107
339	29.7445
340	29.8028
341	29.8494
342	29.8303
343	29.8245
344	29.838
345	29.8636
346	29.8616
347	29.8616
348	29.8471
349	29.8405
350	29.8452
351	29.8389
352	29.843
353	29.843
354	29.8446
355	29.8599
356	29.8599
357	29.8646
358	29.8643
359	29.887
360	29.9121
361	29.9412
362	29.982
363	30.0538
364	30.1206
365	30.1214
366	30.1234
367	30.1156
368	30.1052
369	30.091
370	30.091
371	30.0927
372	30.0927
373	30.0855
374	30.0855
375	30.0855
376	30.1579
377	30.1475
378	30.2128
379	30.2314
380	30.3517
381	30.3703
382	30.4018
383	30.4167
384	30.3779
385	30.3485
386	30.3615
387	30.3735
388	30.4253
389	30.4182
390	30.4014
391	30.405
392	30.4042
393	30.4042
394	30.4413
395	30.443
396	30.4865
397	30.5099
398	30.4601
399	30.4237
400	30.4008
401	30.4284
402	30.4771
403	30.5595
404	30.6436
405	30.6455
406	30.6971
407	30.7677
408	30.857
409	30.8811
410	30.9008
411	30.9248
412	31.0464
413	31.1213
414	31.1658
415	31.1792
416	31.0408
417	30.9905
418	30.9905
419	30.9905
420	30.9962
421	30.9894
422	30.9946
423	30.9575
424	30.9602
425	30.9625
426	30.9733
427	30.9325
428	30.798
429	30.6256
430	30.5808
431	30.3489
432	30.2655
433	30.2655
434	30.265
435	30.2421
436	30.1983
437	30.147
438	30.147
439	30.1453
440	30.1435
441	30.0986
442	30.1161
443	30.1488
444	30.1811
445	30.3457
446	30.3457
447	30.3457
448	30.375
449	30.376
450	30.3765
451	30.3448
452	30.3214
453	30.3037
454	30.3071
455	30.3428
456	30.3397
457	30.3449
458	30.4233
459	30.494
460	30.4749
461	30.4328
462	30.4507
463	30.3654
464	30.3493
465	30.3057
466	30.3057
467	30.2782
468	30.2782
469	30.2782
470	30.2782
471	30.2782
472	30.2782
473	30.2782
474	30.2735
475	30.2907
476	30.3161
477	30.3412
478	30.3419
479	30.3419
480	30.3282
481	30.3282
482	30.3282
483	30.3282
484	30.3282
485	30.3282
486	30.3282
487	30.3282
488	30.3282
489	30.3282
490	30.3282
491	30.3282
492	30.3282
493	30.3282
494	30.3282
495	30.3282
496	30.3282
497	30.3282
498	30.3282
499	30.3282
500	30.3282
501	30.3282
502	30.3282
503	30.3282
504	30.3282
505	30.3282
506	30.3282
507	30.3282
508	30.3282
509	30.3282
510	30.3282
511	30.3282
512	30.3282
513	30.3282
514	30.3282
515	30.3282
516	30.3282
517	30.3282
518	30.3282
519	30.3282
520	30.3282
521	30.3282
522	30.3282
523	30.3282
524	30.3282
525	30.3282
526	30.3282
527	30.3282
528	30.3282
529	30.3282
530	30.3282
531	30.3282
532	30.3282
533	30.3282
534	30.3282
535	30.3282
536	30.3282
537	30.3282
538	30.3282
539	30.3282
540	30.3282
541	30.3282
542	30.3282
543	30.3282
544	30.3282
545	30.3282
546	30.3282
547	30.3282
548	30.3282
549	30.3282
550	30.3282
551	30.3282
552	30.3282
553	30.3282
554	30.3282
555	30.3282
556	30.3282
557	30.3282
558	30.3282
559	30.3282
560	30.3282
561	30.3282
562	30.3282
563	30.3282
564	30.3282
565	30.3282
566	30.3282
567	30.3282
568	30.3282
569	30.3282
570	30.3282
571	30.3282
572	30.3282
573	30.3282
574	30.3282
575	30.3282
576	30.3282
577	30.3282
578	30.3282
579	30.3282
580	30.3282
581	30.3282
582	30.3282
583	30.3282
584	30.3282
585	30.3282
586	30.3282
587	30.3282
588	30.3282
589	30.3282
590	30.3282
591	30.3282
592	30.3282
593	30.3282
594	30.3282
595	30.3282
596	30.3282
597	30.3282
598	30.3282
599	30.3282
600	30.3282
601	30.3282
602	30.3282
603	30.3282
604	30.3282
605	30.3282
606	30.3282
607	30.3282
608	30.3282
609	30.3282
610	30.3282
611	30.3282
612	30.3282
613	30.3282
614	30.3282
615	30.3282
616	30.3282
617	30.3282
618	30.3282
619	30.3282
620	30.3282
621	30.3282
622	30.3282
623	30.3282
624	30.3282
625	30.3282
626	30.3282
627	30.3282
628	30.3282
629	30.3282
630	30.3282
631	30.3282
632	30.3282
633	30.3282
634	30.3282
635	30.3282
636	30.3282
637	30.3282
638	30.3282
639	30.3282
640	30.3282
641	30.3282
642	30.3282
643	30.3282
644	30.3282
645	30.3282
646	30.3282
647	30.3282
648	30.3282
649	30.3282
650	30.3282
651	30.3282
652	30.3282
653	30.3282
654	30.3282
655	30.3282
656	30.3282
657	30.3282
658	30.3282
659	30.3282
660	30.3282
661	30.3282
662	30.3282
663	30.3282
664	30.3282
665	30.3282
666	30.3282
667	30.3282
668	30.3282
669	30.3282
670	30.3282
671	30.3282
672	30.3282
673	30.3282
674	30.3282
675	30.3282
676	30.3282
677	30.3282
678	30.3282
679	30.3282
680	30.3282
681	30.3282
682	30.3282
683	30.3282
684	30.3282
685	30.3282
686	30.3282
687	30.3282
688	30.3282
689	30.3282
690	30.3282
691	30.3282
692	30.3282
693	30.3282
694	30.3282
695	30.3282
696	30.3282
697	30.3282
698	30.3282
699	30.3282
700	30.3282
701	30.3282
702	30.3282
703	30.3282
704	30.3282
705	30.3282
706	30.3282
707	30.3282
708	30.3282
709	30.3282
710	30.3282
711	30.3282
712	30.3282
713	30.3282
714	30.3282
715	30.3282
716	30.3282
717	30.3282
718	30.3282
719	30.3282
720	30.3282
721	30.3282
722	30.3282
723	30.3282
724	30.3282
725	30.3282
726	30.3282
727	30.3282
728	30.3282
729	30.3282
730	30.3282
731	30.3282
732	30.3282
733	30.3282
734	30.3282
735	30.3282
736	30.3282
737	30.3282
738	30.3282
739	30.3282
740	30.3282
741	30.3282
742	30.3282
743	30.3282
744	30.3282
745	30.3282
746	30.3282
747	30.3282
748	30.3282
749	30.3282
750	30.3282
751	30.3282
752	30.3282
753	30.3282
754	30.3282
755	30.2523
