Ne averages over 40 independent estimates.
Generation	Geometric_mean
1	21.8342
2	21.8342
3	21.8342
4	21.8342
5	24.9683
6	28.212
7	42.3573
8	67.2168
9	230.078
10	284.26
11	279.5
12	285.297
13	351.439
14	365.407
15	374.612
16	413.909
17	424.063
18	437.453
19	446.674
20	447.668
21	679.228
22	711.972
23	754.993
24	830.723
25	827.056
26	973.491
27	1044.91
28	1201.26
29	1347.21
30	1544.76
31	1676.23
32	1836.15
33	1886.25
34	1975.88
35	2188.6
36	2371.23
37	2462.83
38	2559.78
39	2573.73
40	2494.23
41	2489.15
42	2467.84
43	2486.32
44	2533.08
45	2539.6
46	2582.38
47	2571.71
48	2526.18
49	2470.4
50	2477.58
51	2431.53
52	2379.77
53	2350.34
54	2324.27
55	2295.11
56	2267.97
57	2234.12
58	2281.12
59	2369.24
60	2410.3
61	2406.52
62	2417.32
63	2412.39
64	2468.57
65	2500.81
66	2476.01
67	2400.61
68	2296.8
69	2275.43
70	2191.42
71	2143.75
72	2131.92
73	2114.66
74	1899.77
75	1871.25
76	1835.95
77	1798.91
78	1767.09
79	1647.08
80	1453.09
81	1252.86
82	1199.07
83	1119.5
84	1014.3
85	952.006
86	1034.36
87	1011.96
88	923.128
89	936.197
90	906.792
91	861.526
92	850.251
93	838.091
94	835.017
95	890
96	960.017
97	1013.04
98	1123.69
99	1153.18
100	1130.23
101	1117.47
102	1151.39
103	1125.27
104	1321.05
105	1310.53
106	1353.67
107	1366.09
108	1404.15
109	1447.81
110	1454.29
111	1537.39
112	1551.23
113	1529.52
114	1464.47
115	1406.16
116	1298.9
117	1231.94
118	1186.72
119	1113.52
120	1079.8
121	1021.26
122	995.604
123	908.557
124	848.335
125	814.794
126	780.391
127	753.332
128	737.541
129	698.073
130	679.588
131	642.028
132	628.19
133	618.01
134	594.38
135	562.347
136	548.431
137	551.826
138	553.128
139	543.393
140	542.839
141	531.091
142	520.24
143	519.29
144	510.173
145	501.044
146	485.445
147	482.215
148	478.591
149	469.676
150	468.157
151	455.471
152	447.075
153	440.156
154	439.963
155	431.568
156	426.389
157	428.236
158	420.305
159	404.562
160	384.722
161	377.195
162	366.882
163	361.875
164	361.819
165	361.9
166	359.34
167	362
168	367.664
169	373.87
170	368.574
171	362.7
172	357.682
173	357.58
174	340.274
175	326.97
176	312.56
177	307.516
178	298.036
179	268.686
180	229.508
181	206.059
182	191.698
183	183.039
184	172.744
185	163.16
186	150.603
187	124.118
188	109.505
189	100.993
190	90.4046
191	77.286
192	67.3414
193	61.2125
194	57.4599
195	54.9855
196	48.1061
197	44.7972
198	41.3354
199	38.8144
200	37.5811
201	36.6426
202	35.8899
203	34.6691
204	34.0266
205	33.9485
206	33.4574
207	33.2055
208	33.0856
209	32.5992
210	31.3916
211	30.2235
212	29.436
213	29.0931
214	29.0655
215	28.6307
216	28.1798
217	28.1991
218	28.174
219	28.0408
220	27.8163
221	27.8543
222	26.8633
223	25.6788
224	24.639
225	24.5212
226	23.886
227	23.7903
228	23.6836
229	22.93
230	22.2909
231	22.4233
232	22.509
233	22.5321
234	22.4762
235	22.2927
236	22.1218
237	22.0634
238	22.011
239	21.9969
240	21.9367
241	21.9221
242	21.9423
243	21.9119
244	21.9543
245	21.9879
246	22.0374
247	22.1995
248	22.2733
249	22.2297
250	22.2695
251	22.2711
252	22.2625
253	22.2414
254	22.2228
255	22.2692
256	22.297
257	22.2773
258	22.279
259	22.2741
260	22.2727
261	22.2718
262	22.2679
263	22.2708
264	22.2685
265	22.2928
266	22.3573
267	22.4505
268	22.4495
269	22.4716
270	22.4716
271	22.5411
272	22.6358
273	22.6358
274	22.6358
275	22.6358
276	22.6371
277	22.6274
278	22.643
279	22.6461
280	22.661
281	22.6535
282	22.6619
283	22.6723
284	22.665
285	22.6751
286	22.6877
287	22.688
288	22.7007
289	22.7199
290	22.7254
291	22.7577
292	22.7477
293	22.7374
294	22.7253
295	22.6844
296	22.6492
297	22.5904
298	22.5797
299	22.5504
300	22.5472
301	22.5439
302	22.5323
303	22.5228
304	22.5112
305	22.5011
306	22.4894
307	22.4828
308	22.4595
309	22.4709
310	22.4694
311	22.4639
312	22.4589
313	22.4589
314	22.4575
315	22.4575
316	22.4504
317	22.4249
318	22.4249
319	22.4134
320	22.4138
321	22.4138
322	22.4001
323	22.3757
324	22.3742
325	22.3742
326	22.3749
327	22.3749
328	22.3749
329	22.3749
330	22.3749
331	22.3724
332	22.3724
333	22.3724
334	22.3724
335	22.3642
336	22.3655
337	22.3502
338	22.3507
339	22.3533
340	22.3598
341	22.3664
342	22.3438
343	22.2861
344	22.2536
345	22.233
346	22.1627
347	22.116
348	22.116
349	22.116
350	22.116
351	22.1102
352	22.1102
353	22.1102
354	22.1102
355	22.1102
356	22.1102
357	22.0757
358	22.0586
359	22.0483
360	22.0223
361	21.991
362	21.977
363	21.9791
364	21.9852
365	21.9848
366	21.9625
367	21.9392
368	21.9264
369	21.9139
370	21.8662
371	21.8879
372	21.8964
373	21.8964
374	21.9174
375	21.933
376	21.94
377	21.9374
378	21.9352
379	21.9337
380	21.9337
381	21.9337
382	21.9337
383	21.9337
384	21.9337
385	21.9337
386	21.9337
387	21.9337
388	21.9337
389	21.9337
390	21.9337
391	21.9356
392	21.9356
393	21.9989
394	22.0216
395	22.0978
396	22.18
397	22.1846
398	22.2248
399	22.1699
400	22.1785
401	22.1266
402	22.0885
403	21.9823
404	21.9285
405	21.7692
406	21.7212
407	21.8538
408	21.9005
409	21.9913
410	22.0392
411	22.0684
412	22.0888
413	22.0888
414	22.1381
415	22.1381
416	22.171
417	22.171
418	22.171
419	22.171
420	22.171
421	22.171
422	22.171
423	22.171
424	22.1717
425	22.1717
426	22.1717
427	22.1717
428	22.1589
429	22.1338
430	22.1174
431	22.1122
432	22.0954
433	22.0961
434	22.0985
435	22.102
436	22.1058
437	22.0971
438	22.0915
439	22.0698
440	22.0669
441	22.0519
442	22.0404
443	22.0274
444	22.0039
445	21.9946
446	21.9946
447	21.9946
448	21.9946
449	21.9805
450	21.9632
451	21.9632
452	21.9632
453	21.9606
454	21.9606
455	21.9606
456	21.9606
457	21.9606
458	21.9606
459	21.9606
460	21.9606
461	21.9606
462	21.9606
463	21.9606
464	21.9606
465	21.9376
466	21.9241
467	21.9054
468	21.8618
469	21.8592
470	21.8609
471	21.8834
472	21.8834
473	21.9008
474	21.8927
475	21.8927
476	21.9864
477	22.0188
478	22.056
479	22.056
480	22.0866
481	22.1208
482	22.174
483	22.1915
484	22.2058
485	22.2058
486	22.2058
487	22.2058
488	22.2058
489	22.2058
490	22.2058
491	22.2058
492	22.2058
493	22.2058
494	22.2058
495	22.2058
496	22.2058
497	22.2058
498	22.2058
499	22.2058
500	22.2058
501	22.2058
502	22.2058
503	22.2058
504	22.2058
505	22.2058
506	22.2058
507	22.2058
508	22.2058
509	22.2058
510	22.2058
511	22.2058
512	22.2058
513	22.2058
514	22.2058
515	22.2058
516	22.2058
517	22.2058
518	22.2058
519	22.2058
520	22.2058
521	22.2058
522	22.2058
523	22.2058
524	22.2058
525	22.2058
526	22.2058
527	22.2058
528	22.2058
529	22.2058
530	22.2058
531	22.2058
532	22.2058
533	22.2058
534	22.2058
535	22.2058
536	22.2058
537	22.2058
538	22.2058
539	22.2058
540	22.2058
541	22.2058
542	22.2058
543	22.2058
544	22.2058
545	22.2058
546	22.2058
547	22.2058
548	22.2058
549	22.2058
550	22.2058
551	22.2058
552	22.2058
553	22.2058
554	22.2058
555	22.2058
556	22.2058
557	22.2058
558	22.2058
559	22.2058
560	22.2058
561	22.2058
562	22.2058
563	22.2058
564	22.2058
565	22.2058
566	22.2058
567	22.2058
568	22.2058
569	22.2058
570	22.2058
571	22.2058
572	22.2058
573	22.2058
574	22.2058
575	22.2058
576	22.2058
577	22.2058
578	22.2058
579	22.2058
580	22.2058
581	22.2058
582	22.2058
583	22.2058
584	22.2058
585	22.2058
586	22.2058
587	22.2058
588	22.2058
589	22.2058
590	22.2058
591	22.2058
592	22.2058
593	22.2058
594	22.2058
595	22.2058
596	22.2058
597	22.2058
598	22.2058
599	22.2058
600	22.2058
601	22.2058
602	22.2058
603	22.2058
604	22.2058
605	22.2058
606	22.2058
607	22.2058
608	22.2058
609	22.2058
610	22.2058
611	22.2058
612	22.2058
613	22.2058
614	22.2058
615	22.2058
616	22.2058
617	22.2058
618	22.2058
619	22.2058
620	22.2058
621	22.2058
622	22.2058
623	22.2058
624	22.2058
625	22.2058
626	22.2058
627	22.2058
628	22.2058
629	22.2058
630	22.2058
631	22.2058
632	22.2058
633	22.2058
634	22.2058
635	22.2058
636	22.2058
637	22.2058
638	22.2058
639	22.2058
640	22.2058
641	22.2058
642	22.2058
643	22.2058
644	22.2058
645	22.2058
646	22.2058
647	22.2058
648	22.2058
649	22.2058
650	22.2058
651	22.2058
652	22.2058
653	22.2058
654	22.2058
655	22.2058
656	22.2058
657	22.2058
658	22.2058
659	22.2058
660	22.2058
661	22.2058
662	22.2058
663	22.2058
664	22.2058
665	22.2058
666	22.2058
667	22.2058
668	22.2058
669	22.2058
670	22.2058
671	22.2058
672	22.2058
673	22.2058
674	22.2058
675	22.2058
676	22.2058
677	22.2058
678	22.2058
679	22.2058
680	22.2058
681	22.2058
682	22.2058
683	22.2058
684	22.2058
685	22.2058
686	22.2058
687	22.2058
688	22.2058
689	22.2058
690	22.2058
691	22.2058
692	22.2058
693	22.2058
694	22.2058
695	22.2058
696	22.2058
697	22.2058
698	22.2058
699	22.2058
700	22.2058
701	22.2058
702	22.2058
703	22.2058
704	22.2058
705	22.2058
706	22.2058
707	22.2058
708	22.2058
709	22.2058
710	22.2058
711	22.2058
712	22.2058
713	22.2058
714	22.2058
715	22.2058
716	22.2058
717	22.2058
718	22.2058
719	22.2058
720	22.2058
721	22.2058
722	22.2058
723	22.2058
724	22.2058
725	22.2058
726	22.2058
727	22.2058
728	22.2058
729	22.2058
730	22.2058
731	22.2058
732	22.2058
733	22.2058
734	22.2058
735	22.2058
736	22.2058
737	22.2058
738	22.2058
739	22.2058
740	22.2058
741	22.2058
742	22.2058
743	22.2058
744	22.2058
745	22.2058
746	22.2058
747	22.2058
748	22.2058
749	22.2058
750	22.2058
751	22.2058
752	22.2058
753	22.2058
754	22.2058
755	22.455
