Ne averages over 40 independent estimates.
Generation	Geometric_mean
1	23.41
2	23.41
3	23.41
4	23.41
5	29.1013
6	30.635
7	35.4081
8	39.8395
9	118.089
10	238.359
11	271.28
12	269.719
13	305.94
14	337.235
15	369.437
16	372.753
17	382.527
18	411.484
19	445.935
20	448.046
21	468.733
22	546.675
23	660.499
24	813.906
25	1054.31
26	1118.38
27	1170.6
28	1244.29
29	1330.88
30	1431.14
31	1692.66
32	1804.18
33	1901.83
34	2010.64
35	2021.15
36	2005.77
37	2060.15
38	2076.56
39	2072.43
40	2083.76
41	2128.52
42	2197.01
43	2316.25
44	2351.19
45	2354.5
46	2321.7
47	2345.09
48	2323.4
49	2318.15
50	2317.14
51	2267.65
52	2236.49
53	2254.62
54	2248.09
55	2228.23
56	2207.42
57	2207.67
58	2202.37
59	2220.19
60	2224.25
61	2066.45
62	2046.61
63	2043.03
64	2076.54
65	1886.96
66	1856.21
67	1818.35
68	1776.76
69	1666.5
70	1643.94
71	1617.88
72	1611.96
73	1621.26
74	1711.02
75	1664.25
76	1672.38
77	1638.37
78	1805.25
79	1601.13
80	1578.22
81	1591.92
82	1551.01
83	1291.88
84	1099.03
85	1020.15
86	982.151
87	967.707
88	958.089
89	920.467
90	915.753
91	841.033
92	789.411
93	777.57
94	831.909
95	981.359
96	1077.1
97	1124.1
98	1159.79
99	1177.78
100	1220.09
101	1421.55
102	1455.37
103	1600.92
104	1616.13
105	1620.28
106	1640.16
107	1655.16
108	1656.5
109	1621.75
110	1592.14
111	1582.14
112	1523.28
113	1476.5
114	1463.36
115	1440.68
116	1393.82
117	1316.15
118	1251.47
119	1192.71
120	1134.63
121	1106.62
122	1015.61
123	959.368
124	902.986
125	848.056
126	788.178
127	775.9
128	738.692
129	716.653
130	681.874
131	645.742
132	589.246
133	563.984
134	546.673
135	521.972
136	504.667
137	489.478
138	471.441
139	464.8
140	458.102
141	443.264
142	432.203
143	429.103
144	430.1
145	429.624
146	424.406
147	420.574
148	410.407
149	404.172
150	402.528
151	394.387
152	390.426
153	387.594
154	383.451
155	379.686
156	379.494
157	377.215
158	375.294
159	379.952
160	379.601
161	377.137
162	374.643
163	369.816
164	363.298
165	361.557
166	358.798
167	355.128
168	352.253
169	352.424
170	352.635
171	346.736
172	328.401
173	316.544
174	308.56
175	304.915
176	297.607
177	283.623
178	272.112
179	267.554
180	267.486
181	267.698
182	262.627
183	253.042
184	226.36
185	207.162
186	181.898
187	158.48
188	141.962
189	113.159
190	102.102
191	88.5018
192	80.6565
193	72.1247
194	67.3375
195	61.897
196	58.948
197	55.0106
198	49.9345
199	45.0151
200	41.15
201	38.5312
202	35.5627
203	32.5688
204	30.9909
205	30.5882
206	29.8546
207	28.3669
208	27.4132
209	26.8516
210	26.4967
211	25.7198
212	25.5016
213	24.3722
214	24.3207
215	24.5333
216	24.4073
217	24.2403
218	24.3801
219	24.2255
220	24.1189
221	24.17
222	24.2433
223	24.3485
224	24.4317
225	24.6251
226	24.8506
227	24.7146
228	24.5044
229	24.4117
230	24.4029
231	24.4645
232	24.4031
233	24.3395
234	24.1466
235	23.9261
236	23.6626
237	23.5612
238	23.3947
239	23.3791
240	23.1644
241	23.2151
242	23.2628
243	23.2558
244	23.2299
245	23.1746
246	23.1377
247	22.9826
248	23.0602
249	22.9324
250	22.8336
251	22.7271
252	22.6411
253	22.6681
254	22.6112
255	22.4875
256	22.4933
257	22.501
258	22.4953
259	22.5233
260	22.518
261	22.509
262	22.5349
263	22.5623
264	22.5571
265	22.5604
266	22.5601
267	22.5159
268	22.4962
269	22.4095
270	22.4476
271	22.4708
272	22.4444
273	22.4444
274	22.4444
275	22.3979
276	22.3108
277	22.2624
278	22.2149
279	22.2128
280	22.2128
281	22.2116
282	22.2116
283	22.2142
284	22.2142
285	22.2142
286	22.2142
287	22.2142
288	22.2268
289	22.1757
290	22.1212
291	22.2276
292	22.2627
293	22.3305
294	22.3631
295	22.3831
296	22.5061
297	22.547
298	22.7402
299	22.8576
300	22.868
301	22.995
302	23.0148
303	23.0205
304	23.041
305	23.0432
306	23.0365
307	23.0281
308	23.0118
309	22.9908
310	22.9703
311	22.9834
312	22.9869
313	22.9417
314	23.0288
315	23.0995
316	23.1853
317	23.2789
318	23.2841
319	23.3813
320	23.4017
321	23.3789
322	23.3789
323	23.4144
324	23.4435
325	23.4733
326	23.4772
327	23.4876
328	23.436
329	23.3778
330	23.2464
331	23.1947
332	23.181
333	23.176
334	23.1472
335	23.1374
336	23.1526
337	23.1475
338	23.1509
339	23.1083
340	23.0929
341	23.0875
342	23.0865
343	23.2168
344	23.282
345	23.2874
346	23.2816
347	23.3271
348	23.4126
349	23.4994
350	23.548
351	23.5517
352	23.552
353	23.552
354	23.559
355	23.5677
356	23.5189
357	23.5062
358	23.4169
359	23.4081
360	23.3413
361	23.2825
362	23.2308
363	23.291
364	23.2492
365	23.1048
366	23.0377
367	23.0043
368	22.9567
369	22.9381
370	22.9123
371	22.8943
372	22.8943
373	22.8943
374	22.9046
375	22.8961
376	22.8596
377	22.8789
378	22.8898
379	22.937
380	22.9579
381	22.9646
382	22.9911
383	23.0172
384	23.018
385	22.9964
386	22.9741
387	22.9316
388	22.8866
389	22.8687
390	22.8606
391	22.8119
392	22.7866
393	22.7134
394	22.6303
395	22.6168
396	22.6172
397	22.5963
398	22.5839
399	22.5835
400	22.5801
401	22.5838
402	22.5969
403	22.6287
404	22.6548
405	22.6689
406	22.6919
407	22.6931
408	22.7244
409	22.7266
410	22.745
411	22.7559
412	22.7708
413	22.7912
414	22.7877
415	22.805
416	22.805
417	22.805
418	22.8328
419	22.8384
420	22.8291
421	22.836
422	22.8469
423	22.8464
424	22.8534
425	22.8315
426	22.8265
427	22.8184
428	22.8298
429	22.8455
430	22.8536
431	22.8775
432	22.9101
433	22.8842
434	22.8842
435	22.8847
436	22.8722
437	22.8378
438	22.852
439	22.8642
440	22.9027
441	22.9605
442	23.2056
443	23.2017
444	23.2061
445	23.3116
446	23.4948
447	23.5541
448	23.5541
449	23.5541
450	23.5541
451	23.5493
452	23.5493
453	23.5532
454	23.5241
455	23.4846
456	23.3964
457	23.3559
458	23.3559
459	23.3559
460	23.3559
461	23.3559
462	23.3559
463	23.3559
464	23.3559
465	23.3559
466	23.3559
467	23.3529
468	23.3537
469	23.3537
470	23.3406
471	23.3357
472	23.3357
473	23.3093
474	23.3093
475	23.2827
476	23.2748
477	23.2748
478	23.2655
479	23.2424
480	23.2334
481	23.2334
482	23.2334
483	23.2334
484	23.2334
485	23.2334
486	23.2334
487	23.2334
488	23.2334
489	23.2334
490	23.2334
491	23.2334
492	23.2334
493	23.2334
494	23.2334
495	23.2334
496	23.2334
497	23.2334
498	23.2334
499	23.2334
500	23.2334
501	23.2334
502	23.2334
503	23.2334
504	23.2334
505	23.2334
506	23.2334
507	23.2334
508	23.2334
509	23.2334
510	23.2334
511	23.2334
512	23.2334
513	23.2334
514	23.2334
515	23.2334
516	23.2334
517	23.2334
518	23.2334
519	23.2334
520	23.2334
521	23.2334
522	23.2334
523	23.2334
524	23.2334
525	23.2334
526	23.2334
527	23.2334
528	23.2334
529	23.2334
530	23.2334
531	23.2334
532	23.2334
533	23.2334
534	23.2334
535	23.2334
536	23.2334
537	23.2334
538	23.2334
539	23.2334
540	23.2334
541	23.2334
542	23.2334
543	23.2334
544	23.2334
545	23.2334
546	23.2334
547	23.2334
548	23.2334
549	23.2334
550	23.2334
551	23.2334
552	23.2334
553	23.2334
554	23.2334
555	23.2334
556	23.2334
557	23.2334
558	23.2334
559	23.2334
560	23.2334
561	23.2334
562	23.2334
563	23.2334
564	23.2334
565	23.2334
566	23.2334
567	23.2334
568	23.2334
569	23.2334
570	23.2334
571	23.2334
572	23.2334
573	23.2334
574	23.2334
575	23.2334
576	23.2334
577	23.2334
578	23.2334
579	23.2334
580	23.2334
581	23.2334
582	23.2334
583	23.2334
584	23.2334
585	23.2334
586	23.2334
587	23.2334
588	23.2334
589	23.2334
590	23.2334
591	23.2334
592	23.2334
593	23.2334
594	23.2334
595	23.2334
596	23.2334
597	23.2334
598	23.2334
599	23.2334
600	23.2334
601	23.2334
602	23.2334
603	23.2334
604	23.2334
605	23.2334
606	23.2334
607	23.2334
608	23.2334
609	23.2334
610	23.2334
611	23.2334
612	23.2334
613	23.2334
614	23.2334
615	23.2334
616	23.2334
617	23.2334
618	23.2334
619	23.2334
620	23.2334
621	23.2334
622	23.2334
623	23.2334
624	23.2334
625	23.2334
626	23.2334
627	23.2334
628	23.2334
629	23.2334
630	23.2334
631	23.2334
632	23.2334
633	23.2334
634	23.2334
635	23.2334
636	23.2334
637	23.2334
638	23.2334
639	23.2334
640	23.2334
641	23.2334
642	23.2334
643	23.2334
644	23.2334
645	23.2334
646	23.2334
647	23.2334
648	23.2334
649	23.2334
650	23.2334
651	23.2334
652	23.2334
653	23.2334
654	23.2334
655	23.2334
656	23.2334
657	23.2334
658	23.2334
659	23.2334
660	23.2334
661	23.2334
662	23.2334
663	23.2334
664	23.2334
665	23.2334
666	23.2334
667	23.2334
668	23.2334
669	23.2334
670	23.2334
671	23.2334
672	23.2334
673	23.2334
674	23.2334
675	23.2334
676	23.2334
677	23.2334
678	23.2334
679	23.2334
680	23.2334
681	23.2334
682	23.2334
683	23.2334
684	23.2334
685	23.2334
686	23.2334
687	23.2334
688	23.2334
689	23.2334
690	23.2334
691	23.2334
692	23.2334
693	23.2334
694	23.2334
695	23.2334
696	23.2334
697	23.2334
698	23.2334
699	23.2334
700	23.2334
701	23.2334
702	23.2334
703	23.2334
704	23.2334
705	23.2334
706	23.2334
707	23.2334
708	23.2334
709	23.2334
710	23.2334
711	23.2334
712	23.2334
713	23.2334
714	23.2334
715	23.2334
716	23.2334
717	23.2334
718	23.2334
719	23.2334
720	23.2334
721	23.2334
722	23.2334
723	23.2334
724	23.2334
725	23.2334
726	23.2334
727	23.2334
728	23.2334
729	23.2334
730	23.2334
731	23.2334
732	23.2334
733	23.2334
734	23.2334
735	23.2334
736	23.2334
737	23.2334
738	23.2334
739	23.2334
740	23.2334
741	23.2334
742	23.2334
743	23.2334
744	23.2334
745	23.2334
746	23.2334
747	23.2334
748	23.2334
749	23.2334
750	23.2334
751	23.2334
752	23.2334
753	23.2334
754	23.2334
755	23.0648
