Ne averages over 40 independent estimates.
Generation	Geometric_mean
1	22.4941
2	22.4941
3	22.4941
4	22.4941
5	27.1835
6	30.6415
7	38.2637
8	51.1375
9	181.32
10	327.513
11	330.783
12	328.257
13	352.484
14	361.029
15	359.611
16	365.056
17	364.503
18	368.372
19	375.632
20	381.9
21	513.004
22	649.93
23	704.101
24	821.083
25	1203.05
26	1430.77
27	1480.68
28	1525.6
29	1554.41
30	1611.86
31	1578.91
32	1554.42
33	1578.06
34	1663.08
35	1784.78
36	1787.18
37	1783.83
38	1756.4
39	1723.09
40	1726.14
41	1720.84
42	1803.89
43	1855.34
44	1857.76
45	1880.55
46	1921.65
47	1915.64
48	1911.47
49	1923.4
50	1926.02
51	1919.85
52	1957.66
53	1917.73
54	1933.32
55	1949.26
56	1942.58
57	1878.76
58	1864.03
59	1847.65
60	1821.49
61	1843.86
62	1854.65
63	1850.72
64	1783.87
65	1542.8
66	1511.91
67	1515.22
68	1532.32
69	1496.91
70	1517.24
71	1466.51
72	1401.93
73	1292.79
74	1142.76
75	1141.39
76	1096.68
77	1101.29
78	1019.37
79	1001.84
80	993.651
81	885.944
82	877.357
83	795.83
84	785.94
85	764.501
86	624.769
87	630.629
88	614.625
89	706.251
90	855.133
91	922.585
92	912.736
93	910.365
94	896.967
95	1041.09
96	1031.75
97	1076.06
98	1166.9
99	1240.22
100	1312.01
101	1278.66
102	1256.97
103	1227.3
104	1246.59
105	1289.04
106	1281.8
107	1283.02
108	1254.01
109	1237.97
110	1218.79
111	1184.51
112	1203.2
113	1190.54
114	1183.82
115	1167.26
116	1135.22
117	1123.29
118	1122.43
119	1127.26
120	1079.11
121	1041.41
122	1013.95
123	973.36
124	939.04
125	908.568
126	901.19
127	893.927
128	868.653
129	843.319
130	811.503
131	776.106
132	721.875
133	674.074
134	653.727
135	633.087
136	633.684
137	634.669
138	624.7
139	625.432
140	624.275
141	607.098
142	581.691
143	560.446
144	546.494
145	538.465
146	536.086
147	516.16
148	492.056
149	478.147
150	463.141
151	452.423
152	434.884
153	434.494
154	433.266
155	425.628
156	422.669
157	415.451
158	411.696
159	411.264
160	411.683
161	409.909
162	405.805
163	407.137
164	404.432
165	407.396
166	408.23
167	412.873
168	413.08
169	392.434
170	377.953
171	370.983
172	370.749
173	350.197
174	309.599
175	288.957
176	263.1
177	244.68
178	225.829
179	203.189
180	195.903
181	185.94
182	159.172
183	139.816
184	126.173
185	115.143
186	102.379
187	89.1
188	78.9012
189	75.5485
190	69.3333
191	69.571
192	69.4191
193	69.4506
194	68.317
195	66.1554
196	61.9741
197	60.0601
198	57.6763
199	55.2187
200	53.9427
201	52.7431
202	47.6071
203	45.5035
204	43.2827
205	41.5293
206	38.641
207	36.2587
208	35.3117
209	33.8453
210	31.8826
211	31.1003
212	31.0819
213	30.9706
214	30.794
215	30.6482
216	30.6983
217	30.6909
218	30.68
219	30.7173
220	30.8884
221	30.3208
222	30.2083
223	29.2
224	27.2297
225	25.4209
226	24.7649
227	24.2196
228	23.6048
229	23.7802
230	23.9515
231	23.9961
232	24.0527
233	24.0299
234	23.8637
235	23.6763
236	23.4219
237	23.3628
238	23.314
239	23.3602
240	23.2567
241	23.3017
242	23.3382
243	23.342
244	23.377
245	23.4839
246	23.4932
247	23.5273
248	23.5213
249	23.512
250	23.5951
251	23.6486
252	23.6486
253	23.6393
254	23.6695
255	23.8075
256	23.9055
257	23.9477
258	23.9835
259	23.9857
260	24.0295
261	24.0477
262	24.1397
263	24.2017
264	24.2297
265	24.229
266	24.229
267	24.242
268	24.2366
269	24.2495
270	24.2495
271	24.2509
272	24.2498
273	24.2416
274	24.2464
275	24.2287
276	24.2045
277	24.166
278	24.139
279	24.0601
280	23.9988
281	23.99
282	23.9892
283	23.9965
284	23.9983
285	24.0118
286	24.0494
287	24.0506
288	24.0823
289	24.1104
290	24.1185
291	24.1305
292	24.1067
293	24.1112
294	24.1033
295	24.0687
296	24.0195
297	24.0118
298	23.9951
299	23.9356
300	23.9684
301	23.9923
302	23.9996
303	24.0231
304	24.0437
305	24.0437
306	24.0437
307	24.0626
308	24.0622
309	24.1027
310	24.1051
311	24.1467
312	24.1795
313	24.181
314	24.1788
315	24.1764
316	24.1764
317	24.1764
318	24.1755
319	24.2234
320	24.2257
321	24.2185
322	24.2932
323	24.3989
324	24.3989
325	24.5352
326	24.5304
327	24.6272
328	24.6252
329	24.6423
330	24.6608
331	24.6706
332	24.6668
333	24.6853
334	24.6939
335	24.7028
336	24.7236
337	24.7327
338	24.7327
339	24.7341
340	24.733
341	24.7207
342	24.6845
343	24.667
344	24.6359
345	24.5766
346	24.5311
347	24.5472
348	24.5431
349	24.5818
350	24.5616
351	24.5432
352	24.5571
353	24.548
354	24.5163
355	24.4891
356	24.4561
357	24.4189
358	24.3714
359	24.3642
360	24.3593
361	24.3416
362	24.3359
363	24.3405
364	24.3405
365	24.3208
366	24.3208
367	24.3121
368	24.3027
369	24.284
370	24.2833
371	24.2833
372	24.2802
373	24.2949
374	24.2904
375	24.285
376	24.283
377	24.3129
378	24.3166
379	24.3372
380	24.3701
381	24.4068
382	24.425
383	24.4376
384	24.4449
385	24.4396
386	24.4395
387	24.4414
388	24.4389
389	24.4376
390	24.4376
391	24.4351
392	24.4538
393	24.4555
394	24.4608
395	24.4632
396	24.4632
397	24.4571
398	24.4663
399	24.4842
400	24.4899
401	24.5033
402	24.507
403	24.5226
404	24.5195
405	24.5337
406	24.5679
407	24.5682
408	24.5682
409	24.5688
410	24.5737
411	24.5769
412	24.5778
413	24.5588
414	24.5803
415	24.554
416	24.5338
417	24.44
418	24.4312
419	24.3815
420	24.3586
421	24.3009
422	24.3064
423	24.3064
424	24.3064
425	24.3064
426	24.3064
427	24.3124
428	24.3124
429	24.3124
430	24.3124
431	24.3119
432	24.3124
433	24.3123
434	24.3123
435	24.3344
436	24.3471
437	24.3623
438	24.3781
439	24.3758
440	24.3772
441	24.3407
442	24.3057
443	24.249
444	24.2615
445	24.2423
446	24.233
447	24.223
448	24.1717
449	24.1558
450	24.0642
451	23.9947
452	23.9582
453	23.947
454	23.947
455	23.9958
456	24.0334
457	24.0833
458	24.0833
459	24.0764
460	24.0733
461	24.0733
462	24.0723
463	24.061
464	24.0423
465	24.0147
466	23.9606
467	23.8842
468	23.8753
469	23.8677
470	23.8604
471	23.8604
472	23.8604
473	23.9339
474	23.9732
475	24.0107
476	24.1654
477	24.1969
478	24.2368
479	24.2368
480	24.2368
481	24.2351
482	24.2351
483	24.2351
484	24.2351
485	24.2351
486	24.2351
487	24.2351
488	24.2351
489	24.2351
490	24.2351
491	24.2351
492	24.2351
493	24.2351
494	24.2351
495	24.2351
496	24.2351
497	24.2351
498	24.2351
499	24.2351
500	24.2351
501	24.2351
502	24.2351
503	24.2351
504	24.2351
505	24.2351
506	24.2351
507	24.2351
508	24.2351
509	24.2351
510	24.2351
511	24.2351
512	24.2351
513	24.2351
514	24.2351
515	24.2351
516	24.2351
517	24.2351
518	24.2351
519	24.2351
520	24.2351
521	24.2351
522	24.2351
523	24.2351
524	24.2351
525	24.2351
526	24.2351
527	24.2351
528	24.2351
529	24.2351
530	24.2351
531	24.2351
532	24.2351
533	24.2351
534	24.2351
535	24.2351
536	24.2351
537	24.2351
538	24.2351
539	24.2351
540	24.2351
541	24.2351
542	24.2351
543	24.2351
544	24.2351
545	24.2351
546	24.2351
547	24.2351
548	24.2351
549	24.2351
550	24.2351
551	24.2351
552	24.2351
553	24.2351
554	24.2351
555	24.2351
556	24.2351
557	24.2351
558	24.2351
559	24.2351
560	24.2351
561	24.2351
562	24.2351
563	24.2351
564	24.2351
565	24.2351
566	24.2351
567	24.2351
568	24.2351
569	24.2351
570	24.2351
571	24.2351
572	24.2351
573	24.2351
574	24.2351
575	24.2351
576	24.2351
577	24.2351
578	24.2351
579	24.2351
580	24.2351
581	24.2351
582	24.2351
583	24.2351
584	24.2351
585	24.2351
586	24.2351
587	24.2351
588	24.2351
589	24.2351
590	24.2351
591	24.2351
592	24.2351
593	24.2351
594	24.2351
595	24.2351
596	24.2351
597	24.2351
598	24.2351
599	24.2351
600	24.2351
601	24.2351
602	24.2351
603	24.2351
604	24.2351
605	24.2351
606	24.2351
607	24.2351
608	24.2351
609	24.2351
610	24.2351
611	24.2351
612	24.2351
613	24.2351
614	24.2351
615	24.2351
616	24.2351
617	24.2351
618	24.2351
619	24.2351
620	24.2351
621	24.2351
622	24.2351
623	24.2351
624	24.2351
625	24.2351
626	24.2351
627	24.2351
628	24.2351
629	24.2351
630	24.2351
631	24.2351
632	24.2351
633	24.2351
634	24.2351
635	24.2351
636	24.2351
637	24.2351
638	24.2351
639	24.2351
640	24.2351
641	24.2351
642	24.2351
643	24.2351
644	24.2351
645	24.2351
646	24.2351
647	24.2351
648	24.2351
649	24.2351
650	24.2351
651	24.2351
652	24.2351
653	24.2351
654	24.2351
655	24.2351
656	24.2351
657	24.2351
658	24.2351
659	24.2351
660	24.2351
661	24.2351
662	24.2351
663	24.2351
664	24.2351
665	24.2351
666	24.2351
667	24.2351
668	24.2351
669	24.2351
670	24.2351
671	24.2351
672	24.2351
673	24.2351
674	24.2351
675	24.2351
676	24.2351
677	24.2351
678	24.2351
679	24.2351
680	24.2351
681	24.2351
682	24.2351
683	24.2351
684	24.2351
685	24.2351
686	24.2351
687	24.2351
688	24.2351
689	24.2351
690	24.2351
691	24.2351
692	24.2351
693	24.2351
694	24.2351
695	24.2351
696	24.2351
697	24.2351
698	24.2351
699	24.2351
700	24.2351
701	24.2351
702	24.2351
703	24.2351
704	24.2351
705	24.2351
706	24.2351
707	24.2351
708	24.2351
709	24.2351
710	24.2351
711	24.2351
712	24.2351
713	24.2351
714	24.2351
715	24.2351
716	24.2351
717	24.2351
718	24.2351
719	24.2351
720	24.2351
721	24.2351
722	24.2351
723	24.2351
724	24.2351
725	24.2351
726	24.2351
727	24.2351
728	24.2351
729	24.2351
730	24.2351
731	24.2351
732	24.2351
733	24.2351
734	24.2351
735	24.2351
736	24.2351
737	24.2351
738	24.2351
739	24.2351
740	24.2351
741	24.2351
742	24.2351
743	24.2351
744	24.2351
745	24.2351
746	24.2351
747	24.2351
748	24.2351
749	24.2351
750	24.2351
751	24.2351
752	24.2351
753	24.2351
754	24.2351
755	24.021
