Ne averages over 40 independent estimates.
Generation	Geometric_mean
1	22.1358
2	22.1358
3	22.1358
4	22.1358
5	25.69
6	25.4682
7	45.7575
8	71.2606
9	245.68
10	303.309
11	335.539
12	347.967
13	352.953
14	393.272
15	392.493
16	390.727
17	413.843
18	489.381
19	494.47
20	577.412
21	627.103
22	661.668
23	717.139
24	858.708
25	905.89
26	961.736
27	1016.83
28	1055.56
29	1195.13
30	1183.44
31	1229.21
32	1408.16
33	1483.91
34	1480.66
35	1511.71
36	1579.39
37	1594.88
38	1700.53
39	1751.19
40	1749.5
41	1749.02
42	1753.37
43	1736.92
44	1749.59
45	1711.93
46	1747.28
47	1778.78
48	1810.98
49	1857.18
50	1908.52
51	1949.69
52	1945.61
53	1942.58
54	1881.94
55	1848.6
56	1831.59
57	1851.25
58	1822.23
59	1803.08
60	1845.59
61	1835.09
62	1792.05
63	1719.19
64	1669.21
65	1626.91
66	1526.92
67	1501.15
68	1453.89
69	1438.96
70	1428.82
71	1417.45
72	1372.79
73	1288.92
74	1219.47
75	1037.4
76	971.677
77	852.236
78	797.616
79	730.347
80	551.782
81	552.531
82	515.603
83	407.123
84	362.153
85	358.765
86	356.778
87	394.949
88	400.38
89	386.076
90	413.227
91	464.759
92	608.425
93	671.039
94	764.404
95	796.251
96	915.119
97	939.322
98	941.147
99	950.515
100	1018.8
101	1012.3
102	1010.44
103	1072.22
104	1074.15
105	1040.19
106	1008.96
107	990.75
108	979.511
109	975.613
110	963.43
111	968.633
112	966.482
113	952.015
114	943.052
115	975.315
116	969.051
117	964.579
118	953.287
119	958.059
120	943.987
121	943.498
122	949.565
123	917.668
124	878.391
125	823.461
126	742.743
127	656.762
128	617.597
129	567.806
130	545.124
131	517.152
132	489.543
133	463.374
134	460.568
135	455.047
136	433.637
137	421.008
138	418.523
139	416.581
140	413.218
141	411.207
142	410.572
143	403.927
144	396.882
145	394.587
146	390.437
147	379.543
148	369.509
149	366.765
150	362.339
151	362.978
152	367.742
153	372.081
154	371.939
155	371.156
156	371.501
157	366.746
158	364.479
159	362.534
160	360.52
161	361.494
162	357.761
163	354.467
164	349.504
165	342.621
166	338.922
167	337.332
168	334.389
169	337.165
170	338.6
171	338.828
172	338.734
173	334.635
174	319.916
175	306.786
176	290.677
177	271.037
178	237.602
179	209.693
180	182.266
181	162.776
182	145.264
183	130.441
184	122.237
185	116.209
186	111.054
187	105.337
188	100.632
189	90.6791
190	81.1986
191	80.2836
192	79.2814
193	79.6365
194	76.9417
195	73.3535
196	66.586
197	63.3146
198	60.5086
199	57.158
200	55.9401
201	55.5296
202	54.9453
203	54.0283
204	53.1145
205	52.6111
206	51.5132
207	49.869
208	46.2834
209	43.637
210	41.4841
211	40.788
212	39.4478
213	38.8581
214	37.61
215	36.8155
216	36.3086
217	34.4383
218	32.8901
219	30.7553
220	28.7289
221	28.0345
222	27.643
223	26.9456
224	27.2395
225	27.4814
226	27.5918
227	27.7685
228	27.7323
229	27.9303
230	28.0589
231	28.0114
232	28.1548
233	28.3455
234	28.2759
235	28.3456
236	28.2128
237	28.1734
238	28.1666
239	28.1407
240	28.0611
241	27.7604
242	27.8077
243	27.8566
244	27.9195
245	27.8419
246	27.8999
247	27.8169
248	27.688
249	27.6272
250	27.5855
251	27.5857
252	27.6476
253	27.686
254	27.6961
255	27.7138
256	27.7205
257	27.7046
258	27.687
259	27.661
260	27.628
261	27.6409
262	27.6495
263	27.6619
264	27.6555
265	27.7037
266	27.6926
267	27.7585
268	27.7385
269	27.73
270	27.7561
271	27.7667
272	27.7891
273	27.8594
274	27.888
275	27.8745
276	27.8912
277	27.9568
278	27.9303
279	27.939
280	27.9137
281	27.9227
282	27.9494
283	27.9505
284	27.9505
285	27.944
286	27.958
287	27.943
288	27.968
289	27.9604
290	27.9734
291	27.9892
292	27.9521
293	27.9335
294	27.9846
295	28.0777
296	28.1468
297	28.2925
298	28.3274
299	28.3711
300	28.394
301	28.3988
302	28.3511
303	28.3465
304	28.2844
305	28.3329
306	28.3206
307	28.4877
308	28.4705
309	28.5033
310	28.5201
311	28.5586
312	28.5528
313	28.576
314	28.6218
315	28.6368
316	28.694
317	28.694
318	28.7765
319	28.9245
320	29.0221
321	29.0444
322	29.0437
323	28.9723
324	28.8655
325	29.0057
326	28.993
327	29.0299
328	28.9744
329	28.9999
330	28.9281
331	28.9693
332	28.9795
333	28.951
334	28.9602
335	28.9427
336	28.9427
337	28.9427
338	28.992
339	29.0884
340	29.083
341	29.1397
342	29.2778
343	29.34
344	29.4237
345	29.4283
346	29.4405
347	29.4167
348	29.407
349	29.3765
350	29.3803
351	29.3898
352	29.3941
353	29.3941
354	29.382
355	29.3728
356	29.3728
357	29.3728
358	29.3825
359	29.4198
360	29.4209
361	29.4037
362	29.4331
363	29.4021
364	29.4091
365	29.4044
366	29.4145
367	29.4196
368	29.4654
369	29.4986
370	29.4962
371	29.4618
372	29.3591
373	29.3443
374	29.2467
375	29.2368
376	29.2436
377	29.2399
378	29.2502
379	29.2678
380	29.2678
381	29.2879
382	29.3038
383	29.3158
384	29.3238
385	29.3238
386	29.3238
387	29.3507
388	29.4094
389	29.3825
390	29.3402
391	29.2786
392	29.2675
393	29.245
394	29.2049
395	29.1639
396	29.1348
397	29.1103
398	29.1103
399	29.1499
400	29.246
401	29.3615
402	29.4101
403	29.4305
404	29.5354
405	29.5354
406	29.5354
407	29.6374
408	29.6441
409	29.6441
410	29.6441
411	29.6441
412	29.6441
413	29.6441
414	29.6441
415	29.6441
416	29.6546
417	29.6617
418	29.7134
419	29.717
420	29.7259
421	29.7259
422	29.7259
423	29.7787
424	29.7787
425	29.7787
426	29.9731
427	30.1147
428	30.3652
429	30.4767
430	30.5166
431	30.5223
432	30.5223
433	30.5223
434	30.5223
435	30.5183
436	30.5183
437	30.5183
438	30.5258
439	30.5258
440	30.5283
441	30.5014
442	30.4392
443	30.4004
444	30.4058
445	30.4014
446	30.3902
447	30.3872
448	30.3474
449	30.2891
450	30.2566
451	30.2537
452	30.2708
453	30.2708
454	30.2708
455	30.2708
456	30.2668
457	30.2668
458	30.2925
459	30.2925
460	30.3172
461	30.326
462	30.3407
463	30.402
464	30.576
465	30.4901
466	30.3141
467	30.1968
468	30.1968
469	30.105
470	30.105
471	29.8614
472	29.8614
473	29.8614
474	29.8614
475	29.8614
476	29.8614
477	29.8614
478	29.8614
479	29.8614
480	29.8614
481	29.8614
482	29.8614
483	29.8614
484	29.8614
485	29.8614
486	29.8614
487	29.8614
488	29.8614
489	29.8614
490	29.8614
491	29.8614
492	29.8614
493	29.8614
494	29.8614
495	29.8614
496	29.8614
497	29.8614
498	29.8614
499	29.8614
500	29.8614
501	29.8614
502	29.8614
503	29.8614
504	29.8614
505	29.8614
506	29.8614
507	29.8614
508	29.8614
509	29.8614
510	29.8614
511	29.8614
512	29.8614
513	29.8614
514	29.8614
515	29.8614
516	29.8614
517	29.8614
518	29.8614
519	29.8614
520	29.8614
521	29.8614
522	29.8614
523	29.8614
524	29.8614
525	29.8614
526	29.8614
527	29.8614
528	29.8614
529	29.8614
530	29.8614
531	29.8614
532	29.8614
533	29.8614
534	29.8614
535	29.8614
536	29.8614
537	29.8614
538	29.8614
539	29.8614
540	29.8614
541	29.8614
542	29.8614
543	29.8614
544	29.8614
545	29.8614
546	29.8614
547	29.8614
548	29.8614
549	29.8614
550	29.8614
551	29.8614
552	29.8614
553	29.8614
554	29.8614
555	29.8614
556	29.8614
557	29.8614
558	29.8614
559	29.8614
560	29.8614
561	29.8614
562	29.8614
563	29.8614
564	29.8614
565	29.8614
566	29.8614
567	29.8614
568	29.8614
569	29.8614
570	29.8614
571	29.8614
572	29.8614
573	29.8614
574	29.8614
575	29.8614
576	29.8614
577	29.8614
578	29.8614
579	29.8614
580	29.8614
581	29.8614
582	29.8614
583	29.8614
584	29.8614
585	29.8614
586	29.8614
587	29.8614
588	29.8614
589	29.8614
590	29.8614
591	29.8614
592	29.8614
593	29.8614
594	29.8614
595	29.8614
596	29.8614
597	29.8614
598	29.8614
599	29.8614
600	29.8614
601	29.8614
602	29.8614
603	29.8614
604	29.8614
605	29.8614
606	29.8614
607	29.8614
608	29.8614
609	29.8614
610	29.8614
611	29.8614
612	29.8614
613	29.8614
614	29.8614
615	29.8614
616	29.8614
617	29.8614
618	29.8614
619	29.8614
620	29.8614
621	29.8614
622	29.8614
623	29.8614
624	29.8614
625	29.8614
626	29.8614
627	29.8614
628	29.8614
629	29.8614
630	29.8614
631	29.8614
632	29.8614
633	29.8614
634	29.8614
635	29.8614
636	29.8614
637	29.8614
638	29.8614
639	29.8614
640	29.8614
641	29.8614
642	29.8614
643	29.8614
644	29.8614
645	29.8614
646	29.8614
647	29.8614
648	29.8614
649	29.8614
650	29.8614
651	29.8614
652	29.8614
653	29.8614
654	29.8614
655	29.8614
656	29.8614
657	29.8614
658	29.8614
659	29.8614
660	29.8614
661	29.8614
662	29.8614
663	29.8614
664	29.8614
665	29.8614
666	29.8614
667	29.8614
668	29.8614
669	29.8614
670	29.8614
671	29.8614
672	29.8614
673	29.8614
674	29.8614
675	29.8614
676	29.8614
677	29.8614
678	29.8614
679	29.8614
680	29.8614
681	29.8614
682	29.8614
683	29.8614
684	29.8614
685	29.8614
686	29.8614
687	29.8614
688	29.8614
689	29.8614
690	29.8614
691	29.8614
692	29.8614
693	29.8614
694	29.8614
695	29.8614
696	29.8614
697	29.8614
698	29.8614
699	29.8614
700	29.8614
701	29.8614
702	29.8614
703	29.8614
704	29.8614
705	29.8614
706	29.8614
707	29.8614
708	29.8614
709	29.8614
710	29.8614
711	29.8614
712	29.8614
713	29.8614
714	29.8614
715	29.8614
716	29.8614
717	29.8614
718	29.8614
719	29.8614
720	29.8614
721	29.8614
722	29.8614
723	29.8614
724	29.8614
725	29.8614
726	29.8614
727	29.8614
728	29.8614
729	29.8614
730	29.8614
731	29.8614
732	29.8614
733	29.8614
734	29.8614
735	29.8614
736	29.8614
737	29.8614
738	29.8614
739	29.8614
740	29.8614
741	29.8614
742	29.8614
743	29.8614
744	29.8614
745	29.8614
746	29.8614
747	29.8614
748	29.8614
749	29.8614
750	29.8614
751	29.8614
752	29.8614
753	29.8614
754	29.8614
755	29.9491
