Ne averages over 40 independent estimates.
Generation	Geometric_mean
1	23.5096
2	23.5096
3	23.5096
4	23.5096
5	23.5148
6	22.9657
7	37.8019
8	62.1596
9	181.683
10	296.41
11	302.668
12	300.708
13	323.824
14	384.441
15	387.264
16	411.89
17	491.437
18	496.558
19	495.288
20	506.937
21	604.661
22	645.261
23	746.418
24	939.507
25	1078.6
26	1181.4
27	1459.46
28	1604.75
29	1702.27
30	1740.94
31	1850.85
32	1880.34
33	2022.57
34	2027.22
35	2012.5
36	2018.4
37	2035.42
38	2023.46
39	2052.67
40	2081.41
41	2083.82
42	2065.2
43	2108.62
44	2103.44
45	2134.66
46	2176.33
47	2239.19
48	2317.03
49	2351.12
50	2355.32
51	2298.3
52	2272.29
53	2276.26
54	2274.57
55	2245.45
56	2216
57	2201.83
58	2164.28
59	2149.03
60	2158.02
61	2175.37
62	2144.26
63	2101.34
64	2072.52
65	2050.47
66	2079.53
67	2073.57
68	2063.3
69	2065.16
70	2036.78
71	1892.71
72	1696.96
73	1652.75
74	1651.49
75	1692.91
76	1666.55
77	1606.76
78	1570.23
79	1464.38
80	1363.37
81	1100.71
82	1077.63
83	961.445
84	954.974
85	1015.39
86	858.099
87	860.383
88	833.522
89	760.725
90	759.366
91	791.104
92	813.695
93	869.518
94	1069.59
95	1175.14
96	1202.23
97	1231.38
98	1323.36
99	1320.38
100	1315.11
101	1353.36
102	1427.46
103	1451.84
104	1513.02
105	1480.68
106	1442.21
107	1438.97
108	1528.74
109	1535.51
110	1523.16
111	1455.98
112	1452.55
113	1432.54
114	1432.78
115	1431.52
116	1453.81
117	1437.16
118	1362.62
119	1276.38
120	1212.01
121	1156.99
122	1090.48
123	1032.37
124	959.086
125	925.249
126	872.993
127	830.803
128	826.597
129	812.09
130	805.038
131	790.642
132	747.751
133	702.917
134	678.768
135	653.285
136	653.201
137	635.418
138	619.022
139	605.797
140	568.54
141	527.533
142	494.347
143	485.34
144	474.437
145	473.314
146	469.059
147	465.295
148	457.221
149	452.832
150	447.03
151	448.749
152	445.624
153	438.868
154	439.723
155	436.792
156	434.581
157	431.942
158	436.028
159	430.268
160	426.021
161	425.406
162	421.002
163	423.006
164	425.706
165	426.191
166	423.254
167	420.575
168	413.45
169	413.116
170	401.427
171	379.647
172	356.681
173	327.439
174	309.105
175	283.846
176	275.083
177	248.644
178	238.792
179	226.134
180	210.951
181	200.245
182	181.847
183	169.062
184	140.757
185	123.636
186	115.226
187	108.427
188	94.4889
189	88.8501
190	82.3869
191	77.1212
192	73.0809
193	70.0526
194	65.1898
195	63.2058
196	62.3835
197	58.9582
198	56.284
199	54.641
200	53.1328
201	51.4923
202	50.8336
203	49.33
204	46.655
205	42.8917
206	38.3756
207	35.9566
208	34.4769
209	34.4724
210	34.1246
211	33.5819
212	33.5716
213	33.4283
214	32.9721
215	31.7899
216	29.7612
217	27.5487
218	24.9645
219	23.8401
220	22.7662
221	22.7865
222	22.8495
223	22.8732
224	23.0477
225	23.0149
226	22.9033
227	22.9438
228	22.9745
229	22.9903
230	23.0199
231	23.0597
232	22.9466
233	22.9839
234	22.9645
235	22.9082
236	22.7839
237	22.7975
238	22.7204
239	22.7044
240	22.6798
241	22.6835
242	22.6474
243	22.5288
244	22.5207
245	22.511
246	22.4868
247	22.4645
248	22.4369
249	22.4185
250	22.4253
251	22.4253
252	22.42
253	22.4339
254	22.4732
255	22.4448
256	22.4398
257	22.4139
258	22.4041
259	22.3854
260	22.3707
261	22.3718
262	22.3737
263	22.376
264	22.3771
265	22.3423
266	22.3247
267	22.1967
268	22.1608
269	22.0335
270	22.0198
271	21.8965
272	21.8889
273	21.8597
274	21.8617
275	21.8485
276	22.0078
277	22.2032
278	22.1943
279	22.1798
280	22.1448
281	22.0968
282	22.0753
283	22.0863
284	22.1322
285	22.1422
286	22.1692
287	22.1815
288	22.1956
289	22.1525
290	22.133
291	22.1271
292	22.1184
293	22.1183
294	22.1143
295	22.1247
296	22.1227
297	22.122
298	22.134
299	22.1421
300	22.1421
301	22.1421
302	22.1353
303	22.1353
304	22.1363
305	22.1363
306	22.206
307	22.2667
308	22.2787
309	22.2734
310	22.2752
311	22.2762
312	22.2784
313	22.2805
314	22.2817
315	22.2843
316	22.2843
317	22.2843
318	22.2663
319	22.2423
320	22.2184
321	22.2091
322	22.1561
323	22.1421
324	22.1421
325	22.1611
326	22.2119
327	22.2226
328	22.2856
329	22.3088
330	22.3498
331	22.4182
332	22.4757
333	22.4869
334	22.4893
335	22.4842
336	22.4874
337	22.4879
338	22.5259
339	22.5259
340	22.5576
341	22.5888
342	22.786
343	22.8222
344	22.8222
345	22.8222
346	22.8222
347	22.777
348	22.777
349	22.7135
350	22.6833
351	22.6257
352	22.608
353	22.5886
354	22.5205
355	22.5607
356	22.5683
357	22.5267
358	22.5558
359	22.4497
360	22.371
361	22.4497
362	22.4382
363	22.4274
364	22.4489
365	22.4766
366	22.4976
367	22.5235
368	22.5343
369	22.5303
370	22.5347
371	22.5712
372	22.6017
373	22.6725
374	22.8483
375	23.0014
376	23.044
377	23.0853
378	23.0788
379	23.1173
380	23.1537
381	23.2382
382	23.3077
383	23.3077
384	23.3077
385	23.3136
386	23.3238
387	23.3238
388	23.3382
389	23.355
390	23.3706
391	23.3706
392	23.3607
393	23.3568
394	23.3618
395	23.3535
396	23.3535
397	23.3534
398	23.3534
399	23.3517
400	23.3517
401	23.3517
402	23.3517
403	23.4027
404	23.4027
405	23.4391
406	23.4364
407	23.3972
408	23.3721
409	23.3721
410	23.3206
411	23.3206
412	23.3206
413	23.2961
414	23.2961
415	23.2961
416	23.2961
417	23.302
418	23.302
419	23.3097
420	23.3054
421	23.2881
422	23.2866
423	23.2807
424	23.2674
425	23.2726
426	23.2585
427	23.2631
428	23.2652
429	23.2671
430	23.2704
431	23.2813
432	23.2891
433	23.2728
434	23.266
435	23.2413
436	23.2352
437	23.2194
438	23.2093
439	23.2431
440	23.2381
441	23.2792
442	23.3065
443	23.3368
444	23.4205
445	23.4431
446	23.4463
447	23.4584
448	23.4584
449	23.4639
450	23.4405
451	23.4093
452	23.3993
453	23.3993
454	23.345
455	23.3291
456	23.3226
457	23.3203
458	23.3174
459	23.2976
460	23.2851
461	23.2748
462	23.2682
463	23.2393
464	23.2393
465	23.2393
466	23.247
467	23.247
468	23.2878
469	23.2846
470	23.2846
471	23.2846
472	23.2846
473	23.3049
474	23.3049
475	23.2952
476	23.2851
477	23.2735
478	23.2798
479	23.2798
480	23.2674
481	23.2674
482	23.2674
483	23.2601
484	23.2601
485	23.2601
486	23.2601
487	23.2601
488	23.2601
489	23.2601
490	23.2601
491	23.2601
492	23.2601
493	23.2601
494	23.2601
495	23.2601
496	23.2601
497	23.2601
498	23.2601
499	23.2601
500	23.2601
501	23.2601
502	23.2601
503	23.2601
504	23.2601
505	23.2601
506	23.2601
507	23.2601
508	23.2601
509	23.2601
510	23.2601
511	23.2601
512	23.2601
513	23.2601
514	23.2601
515	23.2601
516	23.2601
517	23.2601
518	23.2601
519	23.2601
520	23.2601
521	23.2601
522	23.2601
523	23.2601
524	23.2601
525	23.2601
526	23.2601
527	23.2601
528	23.2601
529	23.2601
530	23.2601
531	23.2601
532	23.2601
533	23.2601
534	23.2601
535	23.2601
536	23.2601
537	23.2601
538	23.2601
539	23.2601
540	23.2601
541	23.2601
542	23.2601
543	23.2601
544	23.2601
545	23.2601
546	23.2601
547	23.2601
548	23.2601
549	23.2601
550	23.2601
551	23.2601
552	23.2601
553	23.2601
554	23.2601
555	23.2601
556	23.2601
557	23.2601
558	23.2601
559	23.2601
560	23.2601
561	23.2601
562	23.2601
563	23.2601
564	23.2601
565	23.2601
566	23.2601
567	23.2601
568	23.2601
569	23.2601
570	23.2601
571	23.2601
572	23.2601
573	23.2601
574	23.2601
575	23.2601
576	23.2601
577	23.2601
578	23.2601
579	23.2601
580	23.2601
581	23.2601
582	23.2601
583	23.2601
584	23.2601
585	23.2601
586	23.2601
587	23.2601
588	23.2601
589	23.2601
590	23.2601
591	23.2601
592	23.2601
593	23.2601
594	23.2601
595	23.2601
596	23.2601
597	23.2601
598	23.2601
599	23.2601
600	23.2601
601	23.2601
602	23.2601
603	23.2601
604	23.2601
605	23.2601
606	23.2601
607	23.2601
608	23.2601
609	23.2601
610	23.2601
611	23.2601
612	23.2601
613	23.2601
614	23.2601
615	23.2601
616	23.2601
617	23.2601
618	23.2601
619	23.2601
620	23.2601
621	23.2601
622	23.2601
623	23.2601
624	23.2601
625	23.2601
626	23.2601
627	23.2601
628	23.2601
629	23.2601
630	23.2601
631	23.2601
632	23.2601
633	23.2601
634	23.2601
635	23.2601
636	23.2601
637	23.2601
638	23.2601
639	23.2601
640	23.2601
641	23.2601
642	23.2601
643	23.2601
644	23.2601
645	23.2601
646	23.2601
647	23.2601
648	23.2601
649	23.2601
650	23.2601
651	23.2601
652	23.2601
653	23.2601
654	23.2601
655	23.2601
656	23.2601
657	23.2601
658	23.2601
659	23.2601
660	23.2601
661	23.2601
662	23.2601
663	23.2601
664	23.2601
665	23.2601
666	23.2601
667	23.2601
668	23.2601
669	23.2601
670	23.2601
671	23.2601
672	23.2601
673	23.2601
674	23.2601
675	23.2601
676	23.2601
677	23.2601
678	23.2601
679	23.2601
680	23.2601
681	23.2601
682	23.2601
683	23.2601
684	23.2601
685	23.2601
686	23.2601
687	23.2601
688	23.2601
689	23.2601
690	23.2601
691	23.2601
692	23.2601
693	23.2601
694	23.2601
695	23.2601
696	23.2601
697	23.2601
698	23.2601
699	23.2601
700	23.2601
701	23.2601
702	23.2601
703	23.2601
704	23.2601
705	23.2601
706	23.2601
707	23.2601
708	23.2601
709	23.2601
710	23.2601
711	23.2601
712	23.2601
713	23.2601
714	23.2601
715	23.2601
716	23.2601
717	23.2601
718	23.2601
719	23.2601
720	23.2601
721	23.2601
722	23.2601
723	23.2601
724	23.2601
725	23.2601
726	23.2601
727	23.2601
728	23.2601
729	23.2601
730	23.2601
731	23.2601
732	23.2601
733	23.2601
734	23.2601
735	23.2601
736	23.2601
737	23.2601
738	23.2601
739	23.2601
740	23.2601
741	23.2601
742	23.2601
743	23.2601
744	23.2601
745	23.2601
746	23.2601
747	23.2601
748	23.2601
749	23.2601
750	23.2601
751	23.2601
752	23.2601
753	23.2601
754	23.2601
755	22.8387
