Ne averages over 40 independent estimates.
Generation	Geometric_mean
1	23.9597
2	23.9597
3	23.9597
4	23.9597
5	28.674
6	28.0429
7	32.8108
8	40.3523
9	184.436
10	314.442
11	354.997
12	362.354
13	369.75
14	487.905
15	497.397
16	547.558
17	554.229
18	580.649
19	613.23
20	643.51
21	803.993
22	951.502
23	950.384
24	1037.9
25	1264.48
26	1346.31
27	1340.39
28	1377.54
29	1377.03
30	1338.08
31	1420.76
32	1469.91
33	1666.03
34	1764.93
35	1970.24
36	2071.96
37	2155.97
38	2228.2
39	2253.65
40	2305.17
41	2383.85
42	2431.18
43	2495.67
44	2500.11
45	2507.6
46	2529.06
47	2517.01
48	2516.01
49	2552.94
50	2535.19
51	2440.75
52	2387.27
53	2342.4
54	2329.98
55	2357.61
56	2401.54
57	2388.35
58	2411.11
59	2409.15
60	2427.13
61	2414.92
62	2423.29
63	2372.05
64	2335.05
65	2302.27
66	2251.31
67	2105.25
68	2084.28
69	2023.63
70	2019.8
71	1999.93
72	1967.67
73	1851.24
74	1813.61
75	1798.3
76	1740.48
77	1621.52
78	1537.73
79	1377.48
80	1172.38
81	1135.54
82	1116.39
83	1095.41
84	1115.74
85	1131.77
86	1183.25
87	1182.2
88	1170.13
89	1233.82
90	1408.93
91	1405.78
92	1554.07
93	1697.37
94	1757.4
95	1739.22
96	1715.61
97	1702.46
98	1686.01
99	1670.49
100	1690.72
101	1731.99
102	1767.35
103	1963.03
104	1987.94
105	1968.09
106	1929.17
107	1936.2
108	2023.78
109	2105.64
110	2149.35
111	2150.73
112	2138.65
113	2118.63
114	2029.6
115	2001.09
116	1909.3
117	1813.3
118	1677.66
119	1561.03
120	1500.67
121	1368.95
122	1298.62
123	1235.7
124	1183.33
125	1149.96
126	1137.97
127	1096.19
128	982.901
129	896.874
130	799.079
131	785.856
132	766.768
133	751.805
134	749.219
135	727.374
136	724.954
137	724.012
138	723.285
139	721.066
140	712.164
141	709.942
142	708.243
143	700.408
144	665.03
145	627.37
146	612.404
147	608.729
148	606.118
149	598.708
150	592.129
151	578.976
152	564.533
153	547.586
154	538.59
155	536.093
156	531.146
157	527.182
158	515.905
159	514.765
160	506.125
161	500.03
162	493.218
163	487.614
164	480.78
165	480.542
166	474.82
167	477.538
168	475.071
169	465.13
170	449.507
171	419.503
172	405.396
173	385.312
174	360.751
175	315.289
176	270.903
177	259.575
178	241.8
179	212.883
180	202.892
181	193.234
182	184.206
183	176.392
184	171.549
185	165.201
186	162.391
187	153.556
188	142.189
189	118.59
190	103.277
191	89.8004
192	85.6322
193	81.3077
194	73.7257
195	71.5716
196	66.2331
197	64.247
198	61.0879
199	56.2791
200	54.4232
201	51.6346
202	49.9215
203	46.9463
204	45.6241
205	44.9065
206	41.7024
207	39.8902
208	37.3363
209	35.9417
210	34.8239
211	34.3908
212	33.0428
213	32.0774
214	32.0251
215	31.1226
216	30.7352
217	30.2141
218	29.963
219	28.6469
220	28.129
221	26.792
222	25.7564
223	23.8273
224	23.0818
225	21.7671
226	20.937
227	20.992
228	21.0934
229	21.1679
230	21.0688
231	21.0929
232	21.2046
233	21.0459
234	20.8839
235	20.7151
236	20.6316
237	20.5523
238	20.4484
239	20.4577
240	20.3483
241	20.1939
242	20.0729
243	19.8264
244	19.6225
245	19.6435
246	19.6288
247	19.654
248	19.676
249	19.676
250	19.6834
251	19.6836
252	19.6948
253	19.7012
254	19.7028
255	19.7167
256	19.7642
257	19.8108
258	19.8034
259	19.7775
260	19.6917
261	19.6547
262	19.6597
263	19.6542
264	19.6569
265	19.7085
266	19.7254
267	19.7254
268	19.7321
269	19.7009
270	19.676
271	19.5701
272	19.5709
273	19.5558
274	19.5444
275	19.535
276	19.5323
277	19.5323
278	19.5253
279	19.5194
280	19.5194
281	19.5194
282	19.5221
283	19.5208
284	19.5208
285	19.5208
286	19.52
287	19.5191
288	19.5191
289	19.5163
290	19.535
291	19.5225
292	19.5337
293	19.5347
294	19.534
295	19.5238
296	19.5184
297	19.5142
298	19.517
299	19.5088
300	19.5078
301	19.4691
302	19.4531
303	19.4274
304	19.4276
305	19.4275
306	19.4284
307	19.4162
308	19.4105
309	19.3921
310	19.3957
311	19.3955
312	19.4485
313	19.4983
314	19.4572
315	19.3851
316	19.2684
317	19.2556
318	19.2375
319	19.2427
320	19.2093
321	19.2093
322	19.1834
323	19.1471
324	19.1328
325	19.1314
326	19.1308
327	19.1413
328	19.1589
329	19.1698
330	19.1715
331	19.1868
332	19.1886
333	19.1903
334	19.1889
335	19.1937
336	19.2145
337	19.213
338	19.2207
339	19.2312
340	19.2317
341	19.235
342	19.2544
343	19.2567
344	19.252
345	19.2446
346	19.2455
347	19.2503
348	19.2435
349	19.2382
350	19.2141
351	19.1743
352	19.1743
353	19.14
354	19.1508
355	19.1162
356	19.0755
357	19.0655
358	19.0563
359	19.0499
360	19.0499
361	19.0528
362	19.0528
363	19.0528
364	19.0528
365	19.0499
366	19.0499
367	19.0513
368	19.0513
369	19.078
370	19.0861
371	19.0937
372	19.1046
373	19.1046
374	19.1277
375	19.0958
376	19.0677
377	19.0038
378	18.9905
379	18.8924
380	18.8645
381	18.8545
382	18.849
383	18.82
384	18.8444
385	18.915
386	18.9334
387	18.9444
388	18.9557
389	18.9641
390	18.941
391	18.9369
392	18.9274
393	18.9066
394	18.8982
395	18.889
396	18.915
397	18.8925
398	18.8618
399	18.8515
400	18.8462
401	18.8334
402	18.9003
403	18.8938
404	18.9582
405	18.9917
406	19.0615
407	19.1005
408	19.1005
409	19.1362
410	19.1362
411	19.1706
412	19.1118
413	19.074
414	18.9988
415	18.9778
416	18.9552
417	18.9289
418	18.8456
419	18.8072
420	18.8472
421	18.9248
422	18.8982
423	18.8982
424	18.9049
425	18.8703
426	18.8665
427	18.8921
428	18.925
429	18.9729
430	19.0505
431	19.0575
432	19.0631
433	19.0964
434	19.1692
435	19.2309
436	19.2309
437	19.2309
438	19.2309
439	19.2534
440	19.2772
441	19.3099
442	19.3292
443	19.3515
444	19.3776
445	19.3967
446	19.4002
447	19.4222
448	19.4222
449	19.4166
450	19.4643
451	19.4756
452	19.4555
453	19.388
454	19.3753
455	19.3882
456	19.3865
457	19.3865
458	19.356
459	19.3715
460	19.3715
461	19.3811
462	19.385
463	19.3964
464	19.4008
465	19.4044
466	19.3996
467	19.3996
468	19.3989
469	19.3989
470	19.3989
471	19.3989
472	19.4126
473	19.4552
474	19.4705
475	19.4982
476	19.5073
477	19.5073
478	19.5073
479	19.5073
480	19.5073
481	19.5073
482	19.5073
483	19.5073
484	19.5073
485	19.5073
486	19.5073
487	19.5073
488	19.5073
489	19.5073
490	19.5073
491	19.5073
492	19.5073
493	19.5073
494	19.5073
495	19.5073
496	19.5073
497	19.5073
498	19.5073
499	19.5073
500	19.5073
501	19.5073
502	19.5073
503	19.5073
504	19.5073
505	19.5073
506	19.5073
507	19.5073
508	19.5073
509	19.5073
510	19.5073
511	19.5073
512	19.5073
513	19.5073
514	19.5073
515	19.5073
516	19.5073
517	19.5073
518	19.5073
519	19.5073
520	19.5073
521	19.5073
522	19.5073
523	19.5073
524	19.5073
525	19.5073
526	19.5073
527	19.5073
528	19.5073
529	19.5073
530	19.5073
531	19.5073
532	19.5073
533	19.5073
534	19.5073
535	19.5073
536	19.5073
537	19.5073
538	19.5073
539	19.5073
540	19.5073
541	19.5073
542	19.5073
543	19.5073
544	19.5073
545	19.5073
546	19.5073
547	19.5073
548	19.5073
549	19.5073
550	19.5073
551	19.5073
552	19.5073
553	19.5073
554	19.5073
555	19.5073
556	19.5073
557	19.5073
558	19.5073
559	19.5073
560	19.5073
561	19.5073
562	19.5073
563	19.5073
564	19.5073
565	19.5073
566	19.5073
567	19.5073
568	19.5073
569	19.5073
570	19.5073
571	19.5073
572	19.5073
573	19.5073
574	19.5073
575	19.5073
576	19.5073
577	19.5073
578	19.5073
579	19.5073
580	19.5073
581	19.5073
582	19.5073
583	19.5073
584	19.5073
585	19.5073
586	19.5073
587	19.5073
588	19.5073
589	19.5073
590	19.5073
591	19.5073
592	19.5073
593	19.5073
594	19.5073
595	19.5073
596	19.5073
597	19.5073
598	19.5073
599	19.5073
600	19.5073
601	19.5073
602	19.5073
603	19.5073
604	19.5073
605	19.5073
606	19.5073
607	19.5073
608	19.5073
609	19.5073
610	19.5073
611	19.5073
612	19.5073
613	19.5073
614	19.5073
615	19.5073
616	19.5073
617	19.5073
618	19.5073
619	19.5073
620	19.5073
621	19.5073
622	19.5073
623	19.5073
624	19.5073
625	19.5073
626	19.5073
627	19.5073
628	19.5073
629	19.5073
630	19.5073
631	19.5073
632	19.5073
633	19.5073
634	19.5073
635	19.5073
636	19.5073
637	19.5073
638	19.5073
639	19.5073
640	19.5073
641	19.5073
642	19.5073
643	19.5073
644	19.5073
645	19.5073
646	19.5073
647	19.5073
648	19.5073
649	19.5073
650	19.5073
651	19.5073
652	19.5073
653	19.5073
654	19.5073
655	19.5073
656	19.5073
657	19.5073
658	19.5073
659	19.5073
660	19.5073
661	19.5073
662	19.5073
663	19.5073
664	19.5073
665	19.5073
666	19.5073
667	19.5073
668	19.5073
669	19.5073
670	19.5073
671	19.5073
672	19.5073
673	19.5073
674	19.5073
675	19.5073
676	19.5073
677	19.5073
678	19.5073
679	19.5073
680	19.5073
681	19.5073
682	19.5073
683	19.5073
684	19.5073
685	19.5073
686	19.5073
687	19.5073
688	19.5073
689	19.5073
690	19.5073
691	19.5073
692	19.5073
693	19.5073
694	19.5073
695	19.5073
696	19.5073
697	19.5073
698	19.5073
699	19.5073
700	19.5073
701	19.5073
702	19.5073
703	19.5073
704	19.5073
705	19.5073
706	19.5073
707	19.5073
708	19.5073
709	19.5073
710	19.5073
711	19.5073
712	19.5073
713	19.5073
714	19.5073
715	19.5073
716	19.5073
717	19.5073
718	19.5073
719	19.5073
720	19.5073
721	19.5073
722	19.5073
723	19.5073
724	19.5073
725	19.5073
726	19.5073
727	19.5073
728	19.5073
729	19.5073
730	19.5073
731	19.5073
732	19.5073
733	19.5073
734	19.5073
735	19.5073
736	19.5073
737	19.5073
738	19.5073
739	19.5073
740	19.5073
741	19.5073
742	19.5073
743	19.5073
744	19.5073
745	19.5073
746	19.5073
747	19.5073
748	19.5073
749	19.5073
750	19.5073
751	19.5073
752	19.5073
753	19.5073
754	19.5073
755	19.6983
