Ne averages over 40 independent estimates.
Generation	Geometric_mean
1	22.6973
2	22.6973
3	22.6973
4	22.6973
5	28.6791
6	31.8575
7	53.8085
8	63.2318
9	132.719
10	275.718
11	342.214
12	380.202
13	425.511
14	455.549
15	477.86
16	484.702
17	496.941
18	508.262
19	549.518
20	574.191
21	750.682
22	719.453
23	738.065
24	731.381
25	734.587
26	767.756
27	795.472
28	909.372
29	927.898
30	1035.03
31	1040.06
32	1042.08
33	1054.55
34	1086.86
35	1121.79
36	1176.65
37	1224.38
38	1256.24
39	1279.32
40	1293
41	1311.26
42	1323.34
43	1323.69
44	1325.53
45	1339.34
46	1339.48
47	1345.34
48	1341.41
49	1355.43
50	1352.42
51	1353.05
52	1353.58
53	1344.74
54	1335.11
55	1315.87
56	1327.66
57	1320.09
58	1310.52
59	1325.35
60	1327.34
61	1272.88
62	1249.12
63	1243.84
64	1233.68
65	1213.59
66	1186.32
67	1135.53
68	1037.59
69	942.462
70	928.257
71	894.853
72	792.276
73	773.272
74	737.905
75	651.325
76	640.554
77	584.23
78	550.458
79	533.236
80	459.91
81	352.893
82	322.901
83	318.193
84	387.059
85	358.977
86	348.582
87	296.347
88	235.863
89	226.57
90	210.51
91	239.585
92	279.589
93	322.432
94	353.859
95	363.793
96	420.156
97	429.565
98	436.9
99	473.276
100	502.551
101	529.039
102	578.159
103	578.737
104	589.203
105	645.943
106	693.002
107	705.831
108	704.178
109	676.658
110	673.36
111	643.725
112	635.643
113	634.436
114	640.161
115	636.887
116	624.599
117	602.656
118	600.921
119	615.174
120	612.544
121	615.407
122	610.085
123	589.941
124	579.65
125	540.271
126	511.341
127	480.871
128	468.517
129	448.696
130	449.584
131	434.578
132	420.44
133	407.956
134	395.407
135	383.263
136	383.156
137	375.705
138	371.999
139	372.28
140	373.217
141	374.209
142	367.049
143	357.112
144	354.799
145	355.889
146	356.847
147	356.356
148	358.996
149	355.171
150	346.788
151	344.026
152	339.184
153	337.025
154	341.947
155	337.944
156	333.863
157	325.749
158	323.671
159	325.862
160	319.824
161	310.89
162	310.287
163	307.53
164	300.904
165	295.647
166	294.975
167	296.201
168	295.144
169	296.089
170	298.018
171	298.067
172	296.808
173	295.751
174	292.503
175	290.34
176	285.318
177	272.037
178	256.356
179	244.526
180	238.361
181	235.297
182	225.353
183	216.054
184	207.159
185	198.563
186	192.39
187	191.796
188	189.263
189	188.95
190	184.454
191	181.927
192	179.574
193	174.957
194	159.065
195	138.981
196	128.388
197	115.323
198	105.261
199	99.1732
200	92.8615
201	89.6255
202	84.7153
203	79.5135
204	73.1959
205	71.4679
206	67.9548
207	65.1175
208	60.7603
209	57.9655
210	54.347
211	50.2154
212	48.6756
213	47.7506
214	47.3041
215	46.8076
216	44.7363
217	43.6265
218	42.2716
219	41.1679
220	40.8447
221	40.7814
222	39.0087
223	36.2161
224	34.6799
225	33.7529
226	33.3346
227	32.8768
228	32.7232
229	33.0581
230	33.4904
231	33.7757
232	33.8623
233	33.9358
234	34.2566
235	34.3015
236	34.3353
237	34.6677
238	34.6934
239	34.9192
240	35.0483
241	34.9618
242	35.2388
243	35.3689
244	35.3466
245	35.1417
246	35.0389
247	35.1264
248	35.0985
249	35.1144
250	35.1418
251	35.1484
252	35.1538
253	35.1575
254	35.1679
255	35.225
256	35.2441
257	35.2567
258	35.2903
259	35.2948
260	35.306
261	35.3176
262	35.3273
263	35.4095
264	35.4095
265	35.476
266	35.5298
267	35.5748
268	35.5993
269	35.6803
270	35.8054
271	35.8154
272	35.8487
273	35.937
274	36.0316
275	36.1234
276	36.1234
277	36.1385
278	36.1269
279	36.1304
280	36.1682
281	36.173
282	36.1931
283	36.1518
284	36.1858
285	36.2295
286	36.0743
287	35.91
288	35.9697
289	36.0305
290	35.8316
291	35.8303
292	35.7488
293	35.743
294	35.6823
295	35.7837
296	35.7855
297	35.8867
298	35.9859
299	36.142
300	36.142
301	36.0473
302	36.0146
303	35.9542
304	35.9704
305	35.9808
306	35.9619
307	35.9619
308	35.9619
309	35.939
310	35.939
311	35.917
312	35.8732
313	35.8706
314	35.8804
315	35.875
316	35.8783
317	35.8871
318	35.9033
319	35.9331
320	35.9271
321	35.9271
322	35.9271
323	35.9271
324	35.9368
325	35.9368
326	35.9368
327	35.9368
328	35.9368
329	35.9368
330	35.9368
331	35.9281
332	35.9258
333	35.912
334	35.9048
335	35.8985
336	35.8919
337	35.8919
338	35.8919
339	35.8884
340	35.8917
341	35.8941
342	35.8941
343	35.9788
344	36.0215
345	36.0964
346	36.1158
347	36.1357
348	36.1367
349	36.2097
350	36.1916
351	36.1994
352	36.1998
353	36.2019
354	36.1973
355	36.1847
356	36.1888
357	36.1864
358	36.0433
359	36.0924
360	35.9626
361	36.0005
362	36.0865
363	36.1204
364	36.1204
365	36.1204
366	36.122
367	36.0822
368	36.0822
369	36.0843
370	36.0843
371	36.0896
372	36.2302
373	36.5139
374	36.7563
375	36.7563
376	36.8324
377	36.8324
378	36.7258
379	36.6353
380	36.5396
381	36.4486
382	36.2461
383	36.1444
384	36.0462
385	36.0462
386	36.054
387	36.0565
388	36.0565
389	36.066
390	36.0013
391	36.0427
392	36.169
393	36.169
394	35.9428
395	35.9428
396	35.7621
397	35.6393
398	35.4171
399	35.5354
400	35.5885
401	35.6053
402	35.6092
403	35.5906
404	35.5912
405	35.5384
406	35.5029
407	35.5109
408	35.5091
409	35.5338
410	35.5338
411	35.5437
412	35.5437
413	35.5437
414	35.5437
415	35.5437
416	35.5437
417	35.5402
418	35.53
419	35.399
420	35.3722
421	35.3798
422	35.377
423	35.3816
424	35.3868
425	35.385
426	35.385
427	35.4355
428	35.4355
429	35.4355
430	35.4355
431	35.5062
432	35.5565
433	35.5565
434	35.6126
435	35.6432
436	35.674
437	35.7123
438	35.7134
439	35.7134
440	35.703
441	35.7016
442	35.7016
443	35.7016
444	35.7001
445	35.735
446	35.8806
447	35.8806
448	35.9302
449	35.9734
450	36.0165
451	36.0171
452	36.0381
453	36.0241
454	35.9651
455	35.8593
456	35.8443
457	35.7357
458	35.5607
459	35.5612
460	35.5612
461	35.5554
462	35.5554
463	35.5554
464	35.5554
465	35.5554
466	35.5554
467	35.544
468	35.5421
469	35.5421
470	35.5271
471	35.5331
472	35.5432
473	35.5479
474	35.5479
475	35.5479
476	35.5479
477	35.5479
478	35.5271
479	35.4776
480	35.4459
481	35.4004
482	35.3639
483	35.3639
484	35.3639
485	35.3639
486	35.3639
487	35.3639
488	35.3639
489	35.3639
490	35.3639
491	35.3639
492	35.3639
493	35.3639
494	35.3639
495	35.3639
496	35.3639
497	35.3639
498	35.3639
499	35.3639
500	35.3639
501	35.3639
502	35.3639
503	35.3639
504	35.3639
505	35.3639
506	35.3639
507	35.3639
508	35.3639
509	35.3639
510	35.3639
511	35.3639
512	35.3639
513	35.3639
514	35.3639
515	35.3639
516	35.3639
517	35.3639
518	35.3639
519	35.3639
520	35.3639
521	35.3639
522	35.3639
523	35.3639
524	35.3639
525	35.3639
526	35.3639
527	35.3639
528	35.3639
529	35.3639
530	35.3639
531	35.3639
532	35.3639
533	35.3639
534	35.3639
535	35.3639
536	35.3639
537	35.3639
538	35.3639
539	35.3639
540	35.3639
541	35.3639
542	35.3639
543	35.3639
544	35.3639
545	35.3639
546	35.3639
547	35.3639
548	35.3639
549	35.3639
550	35.3639
551	35.3639
552	35.3639
553	35.3639
554	35.3639
555	35.3639
556	35.3639
557	35.3639
558	35.3639
559	35.3639
560	35.3639
561	35.3639
562	35.3639
563	35.3639
564	35.3639
565	35.3639
566	35.3639
567	35.3639
568	35.3639
569	35.3639
570	35.3639
571	35.3639
572	35.3639
573	35.3639
574	35.3639
575	35.3639
576	35.3639
577	35.3639
578	35.3639
579	35.3639
580	35.3639
581	35.3639
582	35.3639
583	35.3639
584	35.3639
585	35.3639
586	35.3639
587	35.3639
588	35.3639
589	35.3639
590	35.3639
591	35.3639
592	35.3639
593	35.3639
594	35.3639
595	35.3639
596	35.3639
597	35.3639
598	35.3639
599	35.3639
600	35.3639
601	35.3639
602	35.3639
603	35.3639
604	35.3639
605	35.3639
606	35.3639
607	35.3639
608	35.3639
609	35.3639
610	35.3639
611	35.3639
612	35.3639
613	35.3639
614	35.3639
615	35.3639
616	35.3639
617	35.3639
618	35.3639
619	35.3639
620	35.3639
621	35.3639
622	35.3639
623	35.3639
624	35.3639
625	35.3639
626	35.3639
627	35.3639
628	35.3639
629	35.3639
630	35.3639
631	35.3639
632	35.3639
633	35.3639
634	35.3639
635	35.3639
636	35.3639
637	35.3639
638	35.3639
639	35.3639
640	35.3639
641	35.3639
642	35.3639
643	35.3639
644	35.3639
645	35.3639
646	35.3639
647	35.3639
648	35.3639
649	35.3639
650	35.3639
651	35.3639
652	35.3639
653	35.3639
654	35.3639
655	35.3639
656	35.3639
657	35.3639
658	35.3639
659	35.3639
660	35.3639
661	35.3639
662	35.3639
663	35.3639
664	35.3639
665	35.3639
666	35.3639
667	35.3639
668	35.3639
669	35.3639
670	35.3639
671	35.3639
672	35.3639
673	35.3639
674	35.3639
675	35.3639
676	35.3639
677	35.3639
678	35.3639
679	35.3639
680	35.3639
681	35.3639
682	35.3639
683	35.3639
684	35.3639
685	35.3639
686	35.3639
687	35.3639
688	35.3639
689	35.3639
690	35.3639
691	35.3639
692	35.3639
693	35.3639
694	35.3639
695	35.3639
696	35.3639
697	35.3639
698	35.3639
699	35.3639
700	35.3639
701	35.3639
702	35.3639
703	35.3639
704	35.3639
705	35.3639
706	35.3639
707	35.3639
708	35.3639
709	35.3639
710	35.3639
711	35.3639
712	35.3639
713	35.3639
714	35.3639
715	35.3639
716	35.3639
717	35.3639
718	35.3639
719	35.3639
720	35.3639
721	35.3639
722	35.3639
723	35.3639
724	35.3639
725	35.3639
726	35.3639
727	35.3639
728	35.3639
729	35.3639
730	35.3639
731	35.3639
732	35.3639
733	35.3639
734	35.3639
735	35.3639
736	35.3639
737	35.3639
738	35.3639
739	35.3639
740	35.3639
741	35.3639
742	35.3639
743	35.3639
744	35.3639
745	35.3639
746	35.3639
747	35.3639
748	35.3639
749	35.3639
750	35.3639
751	35.3639
752	35.3639
753	35.3639
754	35.3639
755	35.322
