Ne averages over 40 independent estimates.
Generation	Geometric_mean
1	22.4897
2	22.4897
3	22.4897
4	22.4897
5	27.0897
6	29.1348
7	35.9806
8	48.9474
9	203.213
10	255.035
11	265.812
12	278.492
13	300.245
14	319.659
15	336.524
16	336.154
17	406.025
18	416.472
19	442.04
20	448.798
21	579.69
22	591.652
23	622.282
24	664.614
25	815.337
26	1023.94
27	1294.28
28	1414.28
29	1488.15
30	1763.82
31	1859.27
32	1971.5
33	2068.11
34	2092.93
35	2151.68
36	2233.44
37	2356.96
38	2362.57
39	2364.62
40	2318.8
41	2333.11
42	2352.52
43	2316.8
44	2331.76
45	2408.02
46	2460.73
47	2459.54
48	2484.5
49	2561.53
50	2589.35
51	2667.99
52	2721.12
53	2685.05
54	2643.97
55	2609.46
56	2538.22
57	2534.78
58	2514.95
59	2511.62
60	2435.17
61	2383.01
62	2408.88
63	2425.51
64	2477.66
65	2532.54
66	2625.84
67	2655.94
68	2640.93
69	2686.99
70	2713.94
71	2731.95
72	2578.44
73	2517.87
74	2456.18
75	2372.66
76	2313.88
77	2195.91
78	2183
79	2126.16
80	2004.57
81	1778.49
82	1724.99
83	1678.49
84	1680.29
85	1640.87
86	1647.01
87	1509.2
88	1488.55
89	1265.76
90	1266.47
91	1150.69
92	1204
93	1274.38
94	1312.35
95	1265.12
96	1295.49
97	1412.95
98	1416.57
99	1444.98
100	1423.55
101	1554.18
102	1547.53
103	1749.04
104	1809.17
105	1846.61
106	1842.88
107	1847.9
108	1991.52
109	1863.54
110	1777.28
111	1762.11
112	1760.75
113	1766.72
114	1679.78
115	1603.8
116	1555.52
117	1488.81
118	1369.08
119	1275.28
120	1242.75
121	1193.07
122	1169.62
123	1129.47
124	1074.72
125	1030.85
126	972.109
127	932.794
128	878.909
129	834.183
130	810.096
131	778.662
132	741.028
133	712.827
134	655.622
135	617.833
136	594.632
137	578.503
138	567.927
139	551.465
140	537.625
141	533.012
142	522.138
143	523.522
144	515.939
145	509.815
146	495.549
147	491.329
148	489.433
149	490.472
150	488.561
151	486.489
152	479.208
153	472.198
154	467.712
155	460.195
156	453.883
157	452.846
158	454.505
159	453.61
160	450.778
161	447.996
162	442.307
163	437.967
164	431.953
165	429.677
166	423.566
167	412.021
168	406.417
169	393.365
170	387.081
171	372.705
172	351.49
173	339.679
174	323.754
175	303.856
176	275.347
177	239.301
178	227.807
179	202.196
180	183.657
181	156.495
182	143.249
183	132.142
184	118.619
185	108.559
186	101.153
187	91.9417
188	85.0416
189	76.5158
190	74.3594
191	62.4273
192	54.4661
193	52.2851
194	48.5701
195	43.8973
196	40.7972
197	40.0416
198	39.6136
199	38.7019
200	37.0518
201	35.3748
202	33.9038
203	32.2603
204	30.7967
205	30.6911
206	30.0507
207	29.1657
208	28.3434
209	27.6606
210	26.7332
211	25.6645
212	24.9993
213	24.3555
214	23.8956
215	23.6498
216	23.7086
217	23.6589
218	23.1382
219	22.2191
220	21.211
221	20.0035
222	19.2243
223	18.9979
224	19.0808
225	19.061
226	19.0043
227	18.917
228	18.8814
229	18.8378
230	18.7589
231	18.4971
232	18.5268
233	18.5105
234	18.4791
235	18.4368
236	18.4579
237	18.4704
238	18.5094
239	18.4543
240	18.2956
241	18.2672
242	18.3068
243	18.3054
244	18.3073
245	18.3595
246	18.4963
247	18.4956
248	18.5349
249	18.557
250	18.5313
251	18.5186
252	18.5075
253	18.498
254	18.506
255	18.5138
256	18.5297
257	18.5398
258	18.5488
259	18.5559
260	18.5411
261	18.5198
262	18.5099
263	18.5078
264	18.4889
265	18.4988
266	18.518
267	18.5209
268	18.5189
269	18.5283
270	18.5389
271	18.5318
272	18.5077
273	18.4718
274	18.4193
275	18.3597
276	18.3021
277	18.2606
278	18.2606
279	18.2593
280	18.238
281	18.2309
282	18.2104
283	18.1819
284	18.2015
285	18.195
286	18.1937
287	18.2173
288	18.3043
289	18.3041
290	18.3111
291	18.3111
292	18.3111
293	18.2947
294	18.289
295	18.2638
296	18.25
297	18.243
298	18.2782
299	18.2545
300	18.2914
301	18.3084
302	18.3353
303	18.348
304	18.3558
305	18.3845
306	18.4011
307	18.4011
308	18.3904
309	18.3868
310	18.3425
311	18.2881
312	18.3078
313	18.3117
314	18.3158
315	18.3287
316	18.3135
317	18.3218
318	18.3634
319	18.4451
320	18.4747
321	18.6936
322	18.7064
323	18.7064
324	18.7331
325	18.7426
326	18.8084
327	18.8451
328	18.8598
329	18.9382
330	18.9781
331	19.0137
332	19.0752
333	19.0752
334	19.0826
335	19.0787
336	19.0713
337	19.053
338	19.0297
339	19.024
340	19.024
341	19.0235
342	19.0235
343	19.0227
344	19.0227
345	19.0229
346	18.9758
347	18.9681
348	18.9352
349	18.9267
350	18.9229
351	18.9199
352	18.9145
353	18.9152
354	18.9152
355	18.9049
356	18.8981
357	18.9025
358	18.8771
359	18.8516
360	18.8338
361	18.8273
362	18.8583
363	18.8621
364	18.8751
365	18.8725
366	18.8664
367	18.8581
368	18.8542
369	18.8542
370	18.8542
371	18.8561
372	18.8655
373	18.8581
374	18.8698
375	18.8885
376	18.8662
377	18.8857
378	18.8928
379	18.9015
380	18.9058
381	18.9058
382	18.9058
383	18.8956
384	18.8956
385	18.8956
386	18.9231
387	18.9497
388	18.9779
389	18.9961
390	19.0046
391	18.9845
392	18.9701
393	18.9877
394	18.9814
395	18.9814
396	18.986
397	18.9893
398	18.9917
399	18.9779
400	18.96
401	18.96
402	18.96
403	18.96
404	18.9549
405	18.9403
406	18.9279
407	18.9117
408	18.9065
409	18.9065
410	18.8912
411	18.9379
412	18.9805
413	19.0073
414	19.0091
415	19.0053
416	19.0272
417	19.0738
418	19.0738
419	19.0851
420	19.0851
421	19.0851
422	19.0848
423	19.0848
424	19.0878
425	19.1386
426	19.1386
427	19.1739
428	19.2139
429	19.2632
430	19.286
431	19.3213
432	19.3219
433	19.3266
434	19.3235
435	19.3365
436	19.334
437	19.3319
438	19.3215
439	19.3176
440	19.3176
441	19.3158
442	19.2905
443	19.2892
444	19.2892
445	19.2892
446	19.2892
447	19.2892
448	19.2892
449	19.3017
450	19.31
451	19.3056
452	19.2994
453	19.2994
454	19.2859
455	19.3045
456	19.2895
457	19.2797
458	19.2657
459	19.2596
460	19.2719
461	19.3118
462	19.327
463	19.3402
464	19.3517
465	19.3707
466	19.3707
467	19.3707
468	19.3707
469	19.3707
470	19.3707
471	19.376
472	19.376
473	19.376
474	19.376
475	19.376
476	19.376
477	19.376
478	19.376
479	19.376
480	19.376
481	19.375
482	19.3778
483	19.3794
484	19.3825
485	19.3825
486	19.3825
487	19.3825
488	19.3778
489	19.3778
490	19.3778
491	19.3778
492	19.3778
493	19.3778
494	19.3778
495	19.3778
496	19.3778
497	19.3778
498	19.3778
499	19.3778
500	19.3778
501	19.3778
502	19.3778
503	19.3778
504	19.3778
505	19.3778
506	19.3778
507	19.3778
508	19.3778
509	19.3778
510	19.3778
511	19.3778
512	19.3778
513	19.3778
514	19.3778
515	19.3778
516	19.3778
517	19.3778
518	19.3778
519	19.3778
520	19.3778
521	19.3778
522	19.3778
523	19.3778
524	19.3778
525	19.3778
526	19.3778
527	19.3778
528	19.3778
529	19.3778
530	19.3778
531	19.3778
532	19.3778
533	19.3778
534	19.3778
535	19.3778
536	19.3778
537	19.3778
538	19.3778
539	19.3778
540	19.3778
541	19.3778
542	19.3778
543	19.3778
544	19.3778
545	19.3778
546	19.3778
547	19.3778
548	19.3778
549	19.3778
550	19.3778
551	19.3778
552	19.3778
553	19.3778
554	19.3778
555	19.3778
556	19.3778
557	19.3778
558	19.3778
559	19.3778
560	19.3778
561	19.3778
562	19.3778
563	19.3778
564	19.3778
565	19.3778
566	19.3778
567	19.3778
568	19.3778
569	19.3778
570	19.3778
571	19.3778
572	19.3778
573	19.3778
574	19.3778
575	19.3778
576	19.3778
577	19.3778
578	19.3778
579	19.3778
580	19.3778
581	19.3778
582	19.3778
583	19.3778
584	19.3778
585	19.3778
586	19.3778
587	19.3778
588	19.3778
589	19.3778
590	19.3778
591	19.3778
592	19.3778
593	19.3778
594	19.3778
595	19.3778
596	19.3778
597	19.3778
598	19.3778
599	19.3778
600	19.3778
601	19.3778
602	19.3778
603	19.3778
604	19.3778
605	19.3778
606	19.3778
607	19.3778
608	19.3778
609	19.3778
610	19.3778
611	19.3778
612	19.3778
613	19.3778
614	19.3778
615	19.3778
616	19.3778
617	19.3778
618	19.3778
619	19.3778
620	19.3778
621	19.3778
622	19.3778
623	19.3778
624	19.3778
625	19.3778
626	19.3778
627	19.3778
628	19.3778
629	19.3778
630	19.3778
631	19.3778
632	19.3778
633	19.3778
634	19.3778
635	19.3778
636	19.3778
637	19.3778
638	19.3778
639	19.3778
640	19.3778
641	19.3778
642	19.3778
643	19.3778
644	19.3778
645	19.3778
646	19.3778
647	19.3778
648	19.3778
649	19.3778
650	19.3778
651	19.3778
652	19.3778
653	19.3778
654	19.3778
655	19.3778
656	19.3778
657	19.3778
658	19.3778
659	19.3778
660	19.3778
661	19.3778
662	19.3778
663	19.3778
664	19.3778
665	19.3778
666	19.3778
667	19.3778
668	19.3778
669	19.3778
670	19.3778
671	19.3778
672	19.3778
673	19.3778
674	19.3778
675	19.3778
676	19.3778
677	19.3778
678	19.3778
679	19.3778
680	19.3778
681	19.3778
682	19.3778
683	19.3778
684	19.3778
685	19.3778
686	19.3778
687	19.3778
688	19.3778
689	19.3778
690	19.3778
691	19.3778
692	19.3778
693	19.3778
694	19.3778
695	19.3778
696	19.3778
697	19.3778
698	19.3778
699	19.3778
700	19.3778
701	19.3778
702	19.3778
703	19.3778
704	19.3778
705	19.3778
706	19.3778
707	19.3778
708	19.3778
709	19.3778
710	19.3778
711	19.3778
712	19.3778
713	19.3778
714	19.3778
715	19.3778
716	19.3778
717	19.3778
718	19.3778
719	19.3778
720	19.3778
721	19.3778
722	19.3778
723	19.3778
724	19.3778
725	19.3778
726	19.3778
727	19.3778
728	19.3778
729	19.3778
730	19.3778
731	19.3778
732	19.3778
733	19.3778
734	19.3778
735	19.3778
736	19.3778
737	19.3778
738	19.3778
739	19.3778
740	19.3778
741	19.3778
742	19.3778
743	19.3778
744	19.3778
745	19.3778
746	19.3778
747	19.3778
748	19.3778
749	19.3778
750	19.3778
751	19.3778
752	19.3778
753	19.3778
754	19.3778
755	19.7562
