Ne averages over 40 independent estimates.
Generation	Geometric_mean
1	24.3438
2	24.3438
3	24.3438
4	24.3438
5	26.9677
6	27.0108
7	35.0864
8	37.5636
9	181.527
10	362.446
11	355.243
12	355.517
13	426.818
14	417.804
15	415.375
16	416.342
17	511.542
18	624.284
19	659.156
20	678.033
21	668.641
22	727.438
23	721.762
24	722.527
25	770.081
26	801.372
27	855.502
28	973.951
29	1049.54
30	1130.44
31	1216.23
32	1259.17
33	1335.86
34	1487.09
35	1581.57
36	1672.36
37	1746.09
38	1811.76
39	1932.62
40	1994.98
41	2120.4
42	2153.44
43	2153.37
44	2142.19
45	2128.15
46	2114.84
47	2066.55
48	2066.82
49	2067.24
50	2078.59
51	2100.55
52	2123.12
53	2162.59
54	2196.25
55	2215.86
56	2195.98
57	2221.99
58	2238.43
59	2220.23
60	2210.02
61	2238.16
62	2268.62
63	2250.59
64	2284.15
65	2319.8
66	2270.69
67	2237.05
68	2224.09
69	2225.89
70	2226.48
71	2217.72
72	2198.41
73	2165.28
74	2090.28
75	2012.52
76	1955.7
77	1876.55
78	1774.69
79	1670.94
80	1690.67
81	1687.59
82	1615.41
83	1466.21
84	1415.07
85	1291.94
86	1177.33
87	1055.71
88	1068.41
89	1086.74
90	1115.64
91	1045.3
92	1160.1
93	1289
94	1306.13
95	1296.15
96	1456.52
97	1456.35
98	1589.13
99	1801.23
100	1712.01
101	1685.57
102	1678.05
103	1650.88
104	1635.45
105	1627.14
106	1649.07
107	1654.23
108	1685.28
109	1822.79
110	1919.53
111	1930.02
112	1945
113	1945.08
114	1907.68
115	1893.45
116	1896.26
117	1767.44
118	1665.74
119	1577.25
120	1509.27
121	1412.17
122	1321.38
123	1178.42
124	1095.53
125	1041.88
126	1010.14
127	957.891
128	947.871
129	923.359
130	906.038
131	899.041
132	837.06
133	795.649
134	777.926
135	767.664
136	750.277
137	731.566
138	713.121
139	704.422
140	702.04
141	675.926
142	663.588
143	637.968
144	622.037
145	613.34
146	587.557
147	574.872
148	553.515
149	540.814
150	534.627
151	526.064
152	521.085
153	511.734
154	501.521
155	475.152
156	473.194
157	468.823
158	463.358
159	458.643
160	459.067
161	454.382
162	461.512
163	465.785
164	470.614
165	475.03
166	475.343
167	472.144
168	460.524
169	436.677
170	418.909
171	400.83
172	377.435
173	349.869
174	325.501
175	317.4
176	310.366
177	298.744
178	286.79
179	268.167
180	252.8
181	243.603
182	225.109
183	211.258
184	170.712
185	142.499
186	129.987
187	122.248
188	115.384
189	105.274
190	98.804
191	89.1335
192	81.0031
193	77.5408
194	74.1001
195	72.93
196	70.2943
197	66.0008
198	64.5938
199	62.73
200	58.3551
201	57.8997
202	55.7764
203	53.7958
204	50.1724
205	45.824
206	40.0513
207	37.1251
208	35.8355
209	35.4198
210	33.9955
211	32.6099
212	30.1177
213	27.1779
214	25.579
215	24.689
216	23.7987
217	23.2749
218	22.9029
219	22.6925
220	22.1114
221	21.8992
222	21.4875
223	20.7618
224	20.2575
225	19.7023
226	19.1246
227	18.8055
228	18.7679
229	18.8285
230	18.7408
231	18.7426
232	18.6908
233	18.6786
234	18.4624
235	18.1749
236	18.0824
237	18.0256
238	18.0384
239	18.0255
240	18.0476
241	18.0461
242	17.8551
243	17.8149
244	17.6846
245	17.6599
246	17.7104
247	17.6711
248	17.7125
249	17.7243
250	17.8114
251	17.9113
252	18.1864
253	18.1977
254	18.1752
255	18.1838
256	18.1108
257	18.1405
258	18.1353
259	18.1074
260	18.1157
261	18.1161
262	18.1002
263	18.092
264	18.0876
265	18.0913
266	18.0891
267	18.0895
268	18.0854
269	18.0868
270	18.0927
271	18.102
272	18.1023
273	18.1023
274	18.1023
275	18.1092
276	18.1205
277	18.1246
278	18.1365
279	18.1541
280	18.1501
281	18.1523
282	18.1151
283	18.106
284	18.0903
285	18.0815
286	18.0578
287	18.0408
288	18.0378
289	18.0344
290	18.0468
291	18.028
292	18.0296
293	18.0021
294	17.9637
295	17.9503
296	17.9345
297	17.9256
298	17.9536
299	17.954
300	17.8831
301	17.7568
302	17.6961
303	17.6907
304	17.6036
305	17.5745
306	17.5703
307	17.5726
308	17.6387
309	17.6233
310	17.6367
311	17.6693
312	17.6922
313	17.6704
314	17.6228
315	17.5681
316	17.5951
317	17.5642
318	17.5378
319	17.5204
320	17.4911
321	17.4863
322	17.4997
323	17.5342
324	17.5415
325	17.5558
326	17.5492
327	17.5213
328	17.4868
329	17.4639
330	17.4489
331	17.4513
332	17.4553
333	17.4553
334	17.4963
335	17.4927
336	17.5004
337	17.5384
338	17.5616
339	17.567
340	17.5586
341	17.6066
342	17.6753
343	17.7433
344	17.7538
345	17.7911
346	17.8191
347	17.8803
348	17.9125
349	17.9125
350	17.9125
351	17.9226
352	17.9226
353	17.9227
354	17.9272
355	17.9285
356	17.9313
357	17.9313
358	17.9355
359	17.9386
360	17.9389
361	17.938
362	17.9379
363	17.9368
364	17.9774
365	17.9774
366	17.9973
367	18.0059
368	18.0092
369	17.9999
370	17.994
371	17.9965
372	17.9969
373	17.999
374	18.0069
375	17.9922
376	17.9615
377	17.9296
378	17.9072
379	17.8921
380	17.8617
381	17.8617
382	17.8623
383	17.8623
384	17.8728
385	17.8746
386	17.8748
387	17.8701
388	17.8689
389	17.8689
390	17.8512
391	17.8512
392	17.8419
393	17.8419
394	17.8469
395	17.8038
396	17.8038
397	17.7784
398	17.768
399	17.748
400	17.748
401	17.7479
402	17.7241
403	17.6694
404	17.6805
405	17.6951
406	17.7157
407	17.6761
408	17.6611
409	17.6549
410	17.5933
411	17.6018
412	17.6083
413	17.5605
414	17.5295
415	17.4912
416	17.4685
417	17.4438
418	17.3977
419	17.398
420	17.343
421	17.2857
422	17.2579
423	17.2599
424	17.2636
425	17.2698
426	17.2698
427	17.2704
428	17.2661
429	17.2319
430	17.2546
431	17.1848
432	17.1801
433	17.1441
434	17.1216
435	17.1004
436	17.1098
437	17.1214
438	17.1094
439	17.1118
440	17.1151
441	17.1161
442	17.1714
443	17.2205
444	17.3378
445	17.4833
446	17.5846
447	17.606
448	17.7095
449	17.7696
450	17.785
451	17.8215
452	17.808
453	17.8011
454	17.8011
455	17.8384
456	17.8384
457	17.8368
458	17.8323
459	17.8561
460	17.8778
461	17.9045
462	17.9046
463	17.9249
464	17.9331
465	17.9449
466	17.9843
467	17.9922
468	17.9453
469	17.9547
470	17.9717
471	17.9311
472	17.9288
473	17.916
474	17.86
475	17.8505
476	17.8505
477	17.8421
478	17.8299
479	17.8092
480	17.8092
481	17.8092
482	17.8092
483	17.8092
484	17.8092
485	17.8092
486	17.8092
487	17.8092
488	17.8092
489	17.8092
490	17.8092
491	17.8092
492	17.8092
493	17.8092
494	17.8092
495	17.8092
496	17.8092
497	17.8092
498	17.8092
499	17.8092
500	17.8092
501	17.8092
502	17.8092
503	17.8092
504	17.8092
505	17.8092
506	17.8092
507	17.8092
508	17.8092
509	17.8092
510	17.8092
511	17.8092
512	17.8092
513	17.8092
514	17.8092
515	17.8092
516	17.8092
517	17.8092
518	17.8092
519	17.8092
520	17.8092
521	17.8092
522	17.8092
523	17.8092
524	17.8092
525	17.8092
526	17.8092
527	17.8092
528	17.8092
529	17.8092
530	17.8092
531	17.8092
532	17.8092
533	17.8092
534	17.8092
535	17.8092
536	17.8092
537	17.8092
538	17.8092
539	17.8092
540	17.8092
541	17.8092
542	17.8092
543	17.8092
544	17.8092
545	17.8092
546	17.8092
547	17.8092
548	17.8092
549	17.8092
550	17.8092
551	17.8092
552	17.8092
553	17.8092
554	17.8092
555	17.8092
556	17.8092
557	17.8092
558	17.8092
559	17.8092
560	17.8092
561	17.8092
562	17.8092
563	17.8092
564	17.8092
565	17.8092
566	17.8092
567	17.8092
568	17.8092
569	17.8092
570	17.8092
571	17.8092
572	17.8092
573	17.8092
574	17.8092
575	17.8092
576	17.8092
577	17.8092
578	17.8092
579	17.8092
580	17.8092
581	17.8092
582	17.8092
583	17.8092
584	17.8092
585	17.8092
586	17.8092
587	17.8092
588	17.8092
589	17.8092
590	17.8092
591	17.8092
592	17.8092
593	17.8092
594	17.8092
595	17.8092
596	17.8092
597	17.8092
598	17.8092
599	17.8092
600	17.8092
601	17.8092
602	17.8092
603	17.8092
604	17.8092
605	17.8092
606	17.8092
607	17.8092
608	17.8092
609	17.8092
610	17.8092
611	17.8092
612	17.8092
613	17.8092
614	17.8092
615	17.8092
616	17.8092
617	17.8092
618	17.8092
619	17.8092
620	17.8092
621	17.8092
622	17.8092
623	17.8092
624	17.8092
625	17.8092
626	17.8092
627	17.8092
628	17.8092
629	17.8092
630	17.8092
631	17.8092
632	17.8092
633	17.8092
634	17.8092
635	17.8092
636	17.8092
637	17.8092
638	17.8092
639	17.8092
640	17.8092
641	17.8092
642	17.8092
643	17.8092
644	17.8092
645	17.8092
646	17.8092
647	17.8092
648	17.8092
649	17.8092
650	17.8092
651	17.8092
652	17.8092
653	17.8092
654	17.8092
655	17.8092
656	17.8092
657	17.8092
658	17.8092
659	17.8092
660	17.8092
661	17.8092
662	17.8092
663	17.8092
664	17.8092
665	17.8092
666	17.8092
667	17.8092
668	17.8092
669	17.8092
670	17.8092
671	17.8092
672	17.8092
673	17.8092
674	17.8092
675	17.8092
676	17.8092
677	17.8092
678	17.8092
679	17.8092
680	17.8092
681	17.8092
682	17.8092
683	17.8092
684	17.8092
685	17.8092
686	17.8092
687	17.8092
688	17.8092
689	17.8092
690	17.8092
691	17.8092
692	17.8092
693	17.8092
694	17.8092
695	17.8092
696	17.8092
697	17.8092
698	17.8092
699	17.8092
700	17.8092
701	17.8092
702	17.8092
703	17.8092
704	17.8092
705	17.8092
706	17.8092
707	17.8092
708	17.8092
709	17.8092
710	17.8092
711	17.8092
712	17.8092
713	17.8092
714	17.8092
715	17.8092
716	17.8092
717	17.8092
718	17.8092
719	17.8092
720	17.8092
721	17.8092
722	17.8092
723	17.8092
724	17.8092
725	17.8092
726	17.8092
727	17.8092
728	17.8092
729	17.8092
730	17.8092
731	17.8092
732	17.8092
733	17.8092
734	17.8092
735	17.8092
736	17.8092
737	17.8092
738	17.8092
739	17.8092
740	17.8092
741	17.8092
742	17.8092
743	17.8092
744	17.8092
745	17.8092
746	17.8092
747	17.8092
748	17.8092
749	17.8092
750	17.8092
751	17.8092
752	17.8092
753	17.8092
754	17.8092
755	18.1393
