Ne averages over 40 independent estimates.
Generation	Geometric_mean
1	21.2758
2	21.2758
3	21.2758
4	21.2758
5	29.3493
6	37.2155
7	40.6959
8	70.1812
9	205.766
10	227.545
11	255.449
12	289.477
13	306.795
14	353.821
15	358.199
16	367.879
17	475.921
18	493.784
19	498.239
20	572.346
21	678.99
22	714.397
23	768.032
24	876.425
25	943.146
26	987.026
27	1108.65
28	1369.93
29	1562.21
30	1681.8
31	1696.37
32	1701.44
33	1713.77
34	1674.89
35	1729.32
36	1837.02
37	1835.1
38	1839.33
39	1843.32
40	1853.3
41	1855.05
42	1841.88
43	1850.89
44	1834.37
45	1833.59
46	1825.58
47	1837.52
48	1837.97
49	1844.16
50	1816.49
51	1801.03
52	1771.08
53	1768.16
54	1802.59
55	1847.62
56	1858.79
57	1859.85
58	1866.72
59	1892.16
60	1890.49
61	1922.46
62	1917.25
63	1884.76
64	1840.24
65	1850.83
66	1854.72
67	1847.71
68	1836.85
69	1847.34
70	1786.04
71	1809.61
72	1826.46
73	1774.18
74	1663.66
75	1605.88
76	1505.32
77	1398.78
78	1293.18
79	1264.34
80	1228.28
81	1226.44
82	1058.75
83	1001.99
84	828.069
85	701.288
86	613.105
87	603.831
88	553.002
89	516.039
90	566.043
91	578.553
92	567.398
93	601.957
94	726.577
95	696.114
96	811.689
97	894.724
98	862.817
99	907.236
100	848.756
101	834.949
102	882.29
103	870.97
104	1058.08
105	1068.96
106	1076
107	1057.68
108	1031.89
109	1027.06
110	1019
111	1018.67
112	1065.59
113	1038.55
114	1049.73
115	1073.95
116	1010.19
117	986.026
118	950.246
119	944.12
120	911.189
121	870.384
122	834.617
123	799.36
124	757.95
125	744.174
126	730.547
127	705.527
128	692.334
129	658.943
130	627.812
131	603.623
132	589.785
133	561.464
134	540.6
135	533.642
136	511.708
137	499.583
138	485.598
139	477.203
140	464.404
141	452
142	444.548
143	447.199
144	445.242
145	443.814
146	440.28
147	425.955
148	412.927
149	403.426
150	401.335
151	397.349
152	394.142
153	388.292
154	385.771
155	383.684
156	385.616
157	385.729
158	385.836
159	387.423
160	384.919
161	378.295
162	372.454
163	370.1
164	361.241
165	349.599
166	341.245
167	335.433
168	326.91
169	322.068
170	306.476
171	311.854
172	315.795
173	314.201
174	304.933
175	295.909
176	292.552
177	278.695
178	258.789
179	227.145
180	206.253
181	179.262
182	161.945
183	150.161
184	134.531
185	121.453
186	117.31
187	115.463
188	113.749
189	112.237
190	107.88
191	97.6752
192	85.7189
193	76.6833
194	68.392
195	62.2541
196	58.2306
197	55.8964
198	53.9743
199	50.7197
200	47.4279
201	46.1773
202	45.9264
203	46.2426
204	45.7526
205	44.7863
206	42.8806
207	39.2395
208	36.0359
209	35.0535
210	33.1734
211	32.7987
212	32.0955
213	31.8898
214	31.4528
215	31.5204
216	31.3855
217	31.3034
218	31.3347
219	31.2627
220	31.0226
221	30.8972
222	30.5444
223	29.9521
224	28.523
225	27.3104
226	26.5707
227	26.2089
228	26.1295
229	26.0387
230	26.0482
231	25.6809
232	25.6141
233	25.4497
234	25.3354
235	25.2969
236	25.2569
237	25.2733
238	25.5096
239	25.8162
240	26.0075
241	25.9814
242	26.1714
243	26.1825
244	26.1729
245	26.1566
246	26.1199
247	26.1247
248	26.1296
249	26.121
250	26.1091
251	26.0751
252	26.0574
253	25.9966
254	25.9268
255	25.9247
256	25.9247
257	25.9247
258	25.9138
259	25.9093
260	25.9374
261	25.963
262	25.9548
263	26.0129
264	26.0817
265	26.1236
266	26.1528
267	26.1701
268	26.206
269	26.2464
270	26.2432
271	26.2243
272	26.2243
273	26.2011
274	26.1899
275	26.165
276	26.1527
277	26.009
278	25.9587
279	25.9278
280	25.9084
281	25.91
282	25.9076
283	25.8976
284	25.8976
285	25.8866
286	25.8768
287	25.8742
288	25.8453
289	25.7924
290	25.7635
291	25.7467
292	25.7416
293	25.7416
294	25.7457
295	25.7674
296	25.7766
297	25.7492
298	25.6531
299	25.5683
300	25.5546
301	25.5173
302	25.4692
303	25.4657
304	25.4705
305	25.4356
306	25.4558
307	25.4605
308	25.4605
309	25.4843
310	25.4474
311	25.4683
312	25.5666
313	25.6266
314	25.6618
315	25.6618
316	25.6667
317	25.6667
318	25.6609
319	25.6609
320	25.6609
321	25.6623
322	25.6613
323	25.6514
324	25.6443
325	25.6246
326	25.6089
327	25.586
328	25.5028
329	25.5141
330	25.5436
331	25.5528
332	25.5608
333	25.5686
334	25.5718
335	25.6647
336	25.6917
337	25.7748
338	25.8718
339	25.9159
340	25.924
341	25.9155
342	25.8237
343	25.8237
344	25.7323
345	25.7323
346	25.782
347	25.8172
348	25.8256
349	25.8339
350	25.89
351	25.8915
352	25.9128
353	25.9128
354	25.9128
355	25.9128
356	25.8894
357	25.8813
358	25.8664
359	25.8633
360	25.8597
361	25.8558
362	25.8875
363	25.8875
364	25.8892
365	25.8985
366	25.8986
367	25.8986
368	25.9019
369	25.906
370	25.906
371	25.9115
372	25.9077
373	25.8929
374	25.8784
375	25.8603
376	25.8502
377	25.838
378	25.8157
379	25.8157
380	25.819
381	25.819
382	25.819
383	25.8074
384	25.8076
385	25.796
386	25.796
387	25.7904
388	25.7857
389	25.7857
390	25.7857
391	25.7857
392	25.7857
393	25.7857
394	25.7857
395	25.8012
396	25.8035
397	25.8293
398	25.8293
399	25.8293
400	25.7889
401	25.7619
402	25.7174
403	25.6949
404	25.6609
405	25.6609
406	25.6609
407	25.6609
408	25.6609
409	25.6564
410	25.6446
411	25.6446
412	25.6446
413	25.6446
414	25.6446
415	25.6447
416	25.6001
417	25.6001
418	25.6001
419	25.609
420	25.5117
421	25.4236
422	25.3831
423	25.3694
424	25.3694
425	25.3694
426	25.3622
427	25.3622
428	25.3185
429	25.2679
430	25.2252
431	25.2158
432	25.2146
433	25.1991
434	25.1955
435	25.2027
436	25.2086
437	25.2051
438	25.2051
439	25.1854
440	25.1885
441	25.1817
442	25.1773
443	25.1773
444	25.2075
445	25.2091
446	25.2697
447	25.3217
448	25.3564
449	25.4235
450	25.4531
451	25.4256
452	25.4658
453	25.4894
454	25.5326
455	25.5334
456	25.5074
457	25.501
458	25.4849
459	25.4594
460	25.4343
461	25.4341
462	25.4341
463	25.4356
464	25.3695
465	25.3382
466	25.2918
467	25.2889
468	25.2856
469	25.2577
470	25.2577
471	25.2361
472	25.2361
473	25.2361
474	25.2413
475	25.2413
476	25.3097
477	25.3097
478	25.3273
479	25.3497
480	25.3497
481	25.3497
482	25.3497
483	25.3437
484	25.3437
485	25.3437
486	25.3437
487	25.3438
488	25.3438
489	25.3438
490	25.3438
491	25.3438
492	25.3438
493	25.3438
494	25.3438
495	25.3438
496	25.3438
497	25.3438
498	25.3438
499	25.3438
500	25.3438
501	25.3438
502	25.3438
503	25.3438
504	25.3438
505	25.3438
506	25.3438
507	25.3438
508	25.3438
509	25.3438
510	25.3438
511	25.3438
512	25.3438
513	25.3438
514	25.3438
515	25.3438
516	25.3438
517	25.3438
518	25.3438
519	25.3438
520	25.3438
521	25.3438
522	25.3438
523	25.3438
524	25.3438
525	25.3438
526	25.3438
527	25.3438
528	25.3438
529	25.3438
530	25.3438
531	25.3438
532	25.3438
533	25.3438
534	25.3438
535	25.3438
536	25.3438
537	25.3438
538	25.3438
539	25.3438
540	25.3438
541	25.3438
542	25.3438
543	25.3438
544	25.3438
545	25.3438
546	25.3438
547	25.3438
548	25.3438
549	25.3438
550	25.3438
551	25.3438
552	25.3438
553	25.3438
554	25.3438
555	25.3438
556	25.3438
557	25.3438
558	25.3438
559	25.3438
560	25.3438
561	25.3438
562	25.3438
563	25.3438
564	25.3438
565	25.3438
566	25.3438
567	25.3438
568	25.3438
569	25.3438
570	25.3438
571	25.3438
572	25.3438
573	25.3438
574	25.3438
575	25.3438
576	25.3438
577	25.3438
578	25.3438
579	25.3438
580	25.3438
581	25.3438
582	25.3438
583	25.3438
584	25.3438
585	25.3438
586	25.3438
587	25.3438
588	25.3438
589	25.3438
590	25.3438
591	25.3438
592	25.3438
593	25.3438
594	25.3438
595	25.3438
596	25.3438
597	25.3438
598	25.3438
599	25.3438
600	25.3438
601	25.3438
602	25.3438
603	25.3438
604	25.3438
605	25.3438
606	25.3438
607	25.3438
608	25.3438
609	25.3438
610	25.3438
611	25.3438
612	25.3438
613	25.3438
614	25.3438
615	25.3438
616	25.3438
617	25.3438
618	25.3438
619	25.3438
620	25.3438
621	25.3438
622	25.3438
623	25.3438
624	25.3438
625	25.3438
626	25.3438
627	25.3438
628	25.3438
629	25.3438
630	25.3438
631	25.3438
632	25.3438
633	25.3438
634	25.3438
635	25.3438
636	25.3438
637	25.3438
638	25.3438
639	25.3438
640	25.3438
641	25.3438
642	25.3438
643	25.3438
644	25.3438
645	25.3438
646	25.3438
647	25.3438
648	25.3438
649	25.3438
650	25.3438
651	25.3438
652	25.3438
653	25.3438
654	25.3438
655	25.3438
656	25.3438
657	25.3438
658	25.3438
659	25.3438
660	25.3438
661	25.3438
662	25.3438
663	25.3438
664	25.3438
665	25.3438
666	25.3438
667	25.3438
668	25.3438
669	25.3438
670	25.3438
671	25.3438
672	25.3438
673	25.3438
674	25.3438
675	25.3438
676	25.3438
677	25.3438
678	25.3438
679	25.3438
680	25.3438
681	25.3438
682	25.3438
683	25.3438
684	25.3438
685	25.3438
686	25.3438
687	25.3438
688	25.3438
689	25.3438
690	25.3438
691	25.3438
692	25.3438
693	25.3438
694	25.3438
695	25.3438
696	25.3438
697	25.3438
698	25.3438
699	25.3438
700	25.3438
701	25.3438
702	25.3438
703	25.3438
704	25.3438
705	25.3438
706	25.3438
707	25.3438
708	25.3438
709	25.3438
710	25.3438
711	25.3438
712	25.3438
713	25.3438
714	25.3438
715	25.3438
716	25.3438
717	25.3438
718	25.3438
719	25.3438
720	25.3438
721	25.3438
722	25.3438
723	25.3438
724	25.3438
725	25.3438
726	25.3438
727	25.3438
728	25.3438
729	25.3438
730	25.3438
731	25.3438
732	25.3438
733	25.3438
734	25.3438
735	25.3438
736	25.3438
737	25.3438
738	25.3438
739	25.3438
740	25.3438
741	25.3438
742	25.3438
743	25.3438
744	25.3438
745	25.3438
746	25.3438
747	25.3438
748	25.3438
749	25.3438
750	25.3438
751	25.3438
752	25.3438
753	25.3438
754	25.3438
755	25.5509
