Ne averages over 40 independent estimates.
Generation	Geometric_mean
1	23.5987
2	23.5987
3	23.5987
4	23.5987
5	26.6618
6	27.5765
7	36.1125
8	57.6216
9	234.242
10	385.684
11	432.881
12	440.567
13	427.763
14	439.454
15	449.597
16	466.376
17	462.892
18	473.043
19	485.609
20	546.148
21	627.42
22	639.922
23	645.625
24	673.34
25	841.067
26	866.559
27	993.441
28	1106.63
29	1266.17
30	1486.97
31	1612
32	1659.69
33	1652.81
34	1702.6
35	1724.3
36	1728.21
37	1687.41
38	1667.68
39	1659.38
40	1666.79
41	1670.96
42	1667.81
43	1680.43
44	1688.13
45	1702.06
46	1734.56
47	1759.91
48	1749.98
49	1725.66
50	1728
51	1740.58
52	1718.5
53	1707.5
54	1721.19
55	1731.65
56	1738.73
57	1735
58	1733.29
59	1680.53
60	1645.98
61	1641.4
62	1621.54
63	1624.54
64	1522.27
65	1545.62
66	1541.34
67	1510.83
68	1410.62
69	1381.63
70	1365.6
71	1320.41
72	1291.57
73	1287.48
74	1264.5
75	1225.16
76	1276.7
77	1232.46
78	1179.56
79	953.774
80	810.587
81	744.032
82	716.816
83	597.981
84	573.122
85	548.9
86	496.125
87	419.215
88	413.409
89	440.906
90	461.861
91	515.207
92	531.893
93	549.668
94	566.755
95	623.23
96	642.815
97	684.892
98	814.045
99	814.607
100	897.367
101	923.973
102	1000.14
103	1004.17
104	1014.53
105	1031.86
106	1052.27
107	1066.79
108	1084.14
109	1160.49
110	1231.37
111	1238.99
112	1215.84
113	1221.59
114	1164.67
115	1127.07
116	1078.49
117	1058.44
118	1003.65
119	962.691
120	946.854
121	942.314
122	933.758
123	905.748
124	886.447
125	860.816
126	844.789
127	816.201
128	800.663
129	734.334
130	677.25
131	640.79
132	628.406
133	613.713
134	591.133
135	577.321
136	570.312
137	563.536
138	533.958
139	507.845
140	482.14
141	469.88
142	466.956
143	462.385
144	457.576
145	453.432
146	443.574
147	437.809
148	433.492
149	430.779
150	426.416
151	423.689
152	421.366
153	415.738
154	402.336
155	389.259
156	384.775
157	379.311
158	382.703
159	383.849
160	378.8
161	381.089
162	381.804
163	381.296
164	380.714
165	375.19
166	371.969
167	370.721
168	367.601
169	367.58
170	368.724
171	365.49
172	364.406
173	355.236
174	349.371
175	341.67
176	325.232
177	299.15
178	277.425
179	269.431
180	263.524
181	248.569
182	234.888
183	220.067
184	212.134
185	201.496
186	186.201
187	175.054
188	166.159
189	152.788
190	142.652
191	136.48
192	114.755
193	109.536
194	102.876
195	97.0402
196	92.6309
197	90.6068
198	89.3693
199	88.3906
200	86.8246
201	82.5073
202	81.8649
203	78.4509
204	73.4482
205	68.6632
206	62.6682
207	58.5595
208	51.6156
209	47.8671
210	45.7881
211	43.9986
212	41.2979
213	39.786
214	37.0785
215	36.0907
216	34.4789
217	32.4074
218	31.9497
219	31.4862
220	30.5426
221	29.9741
222	29.7897
223	29.5991
224	29.5309
225	29.5009
226	29.4513
227	29.5354
228	29.6122
229	29.6075
230	29.4192
231	29.3467
232	29.1723
233	28.9826
234	28.9293
235	28.7335
236	28.4991
237	28.164
238	28.1801
239	27.9933
240	27.9874
241	28.0691
242	28.0805
243	28.0585
244	28.0695
245	28.1091
246	28.084
247	28.0688
248	28.0433
249	28.0189
250	27.9821
251	27.9345
252	27.9134
253	27.9217
254	27.9001
255	27.8994
256	27.917
257	27.9715
258	27.9861
259	27.9956
260	27.9797
261	27.9545
262	27.9231
263	27.8256
264	27.7349
265	27.6911
266	27.6373
267	27.6096
268	27.5762
269	27.5262
270	27.4291
271	27.3801
272	27.3441
273	27.3062
274	27.3981
275	27.5362
276	27.6694
277	27.783
278	27.8904
279	27.8904
280	27.9106
281	27.9096
282	27.901
283	27.8855
284	27.9006
285	27.8683
286	27.8655
287	27.8655
288	27.8814
289	27.885
290	27.8916
291	27.9303
292	28.0035
293	28.0173
294	28.1265
295	28.1951
296	28.3146
297	28.3706
298	28.3987
299	28.4196
300	28.4362
301	28.4392
302	28.527
303	28.5207
304	28.5162
305	28.5162
306	28.4873
307	28.4713
308	28.4841
309	28.4892
310	28.495
311	28.4924
312	28.4867
313	28.4744
314	28.4515
315	28.4043
316	28.327
317	28.2559
318	28.2559
319	28.1945
320	28.2038
321	28.2177
322	28.2773
323	28.423
324	28.6843
325	28.7762
326	28.7762
327	28.8099
328	28.8057
329	28.8126
330	28.8128
331	28.7963
332	28.7704
333	28.698
334	28.6558
335	28.6424
336	28.5637
337	28.523
338	28.4871
339	28.4823
340	28.4807
341	28.5124
342	28.552
343	28.6445
344	28.7274
345	28.6824
346	28.7076
347	28.833
348	28.8264
349	28.8303
350	28.8601
351	28.8636
352	28.8636
353	28.8636
354	28.8636
355	28.8636
356	28.8636
357	28.8636
358	28.8636
359	28.8636
360	28.8636
361	28.8636
362	28.8636
363	28.8636
364	28.8636
365	28.8636
366	28.8636
367	28.8636
368	28.8677
369	28.8698
370	28.8758
371	28.8892
372	28.8886
373	28.8989
374	28.8989
375	28.9186
376	28.9217
377	28.9381
378	28.9548
379	29.0297
380	29.0662
381	29.0662
382	29.0662
383	29.0662
384	29.0894
385	29.0894
386	29.0894
387	29.0894
388	29.0952
389	29.097
390	29.0986
391	29.0986
392	29.0986
393	29.0986
394	29.0986
395	29.0867
396	29.0867
397	29.0822
398	29.0775
399	29.0668
400	29.0678
401	29.0548
402	29.0293
403	29.0293
404	29.0243
405	29.0243
406	29.0243
407	29.0243
408	29.0265
409	29.0321
410	28.9899
411	28.9475
412	28.9079
413	28.909
414	28.9131
415	28.9092
416	28.9092
417	28.9092
418	28.9201
419	28.9173
420	28.9385
421	28.9454
422	28.9773
423	28.9965
424	29.0005
425	28.9919
426	28.9919
427	28.9931
428	28.9941
429	29.0062
430	29.006
431	28.9451
432	28.963
433	28.8989
434	28.8268
435	28.8268
436	28.8193
437	28.8121
438	28.8021
439	28.8021
440	28.8021
441	28.8021
442	28.8021
443	28.8021
444	28.8021
445	28.8021
446	28.7885
447	28.7839
448	28.7787
449	28.7706
450	28.7698
451	28.7698
452	28.7698
453	28.7713
454	28.7713
455	28.7713
456	28.7544
457	28.7476
458	28.7722
459	28.8042
460	28.8042
461	28.8
462	28.8126
463	28.8126
464	28.8126
465	28.7726
466	28.6918
467	28.6918
468	28.6302
469	28.5952
470	28.6086
471	28.629
472	28.6143
473	28.6143
474	28.5804
475	28.5376
476	28.5376
477	28.5376
478	28.5452
479	28.5452
480	28.4909
481	28.4409
482	28.3886
483	28.229
484	28.0772
485	28.0772
486	28.028
487	28.028
488	28.028
489	28.028
490	28.028
491	28.028
492	28.028
493	28.028
494	28.028
495	28.028
496	28.028
497	28.028
498	28.028
499	28.028
500	28.028
501	28.028
502	28.028
503	28.028
504	28.028
505	28.028
506	28.028
507	28.028
508	28.028
509	28.028
510	28.028
511	28.028
512	28.028
513	28.028
514	28.028
515	28.028
516	28.028
517	28.028
518	28.028
519	28.028
520	28.028
521	28.028
522	28.028
523	28.028
524	28.028
525	28.028
526	28.028
527	28.028
528	28.028
529	28.028
530	28.028
531	28.028
532	28.028
533	28.028
534	28.028
535	28.028
536	28.028
537	28.028
538	28.028
539	28.028
540	28.028
541	28.028
542	28.028
543	28.028
544	28.028
545	28.028
546	28.028
547	28.028
548	28.028
549	28.028
550	28.028
551	28.028
552	28.028
553	28.028
554	28.028
555	28.028
556	28.028
557	28.028
558	28.028
559	28.028
560	28.028
561	28.028
562	28.028
563	28.028
564	28.028
565	28.028
566	28.028
567	28.028
568	28.028
569	28.028
570	28.028
571	28.028
572	28.028
573	28.028
574	28.028
575	28.028
576	28.028
577	28.028
578	28.028
579	28.028
580	28.028
581	28.028
582	28.028
583	28.028
584	28.028
585	28.028
586	28.028
587	28.028
588	28.028
589	28.028
590	28.028
591	28.028
592	28.028
593	28.028
594	28.028
595	28.028
596	28.028
597	28.028
598	28.028
599	28.028
600	28.028
601	28.028
602	28.028
603	28.028
604	28.028
605	28.028
606	28.028
607	28.028
608	28.028
609	28.028
610	28.028
611	28.028
612	28.028
613	28.028
614	28.028
615	28.028
616	28.028
617	28.028
618	28.028
619	28.028
620	28.028
621	28.028
622	28.028
623	28.028
624	28.028
625	28.028
626	28.028
627	28.028
628	28.028
629	28.028
630	28.028
631	28.028
632	28.028
633	28.028
634	28.028
635	28.028
636	28.028
637	28.028
638	28.028
639	28.028
640	28.028
641	28.028
642	28.028
643	28.028
644	28.028
645	28.028
646	28.028
647	28.028
648	28.028
649	28.028
650	28.028
651	28.028
652	28.028
653	28.028
654	28.028
655	28.028
656	28.028
657	28.028
658	28.028
659	28.028
660	28.028
661	28.028
662	28.028
663	28.028
664	28.028
665	28.028
666	28.028
667	28.028
668	28.028
669	28.028
670	28.028
671	28.028
672	28.028
673	28.028
674	28.028
675	28.028
676	28.028
677	28.028
678	28.028
679	28.028
680	28.028
681	28.028
682	28.028
683	28.028
684	28.028
685	28.028
686	28.028
687	28.028
688	28.028
689	28.028
690	28.028
691	28.028
692	28.028
693	28.028
694	28.028
695	28.028
696	28.028
697	28.028
698	28.028
699	28.028
700	28.028
701	28.028
702	28.028
703	28.028
704	28.028
705	28.028
706	28.028
707	28.028
708	28.028
709	28.028
710	28.028
711	28.028
712	28.028
713	28.028
714	28.028
715	28.028
716	28.028
717	28.028
718	28.028
719	28.028
720	28.028
721	28.028
722	28.028
723	28.028
724	28.028
725	28.028
726	28.028
727	28.028
728	28.028
729	28.028
730	28.028
731	28.028
732	28.028
733	28.028
734	28.028
735	28.028
736	28.028
737	28.028
738	28.028
739	28.028
740	28.028
741	28.028
742	28.028
743	28.028
744	28.028
745	28.028
746	28.028
747	28.028
748	28.028
749	28.028
750	28.028
751	28.028
752	28.028
753	28.028
754	28.028
755	28.5271
