Ne averages over 40 independent estimates.
Generation	Geometric_mean
1	25.4452
2	25.4452
3	25.4452
4	25.4452
5	22.7862
6	28.7532
7	38.7327
8	45.7316
9	127.611
10	199.205
11	275.683
12	275.845
13	276.838
14	310.766
15	525.183
16	543.513
17	708.921
18	708.24
19	763.646
20	766.289
21	839.816
22	924.113
23	1168.01
24	1213.51
25	1371.99
26	1383.97
27	1563.41
28	1709.62
29	1731.09
30	1786.29
31	1829.64
32	1950.56
33	2010.22
34	2013.03
35	2011.98
36	2020.09
37	1970.76
38	1964.33
39	1951.86
40	1966.55
41	1955.21
42	1985.23
43	2014.32
44	2016.01
45	1990.17
46	1964.64
47	1945.88
48	1877.34
49	1862.4
50	1836.32
51	1810.52
52	1839.41
53	1914.52
54	1956.5
55	1976
56	1999.31
57	1961.09
58	1886.16
59	1893.85
60	1900.73
61	1869.86
62	1750.97
63	1660.43
64	1632.78
65	1598.66
66	1558.01
67	1517.17
68	1478.57
69	1402.64
70	1146.06
71	1095.83
72	984.711
73	976.559
74	947.874
75	759.515
76	735.437
77	754.417
78	757.59
79	737.796
80	636.119
81	617.223
82	664.989
83	666.364
84	679.561
85	584.562
86	649.605
87	795.542
88	810.109
89	808.926
90	801.622
91	729.98
92	745.008
93	797.673
94	797.734
95	802.73
96	813.946
97	842.527
98	834.367
99	823.924
100	819.71
101	974.656
102	1063.78
103	1090.19
104	1145.61
105	1161.62
106	1171.97
107	1167.04
108	1109.75
109	1081.67
110	1073.19
111	1030.34
112	945.846
113	897.225
114	867.621
115	846.332
116	807.84
117	791.915
118	767.422
119	730.739
120	727.478
121	706.93
122	690.892
123	679.045
124	661.326
125	647.45
126	631.537
127	630.319
128	591.813
129	567.562
130	555.836
131	544.666
132	517.485
133	488.172
134	466.229
135	455.048
136	454.255
137	437.199
138	436.943
139	433.708
140	429.066
141	428.34
142	426.582
143	425.256
144	425.612
145	418.388
146	414.7
147	414.402
148	406.19
149	395.741
150	379.368
151	366.726
152	359.442
153	352.117
154	350.056
155	351.456
156	349.839
157	346.698
158	343.151
159	340.564
160	338.143
161	336.286
162	338.018
163	339.1
164	342.067
165	345.636
166	345.801
167	344.151
168	342.612
169	328.279
170	303.254
171	291.286
172	250.236
173	231.033
174	222.655
175	211.95
176	197.332
177	197.183
178	192.117
179	182.423
180	173.251
181	166.654
182	152.558
183	142.45
184	128.913
185	114.574
186	106.928
187	100.501
188	92.3659
189	83.6836
190	75.4861
191	73.5081
192	66.5452
193	63.7633
194	59.4706
195	54.6006
196	53.7037
197	52.2859
198	50.3414
199	49.2807
200	48.0394
201	47.255
202	45.6704
203	43.3413
204	40.1228
205	36.0145
206	33.7379
207	32.3679
208	32.4948
209	31.603
210	31.6809
211	31.889
212	31.4462
213	30.84
214	31.084
215	30.5641
216	30.0003
217	29.646
218	29.235
219	28.5578
220	27.7745
221	27.6953
222	27.617
223	27.3857
224	27.4687
225	27.6024
226	27.5991
227	27.5115
228	27.4887
229	27.2564
230	27.0938
231	26.9449
232	26.8517
233	26.8219
234	27.1967
235	27.5801
236	27.722
237	27.903
238	27.8465
239	27.9454
240	28.0023
241	27.9933
242	28.0327
243	28.1798
244	28.3003
245	28.7229
246	28.8752
247	29.0819
248	29.1635
249	29.2765
250	29.2341
251	29.2267
252	29.2224
253	29.3107
254	29.4095
255	29.3957
256	29.3957
257	29.3861
258	29.4025
259	29.4367
260	29.4893
261	29.4779
262	29.3712
263	29.3102
264	29.2133
265	29.1744
266	29.1627
267	29.1011
268	28.9018
269	28.8911
270	28.8802
271	28.8743
272	28.8605
273	28.7989
274	28.8426
275	28.8503
276	28.8609
277	28.8718
278	28.8718
279	28.8763
280	28.8763
281	28.8776
282	28.8269
283	28.8357
284	28.8334
285	28.8185
286	28.8331
287	28.826
288	28.8174
289	28.78
290	28.7628
291	28.7477
292	28.6615
293	28.6034
294	28.6055
295	28.6002
296	28.6076
297	28.6158
298	28.7223
299	28.8004
300	28.803
301	28.8402
302	28.6852
303	28.9772
304	29.011
305	29.0247
306	28.9638
307	28.9148
308	28.9732
309	29.0359
310	29.0933
311	29.1687
312	29.2139
313	29.2337
314	29.2669
315	29.2909
316	29.2714
317	29.2023
318	29.1539
319	29.1246
320	29.112
321	29.1082
322	29.1103
323	29.1218
324	29.1313
325	29.1125
326	29.0868
327	29.0632
328	29.1009
329	29.2089
330	29.2562
331	29.0406
332	28.9951
333	28.8705
334	28.7559
335	28.7559
336	28.7559
337	28.7226
338	28.7226
339	28.734
340	28.724
341	28.7285
342	28.7096
343	28.6976
344	28.6613
345	28.6442
346	28.6402
347	28.6325
348	28.6063
349	28.5242
350	28.4696
351	28.3636
352	28.3174
353	28.3174
354	28.2585
355	28.355
356	28.4423
357	28.4469
358	28.4697
359	28.4656
360	28.5126
361	28.5047
362	28.4939
363	28.4528
364	28.4126
365	28.3684
366	28.308
367	28.2977
368	28.273
369	28.1585
370	28.0654
371	28.0117
372	27.8574
373	27.7984
374	27.7765
375	27.7429
376	27.6359
377	27.6349
378	27.5713
379	27.5384
380	27.5086
381	27.4672
382	27.3838
383	27.3321
384	27.2649
385	27.1485
386	27.0582
387	26.9124
388	26.8782
389	26.8421
390	26.8273
391	26.8116
392	26.818
393	26.8628
394	26.8515
395	26.7996
396	26.8046
397	26.7891
398	26.8199
399	26.8255
400	26.808
401	26.7967
402	26.7569
403	26.7502
404	26.7149
405	26.696
406	26.6805
407	26.6982
408	26.706
409	26.7335
410	26.7415
411	26.7836
412	26.8183
413	26.8474
414	26.8474
415	26.855
416	26.8472
417	26.8435
418	26.833
419	26.7462
420	26.7184
421	26.7184
422	26.6868
423	26.6683
424	26.662
425	26.6829
426	26.6694
427	26.7443
428	26.7401
429	26.7785
430	26.769
431	26.7747
432	26.8335
433	26.8851
434	26.9047
435	26.9397
436	27.0207
437	27.1443
438	27.2448
439	27.3373
440	27.3573
441	27.3392
442	27.3052
443	27.2804
444	27.2796
445	27.2248
446	27.2248
447	27.1247
448	27.0231
449	27.0093
450	26.9371
451	27.0014
452	26.8857
453	26.9694
454	26.9686
455	26.9604
456	26.9003
457	26.9003
458	26.895
459	26.8938
460	26.8938
461	26.8925
462	26.8957
463	26.9083
464	26.9027
465	26.907
466	26.9255
467	27.0001
468	27.0539
469	27.0583
470	27.0668
471	27.0648
472	27.0644
473	27.0644
474	27.06
475	27.053
476	27.0501
477	27.0434
478	27.0306
479	27.0171
480	27.0107
481	27.0087
482	27.0087
483	27.0087
484	27.0093
485	27.0093
486	27.0093
487	27.0093
488	27.0093
489	27.0093
490	27.0093
491	27.0093
492	27.0093
493	27.0093
494	27.0093
495	27.0093
496	27.0093
497	27.0093
498	27.0093
499	27.0093
500	27.0093
501	27.0093
502	27.0093
503	27.0093
504	27.0093
505	27.0093
506	27.0093
507	27.0093
508	27.0093
509	27.0093
510	27.0093
511	27.0093
512	27.0093
513	27.0093
514	27.0093
515	27.0093
516	27.0093
517	27.0093
518	27.0093
519	27.0093
520	27.0093
521	27.0093
522	27.0093
523	27.0093
524	27.0093
525	27.0093
526	27.0093
527	27.0093
528	27.0093
529	27.0093
530	27.0093
531	27.0093
532	27.0093
533	27.0093
534	27.0093
535	27.0093
536	27.0093
537	27.0093
538	27.0093
539	27.0093
540	27.0093
541	27.0093
542	27.0093
543	27.0093
544	27.0093
545	27.0093
546	27.0093
547	27.0093
548	27.0093
549	27.0093
550	27.0093
551	27.0093
552	27.0093
553	27.0093
554	27.0093
555	27.0093
556	27.0093
557	27.0093
558	27.0093
559	27.0093
560	27.0093
561	27.0093
562	27.0093
563	27.0093
564	27.0093
565	27.0093
566	27.0093
567	27.0093
568	27.0093
569	27.0093
570	27.0093
571	27.0093
572	27.0093
573	27.0093
574	27.0093
575	27.0093
576	27.0093
577	27.0093
578	27.0093
579	27.0093
580	27.0093
581	27.0093
582	27.0093
583	27.0093
584	27.0093
585	27.0093
586	27.0093
587	27.0093
588	27.0093
589	27.0093
590	27.0093
591	27.0093
592	27.0093
593	27.0093
594	27.0093
595	27.0093
596	27.0093
597	27.0093
598	27.0093
599	27.0093
600	27.0093
601	27.0093
602	27.0093
603	27.0093
604	27.0093
605	27.0093
606	27.0093
607	27.0093
608	27.0093
609	27.0093
610	27.0093
611	27.0093
612	27.0093
613	27.0093
614	27.0093
615	27.0093
616	27.0093
617	27.0093
618	27.0093
619	27.0093
620	27.0093
621	27.0093
622	27.0093
623	27.0093
624	27.0093
625	27.0093
626	27.0093
627	27.0093
628	27.0093
629	27.0093
630	27.0093
631	27.0093
632	27.0093
633	27.0093
634	27.0093
635	27.0093
636	27.0093
637	27.0093
638	27.0093
639	27.0093
640	27.0093
641	27.0093
642	27.0093
643	27.0093
644	27.0093
645	27.0093
646	27.0093
647	27.0093
648	27.0093
649	27.0093
650	27.0093
651	27.0093
652	27.0093
653	27.0093
654	27.0093
655	27.0093
656	27.0093
657	27.0093
658	27.0093
659	27.0093
660	27.0093
661	27.0093
662	27.0093
663	27.0093
664	27.0093
665	27.0093
666	27.0093
667	27.0093
668	27.0093
669	27.0093
670	27.0093
671	27.0093
672	27.0093
673	27.0093
674	27.0093
675	27.0093
676	27.0093
677	27.0093
678	27.0093
679	27.0093
680	27.0093
681	27.0093
682	27.0093
683	27.0093
684	27.0093
685	27.0093
686	27.0093
687	27.0093
688	27.0093
689	27.0093
690	27.0093
691	27.0093
692	27.0093
693	27.0093
694	27.0093
695	27.0093
696	27.0093
697	27.0093
698	27.0093
699	27.0093
700	27.0093
701	27.0093
702	27.0093
703	27.0093
704	27.0093
705	27.0093
706	27.0093
707	27.0093
708	27.0093
709	27.0093
710	27.0093
711	27.0093
712	27.0093
713	27.0093
714	27.0093
715	27.0093
716	27.0093
717	27.0093
718	27.0093
719	27.0093
720	27.0093
721	27.0093
722	27.0093
723	27.0093
724	27.0093
725	27.0093
726	27.0093
727	27.0093
728	27.0093
729	27.0093
730	27.0093
731	27.0093
732	27.0093
733	27.0093
734	27.0093
735	27.0093
736	27.0093
737	27.0093
738	27.0093
739	27.0093
740	27.0093
741	27.0093
742	27.0093
743	27.0093
744	27.0093
745	27.0093
746	27.0093
747	27.0093
748	27.0093
749	27.0093
750	27.0093
751	27.0093
752	27.0093
753	27.0093
754	27.0093
755	26.3428
