Ne averages over 40 independent estimates.
Generation	Geometric_mean
1	22.7088
2	22.7088
3	22.7088
4	22.7088
5	26.7717
6	28.5507
7	30.6989
8	48.69
9	266.781
10	349.487
11	353.946
12	374.937
13	337.59
14	329.825
15	332.245
16	341.169
17	477.501
18	572.005
19	582.822
20	693.83
21	733.331
22	837.637
23	865.937
24	900.848
25	1042.09
26	1042.35
27	1052.74
28	1220.84
29	1391.37
30	1445.13
31	1581.58
32	1724.79
33	1786.28
34	1865.22
35	1973.38
36	2149
37	2199.78
38	2285.76
39	2273.51
40	2303.47
41	2297.86
42	2313.5
43	2321.29
44	2343.55
45	2348.26
46	2321.13
47	2362.82
48	2380.29
49	2413.39
50	2424.96
51	2461.34
52	2485.27
53	2473.47
54	2462.9
55	2450.38
56	2412.33
57	2395.44
58	2367.8
59	2367.39
60	2355.04
61	2366.29
62	2357.57
63	2351.26
64	2321.66
65	2342.1
66	2331.76
67	2301.61
68	2258.33
69	2160.95
70	2124.27
71	2131.84
72	2127.12
73	2092.04
74	2096.55
75	2089.61
76	2089.92
77	2043.8
78	2037.36
79	2024.66
80	1966.47
81	1815.21
82	1734.73
83	1661.35
84	1654.45
85	1577.05
86	1429.88
87	1164.5
88	1109.24
89	938.585
90	897.459
91	891.669
92	895.539
93	923.239
94	977.561
95	893.556
96	896.899
97	876.649
98	925.428
99	1128.52
100	1114.7
101	1161.92
102	1235.1
103	1354.75
104	1351.8
105	1627.37
106	1585.49
107	1523.28
108	1467.94
109	1391.31
110	1356.43
111	1320.41
112	1296.76
113	1316.89
114	1342.15
115	1330.03
116	1326.79
117	1350.22
118	1271.71
119	1212.02
120	1131.14
121	1097.31
122	1032.76
123	914.422
124	840.503
125	818.162
126	797.46
127	787.602
128	789.249
129	781.26
130	744.32
131	697.446
132	696.863
133	693.287
134	675.634
135	673.217
136	662.643
137	639.024
138	618.408
139	602.808
140	578.755
141	553.361
142	519.831
143	509.02
144	501.581
145	492.853
146	486.446
147	475.652
148	466.823
149	459.363
150	460.133
151	458.037
152	453.694
153	447.864
154	444.952
155	438.751
156	431.942
157	425.265
158	391.843
159	382.671
160	365.774
161	356.689
162	358.61
163	356.638
164	353.23
165	358.475
166	365.376
167	364.378
168	358.15
169	353.405
170	344.176
171	318.757
172	303.591
173	281.353
174	264.878
175	248.877
176	241.932
177	232.912
178	219.422
179	192.673
180	163.864
181	146.367
182	132.674
183	122.124
184	119.757
185	115.888
186	113.925
187	105.46
188	91.9688
189	79.5369
190	75.9044
191	73.529
192	71.9945
193	71.0331
194	66.5712
195	62.1513
196	57.8994
197	51.4603
198	48.2882
199	47.6322
200	46.4894
201	45.4891
202	43.133
203	42.5117
204	41.792
205	39.4238
206	38.6517
207	37.5411
208	35.101
209	34.5843
210	33.9626
211	32.7944
212	31.4987
213	29.0844
214	28.3585
215	28.0098
216	26.2451
217	25.5745
218	24.0736
219	23.9159
220	24.0251
221	23.5707
222	23.2235
223	23.0849
224	23.0679
225	23.0094
226	23.0478
227	23.0592
228	22.9318
229	22.7708
230	22.7773
231	22.6726
232	22.7236
233	22.6971
234	22.6526
235	22.4902
236	22.3734
237	22.2624
238	22.0995
239	22.0416
240	21.9774
241	21.8252
242	21.6775
243	21.6369
244	21.6798
245	21.7408
246	21.709
247	21.7672
248	21.7848
249	21.9239
250	21.9561
251	21.9932
252	22.0097
253	22.0784
254	22.1892
255	22.2115
256	22.3207
257	22.3191
258	22.2791
259	22.2812
260	22.2808
261	22.2932
262	22.3069
263	22.3037
264	22.3156
265	22.3205
266	22.3265
267	22.3313
268	22.3339
269	22.3436
270	22.3451
271	22.3125
272	22.3327
273	22.3159
274	22.3299
275	22.3472
276	22.347
277	22.347
278	22.3383
279	22.3267
280	22.3116
281	22.3016
282	22.3061
283	22.3193
284	22.3798
285	22.4334
286	22.549
287	22.5557
288	22.6509
289	22.6841
290	22.7165
291	22.7914
292	22.7878
293	22.7866
294	22.7929
295	22.7574
296	22.7311
297	22.6519
298	22.6389
299	22.5688
300	22.5435
301	22.5407
302	22.5442
303	22.5345
304	22.5446
305	22.5421
306	22.5243
307	22.5448
308	22.5487
309	22.5487
310	22.5648
311	22.5686
312	22.5765
313	22.5847
314	22.5847
315	22.5847
316	22.6014
317	22.6055
318	22.6143
319	22.611
320	22.611
321	22.6017
322	22.6017
323	22.5815
324	22.5815
325	22.5687
326	22.5616
327	22.4957
328	22.4957
329	22.4425
330	22.4103
331	22.3794
332	22.3794
333	22.2771
334	22.2461
335	22.2437
336	22.2437
337	22.2437
338	22.2437
339	22.2437
340	22.2504
341	22.2504
342	22.2625
343	22.2625
344	22.2625
345	22.2625
346	22.3117
347	22.2882
348	22.2634
349	22.2618
350	22.2286
351	22.2286
352	22.191
353	22.1194
354	22.0926
355	22.0697
356	22.0737
357	22.0691
358	22.0691
359	22.0789
360	22.1004
361	22.1419
362	22.1242
363	22.1146
364	22.1146
365	22.0983
366	22.1
367	22.1
368	22.1057
369	22.1057
370	22.136
371	22.136
372	22.1843
373	22.2566
374	22.2785
375	22.2863
376	22.3059
377	22.318
378	22.318
379	22.3358
380	22.3515
381	22.3292
382	22.32
383	22.3119
384	22.2924
385	22.257
386	22.2712
387	22.3422
388	22.406
389	22.436
390	22.4579
391	22.526
392	22.541
393	22.5557
394	22.5536
395	22.4632
396	22.3927
397	22.3869
398	22.3729
399	22.3652
400	22.3652
401	22.3727
402	22.3727
403	22.3727
404	22.3727
405	22.3727
406	22.3727
407	22.3727
408	22.3727
409	22.3727
410	22.3727
411	22.3659
412	22.3503
413	22.34
414	22.3386
415	22.3339
416	22.3339
417	22.3293
418	22.3293
419	22.2739
420	22.1626
421	22.1626
422	22.1626
423	22.1626
424	22.1106
425	22.0084
426	21.8664
427	21.818
428	21.8214
429	21.8305
430	21.8359
431	21.8384
432	21.8338
433	21.837
434	21.837
435	21.8345
436	21.9233
437	22.096
438	22.1648
439	22.3113
440	22.3196
441	22.344
442	22.301
443	22.2594
444	22.254
445	22.2538
446	22.2347
447	22.2174
448	22.1447
449	22.1419
450	22.1295
451	22.1524
452	22.1873
453	22.233
454	22.233
455	22.222
456	22.2957
457	22.4088
458	22.584
459	22.6121
460	22.6764
461	22.7926
462	22.856
463	22.8471
464	22.8858
465	22.9319
466	22.9035
467	22.923
468	23.0039
469	22.9913
470	23.08
471	23.0979
472	23.1216
473	23.1494
474	23.1595
475	23.1639
476	23.1682
477	23.1682
478	23.1731
479	23.2221
480	23.227
481	23.317
482	23.317
483	23.322
484	23.322
485	23.322
486	23.322
487	23.322
488	23.322
489	23.322
490	23.322
491	23.322
492	23.322
493	23.322
494	23.322
495	23.322
496	23.322
497	23.322
498	23.322
499	23.322
500	23.322
501	23.322
502	23.322
503	23.322
504	23.322
505	23.322
506	23.322
507	23.322
508	23.322
509	23.322
510	23.322
511	23.322
512	23.322
513	23.322
514	23.322
515	23.322
516	23.322
517	23.322
518	23.322
519	23.322
520	23.322
521	23.322
522	23.322
523	23.322
524	23.322
525	23.322
526	23.322
527	23.322
528	23.322
529	23.322
530	23.322
531	23.322
532	23.322
533	23.322
534	23.322
535	23.322
536	23.322
537	23.322
538	23.322
539	23.322
540	23.322
541	23.322
542	23.322
543	23.322
544	23.322
545	23.322
546	23.322
547	23.322
548	23.322
549	23.322
550	23.322
551	23.322
552	23.322
553	23.322
554	23.322
555	23.322
556	23.322
557	23.322
558	23.322
559	23.322
560	23.322
561	23.322
562	23.322
563	23.322
564	23.322
565	23.322
566	23.322
567	23.322
568	23.322
569	23.322
570	23.322
571	23.322
572	23.322
573	23.322
574	23.322
575	23.322
576	23.322
577	23.322
578	23.322
579	23.322
580	23.322
581	23.322
582	23.322
583	23.322
584	23.322
585	23.322
586	23.322
587	23.322
588	23.322
589	23.322
590	23.322
591	23.322
592	23.322
593	23.322
594	23.322
595	23.322
596	23.322
597	23.322
598	23.322
599	23.322
600	23.322
601	23.322
602	23.322
603	23.322
604	23.322
605	23.322
606	23.322
607	23.322
608	23.322
609	23.322
610	23.322
611	23.322
612	23.322
613	23.322
614	23.322
615	23.322
616	23.322
617	23.322
618	23.322
619	23.322
620	23.322
621	23.322
622	23.322
623	23.322
624	23.322
625	23.322
626	23.322
627	23.322
628	23.322
629	23.322
630	23.322
631	23.322
632	23.322
633	23.322
634	23.322
635	23.322
636	23.322
637	23.322
638	23.322
639	23.322
640	23.322
641	23.322
642	23.322
643	23.322
644	23.322
645	23.322
646	23.322
647	23.322
648	23.322
649	23.322
650	23.322
651	23.322
652	23.322
653	23.322
654	23.322
655	23.322
656	23.322
657	23.322
658	23.322
659	23.322
660	23.322
661	23.322
662	23.322
663	23.322
664	23.322
665	23.322
666	23.322
667	23.322
668	23.322
669	23.322
670	23.322
671	23.322
672	23.322
673	23.322
674	23.322
675	23.322
676	23.322
677	23.322
678	23.322
679	23.322
680	23.322
681	23.322
682	23.322
683	23.322
684	23.322
685	23.322
686	23.322
687	23.322
688	23.322
689	23.322
690	23.322
691	23.322
692	23.322
693	23.322
694	23.322
695	23.322
696	23.322
697	23.322
698	23.322
699	23.322
700	23.322
701	23.322
702	23.322
703	23.322
704	23.322
705	23.322
706	23.322
707	23.322
708	23.322
709	23.322
710	23.322
711	23.322
712	23.322
713	23.322
714	23.322
715	23.322
716	23.322
717	23.322
718	23.322
719	23.322
720	23.322
721	23.322
722	23.322
723	23.322
724	23.322
725	23.322
726	23.322
727	23.322
728	23.322
729	23.322
730	23.322
731	23.322
732	23.322
733	23.322
734	23.322
735	23.322
736	23.322
737	23.322
738	23.322
739	23.322
740	23.322
741	23.322
742	23.322
743	23.322
744	23.322
745	23.322
746	23.322
747	23.322
748	23.322
749	23.322
750	23.322
751	23.322
752	23.322
753	23.322
754	23.322
755	23.5649
