Ne averages over 40 independent estimates.
Generation	Geometric_mean
1	23.7247
2	23.7247
3	23.7247
4	23.7247
5	22.9136
6	24.4952
7	41.3938
8	44.6736
9	163.238
10	260.74
11	262.171
12	260.684
13	281.958
14	306.259
15	377.332
16	382.311
17	420.719
18	533.073
19	529.259
20	531.831
21	736.413
22	793.287
23	821.784
24	967.587
25	1087.02
26	1275.68
27	1304
28	1289.91
29	1365.51
30	1553.63
31	1624.44
32	1637.74
33	1646.93
34	1741.89
35	1787.49
36	1803.45
37	1896.42
38	1905.87
39	1898.88
40	1909.25
41	1948.42
42	1983.44
43	2028.2
44	2066.4
45	2101.1
46	2143.33
47	2190.99
48	2189.12
49	2173.99
50	2170.37
51	2166.99
52	2179.13
53	2227.87
54	2208.39
55	2149.74
56	2141.55
57	2153.86
58	2139.38
59	2126.18
60	2098.34
61	2095.3
62	2041.13
63	2012.36
64	1925.74
65	1943.74
66	1990.57
67	2029.69
68	2080.02
69	2086.55
70	2069.09
71	1990.23
72	1960.41
73	1843.34
74	1801.18
75	1818.46
76	1829.96
77	1696.92
78	1539.71
79	1517.5
80	1419.15
81	1214.65
82	1120.05
83	1109.4
84	1016.51
85	1013.94
86	1000.07
87	993.304
88	932.727
89	1014.31
90	1159.92
91	1080.88
92	1098.52
93	1124.58
94	1130.45
95	1128.35
96	1205.1
97	1181.16
98	1162.69
99	1209.87
100	1346.87
101	1304.35
102	1359.75
103	1407.92
104	1428.38
105	1409.75
106	1406.8
107	1397.15
108	1401.31
109	1401.02
110	1370.26
111	1348.79
112	1273.65
113	1313.9
114	1235.86
115	1164.03
116	1121.19
117	1087.83
118	1060.03
119	1018.11
120	991.03
121	951.288
122	940.367
123	905.208
124	802.057
125	731.562
126	695.647
127	643.216
128	614.765
129	603.961
130	595.145
131	582.643
132	596.036
133	582.404
134	574.512
135	562.582
136	558.415
137	547.902
138	534.523
139	533.528
140	526.284
141	508.178
142	495.024
143	486.081
144	483.175
145	472.445
146	459.329
147	450.57
148	430.142
149	416.372
150	414.893
151	414.288
152	412.533
153	410.356
154	408.078
155	407.094
156	412.235
157	407.797
158	402.957
159	394.305
160	378.968
161	369.053
162	360.103
163	354.94
164	350.404
165	343.829
166	338.64
167	332.486
168	312.221
169	295.017
170	281.722
171	275.703
172	260.411
173	253.348
174	239.042
175	233.76
176	227.543
177	224.455
178	213.157
179	200.795
180	187.052
181	167.673
182	144.089
183	130.751
184	109.906
185	95.8301
186	91.078
187	86.4449
188	84.3953
189	77.9571
190	70.1895
191	65.2081
192	57.1393
193	51.8161
194	48.0334
195	43.9367
196	40.5977
197	38.4401
198	37.1124
199	36.3638
200	36.5517
201	36.393
202	36.4258
203	36.3344
204	36.2697
205	35.7866
206	34.8776
207	34.1078
208	33.8355
209	32.9421
210	29.742
211	29.0526
212	28.2031
213	26.9496
214	24.9517
215	24.4805
216	24.4146
217	24.2584
218	23.3716
219	22.742
220	21.9336
221	21.8691
222	21.6918
223	21.709
224	21.6509
225	21.5613
226	21.7004
227	21.628
228	21.6242
229	21.5963
230	21.3806
231	21.3087
232	21.0402
233	20.9067
234	20.9298
235	20.776
236	20.905
237	20.9005
238	20.9755
239	20.9566
240	21.1049
241	21.1236
242	21.2228
243	21.3238
244	21.3211
245	21.3116
246	21.3008
247	21.3604
248	21.3932
249	21.4381
250	21.4436
251	21.4411
252	21.459
253	21.4784
254	21.478
255	21.516
256	21.5498
257	21.623
258	21.6363
259	21.5401
260	21.4996
261	21.457
262	21.3859
263	21.3197
264	21.2918
265	21.2678
266	21.2691
267	21.255
268	21.2501
269	21.2382
270	21.2191
271	21.1677
272	21.1998
273	21.1879
274	21.1464
275	21.1251
276	21.121
277	21.117
278	21.1139
279	21.1819
280	21.3971
281	21.6396
282	21.7311
283	21.7641
284	21.7886
285	21.9704
286	22.3789
287	22.8078
288	23.1415
289	23.5148
290	23.7891
291	23.7504
292	23.6788
293	23.6995
294	23.664
295	23.6747
296	23.6843
297	23.7008
298	23.7138
299	23.6897
300	23.6825
301	23.6834
302	23.6595
303	23.63
304	23.63
305	23.596
306	23.5493
307	23.5208
308	23.5066
309	23.4815
310	23.4461
311	23.4393
312	23.4282
313	23.4187
314	23.4141
315	23.4349
316	23.4288
317	23.432
318	23.4457
319	23.4711
320	23.4788
321	23.4788
322	23.4932
323	23.5088
324	23.5088
325	23.4983
326	23.4983
327	23.4809
328	23.4614
329	23.4614
330	23.4358
331	23.4311
332	23.4211
333	23.4211
334	23.4193
335	23.4392
336	23.4487
337	23.4475
338	23.4531
339	23.4531
340	23.4605
341	23.4603
342	23.4481
343	23.5083
344	23.5833
345	23.6168
346	23.6067
347	23.6086
348	23.5897
349	23.5792
350	23.5625
351	23.5484
352	23.5468
353	23.5109
354	23.4894
355	23.4834
356	23.4708
357	23.4729
358	23.4098
359	23.33
360	23.3486
361	23.3586
362	23.3935
363	23.404
364	23.4822
365	23.4971
366	23.5339
367	23.542
368	23.523
369	23.6244
370	23.8076
371	23.8515
372	23.7896
373	23.728
374	23.711
375	23.7088
376	23.6246
377	23.5435
378	23.4765
379	23.4671
380	23.4608
381	23.4596
382	23.4505
383	23.4755
384	23.4755
385	23.4755
386	23.4802
387	23.5054
388	23.5614
389	23.578
390	23.6355
391	23.6261
392	23.6286
393	23.6543
394	23.6995
395	23.749
396	23.7466
397	23.7428
398	23.7399
399	23.7415
400	23.7413
401	23.7404
402	23.7414
403	23.7414
404	23.7335
405	23.7335
406	23.7316
407	23.731
408	23.7276
409	23.7352
410	23.7418
411	23.7418
412	23.7313
413	23.7193
414	23.7312
415	23.7433
416	23.7112
417	23.7272
418	23.755
419	23.7812
420	23.8837
421	24.0097
422	24.0891
423	24.1539
424	24.2227
425	24.2418
426	24.2841
427	24.0172
428	24.0396
429	23.9617
430	23.8107
431	23.7433
432	23.5905
433	23.5905
434	23.5905
435	23.5815
436	23.567
437	23.5605
438	23.5605
439	23.5506
440	23.5419
441	23.5216
442	23.4942
443	23.4815
444	23.4815
445	23.4749
446	23.4539
447	23.4465
448	23.4465
449	23.488
450	23.5533
451	23.5748
452	23.5984
453	23.6161
454	23.6201
455	23.6295
456	23.65
457	23.6618
458	23.702
459	23.7382
460	23.7382
461	23.752
462	23.752
463	23.752
464	23.791
465	23.791
466	23.9741
467	24.093
468	24.1966
469	24.2044
470	24.2823
471	24.2647
472	24.2546
473	24.2537
474	24.2271
475	24.223
476	24.2036
477	24.2036
478	24.1965
479	24.1996
480	24.2085
481	24.2181
482	24.2218
483	24.2218
484	24.2218
485	24.2218
486	24.2218
487	24.2218
488	24.2218
489	24.2218
490	24.2218
491	24.2218
492	24.2218
493	24.2218
494	24.2218
495	24.2218
496	24.2218
497	24.2218
498	24.2218
499	24.2218
500	24.2218
501	24.2218
502	24.2218
503	24.2218
504	24.2218
505	24.2218
506	24.2218
507	24.2218
508	24.2218
509	24.2218
510	24.2218
511	24.2218
512	24.2218
513	24.2218
514	24.2218
515	24.2218
516	24.2218
517	24.2218
518	24.2218
519	24.2218
520	24.2218
521	24.2218
522	24.2218
523	24.2218
524	24.2218
525	24.2218
526	24.2218
527	24.2218
528	24.2218
529	24.2218
530	24.2218
531	24.2218
532	24.2218
533	24.2218
534	24.2218
535	24.2218
536	24.2218
537	24.2218
538	24.2218
539	24.2218
540	24.2218
541	24.2218
542	24.2218
543	24.2218
544	24.2218
545	24.2218
546	24.2218
547	24.2218
548	24.2218
549	24.2218
550	24.2218
551	24.2218
552	24.2218
553	24.2218
554	24.2218
555	24.2218
556	24.2218
557	24.2218
558	24.2218
559	24.2218
560	24.2218
561	24.2218
562	24.2218
563	24.2218
564	24.2218
565	24.2218
566	24.2218
567	24.2218
568	24.2218
569	24.2218
570	24.2218
571	24.2218
572	24.2218
573	24.2218
574	24.2218
575	24.2218
576	24.2218
577	24.2218
578	24.2218
579	24.2218
580	24.2218
581	24.2218
582	24.2218
583	24.2218
584	24.2218
585	24.2218
586	24.2218
587	24.2218
588	24.2218
589	24.2218
590	24.2218
591	24.2218
592	24.2218
593	24.2218
594	24.2218
595	24.2218
596	24.2218
597	24.2218
598	24.2218
599	24.2218
600	24.2218
601	24.2218
602	24.2218
603	24.2218
604	24.2218
605	24.2218
606	24.2218
607	24.2218
608	24.2218
609	24.2218
610	24.2218
611	24.2218
612	24.2218
613	24.2218
614	24.2218
615	24.2218
616	24.2218
617	24.2218
618	24.2218
619	24.2218
620	24.2218
621	24.2218
622	24.2218
623	24.2218
624	24.2218
625	24.2218
626	24.2218
627	24.2218
628	24.2218
629	24.2218
630	24.2218
631	24.2218
632	24.2218
633	24.2218
634	24.2218
635	24.2218
636	24.2218
637	24.2218
638	24.2218
639	24.2218
640	24.2218
641	24.2218
642	24.2218
643	24.2218
644	24.2218
645	24.2218
646	24.2218
647	24.2218
648	24.2218
649	24.2218
650	24.2218
651	24.2218
652	24.2218
653	24.2218
654	24.2218
655	24.2218
656	24.2218
657	24.2218
658	24.2218
659	24.2218
660	24.2218
661	24.2218
662	24.2218
663	24.2218
664	24.2218
665	24.2218
666	24.2218
667	24.2218
668	24.2218
669	24.2218
670	24.2218
671	24.2218
672	24.2218
673	24.2218
674	24.2218
675	24.2218
676	24.2218
677	24.2218
678	24.2218
679	24.2218
680	24.2218
681	24.2218
682	24.2218
683	24.2218
684	24.2218
685	24.2218
686	24.2218
687	24.2218
688	24.2218
689	24.2218
690	24.2218
691	24.2218
692	24.2218
693	24.2218
694	24.2218
695	24.2218
696	24.2218
697	24.2218
698	24.2218
699	24.2218
700	24.2218
701	24.2218
702	24.2218
703	24.2218
704	24.2218
705	24.2218
706	24.2218
707	24.2218
708	24.2218
709	24.2218
710	24.2218
711	24.2218
712	24.2218
713	24.2218
714	24.2218
715	24.2218
716	24.2218
717	24.2218
718	24.2218
719	24.2218
720	24.2218
721	24.2218
722	24.2218
723	24.2218
724	24.2218
725	24.2218
726	24.2218
727	24.2218
728	24.2218
729	24.2218
730	24.2218
731	24.2218
732	24.2218
733	24.2218
734	24.2218
735	24.2218
736	24.2218
737	24.2218
738	24.2218
739	24.2218
740	24.2218
741	24.2218
742	24.2218
743	24.2218
744	24.2218
745	24.2218
746	24.2218
747	24.2218
748	24.2218
749	24.2218
750	24.2218
751	24.2218
752	24.2218
753	24.2218
754	24.2218
755	24.6706
