Ne averages over 40 independent estimates.
Generation	Geometric_mean
1	23.7754
2	23.7754
3	23.7754
4	23.7754
5	24.913
6	24.2203
7	31.9992
8	45.3966
9	259.815
10	348.271
11	349.041
12	350.316
13	401.203
14	420.602
15	421.829
16	472.748
17	553.083
18	541.518
19	600.46
20	609.622
21	731.624
22	756.768
23	769.929
24	821.008
25	872.745
26	1036.1
27	1231.84
28	1239.65
29	1270.93
30	1303.69
31	1470.49
32	1508.27
33	1595.2
34	1749.2
35	1889.16
36	2026.48
37	2078.37
38	2093.94
39	2152.2
40	2173.67
41	2196.39
42	2204.73
43	2204.88
44	2166.31
45	2094.49
46	2072.8
47	2041.9
48	2031.35
49	2046.01
50	2059.68
51	2092.38
52	2118.43
53	2177.74
54	2225.65
55	2272.79
56	2351.43
57	2386.33
58	2392.17
59	2331.43
60	2320.59
61	2298.35
62	2287.36
63	2247.13
64	2234.13
65	2226.17
66	2185.42
67	2241.27
68	2329.39
69	2329.32
70	2316.5
71	2289.86
72	2220.73
73	2125.03
74	2016.8
75	1924.35
76	1925.66
77	1938.61
78	1767.09
79	1557.84
80	1522.34
81	1563.47
82	1491.18
83	1363.2
84	1261.73
85	1178.03
86	1052.99
87	1064.6
88	1064.11
89	1045.03
90	1142.76
91	1176.63
92	1193.06
93	1254.75
94	1243.85
95	1289.56
96	1319.1
97	1452.58
98	1471.7
99	1542.3
100	1593.31
101	1730.85
102	1699.98
103	1705.27
104	1704.86
105	1709.91
106	1743.46
107	1755.92
108	1772.93
109	1823.16
110	1813.75
111	1780.62
112	1716.57
113	1683.31
114	1650.04
115	1567.6
116	1474.72
117	1382.91
118	1337.53
119	1251.79
120	1175.8
121	1122.83
122	1078.95
123	1070.18
124	1095.38
125	1046.37
126	1029.66
127	979.625
128	927.604
129	923.352
130	914.579
131	891.053
132	854.259
133	819.504
134	784.311
135	760.611
136	729.951
137	697.467
138	682.485
139	673.543
140	673.978
141	667.129
142	651.033
143	642.152
144	630.082
145	617.339
146	594.304
147	581.588
148	563.698
149	540.101
150	522.325
151	516.205
152	509.795
153	506.159
154	498.028
155	487.686
156	479.487
157	467.903
158	458.722
159	450.473
160	442.724
161	432.689
162	429.443
163	429.665
164	435.067
165	435.359
166	441.1
167	449.801
168	446.979
169	444.384
170	443.338
171	430.933
172	421.184
173	414.273
174	401.079
175	379.051
176	353.478
177	333.259
178	293.676
179	280.055
180	253.057
181	237.5
182	228.381
183	209.28
184	194.458
185	183.591
186	159.226
187	151.241
188	139.437
189	121.957
190	106.449
191	93.9155
192	83.6327
193	80.1143
194	75.931
195	75.4535
196	74.32
197	73.0672
198	70.8066
199	67.1341
200	63.5647
201	59.727
202	54.4791
203	52.7923
204	50.1432
205	47.6323
206	46.8883
207	45.6491
208	44.8374
209	40.7413
210	38.8697
211	36.7544
212	33.1651
213	31.0552
214	29.2535
215	28.599
216	27.5238
217	25.7641
218	24.3072
219	22.4922
220	21.6965
221	21.2128
222	21.0834
223	20.2705
224	20.1789
225	19.964
226	19.9586
227	19.978
228	20.016
229	20.0414
230	20.0179
231	19.9267
232	19.8422
233	19.7368
234	19.7612
235	19.762
236	19.7129
237	19.6665
238	19.6127
239	19.4456
240	19.539
241	19.0731
242	19.0396
243	18.96
244	18.7629
245	18.7992
246	18.9004
247	19.0723
248	19.2323
249	19.2748
250	19.2962
251	19.3113
252	19.3176
253	19.3388
254	19.3729
255	19.3983
256	19.4023
257	19.3621
258	19.3441
259	19.3441
260	19.3435
261	19.2885
262	19.2855
263	19.2712
264	19.2549
265	19.2398
266	19.2396
267	19.2395
268	19.2496
269	19.2585
270	19.267
271	19.282
272	19.282
273	19.2823
274	19.2823
275	19.2819
276	19.2789
277	19.2757
278	19.2757
279	19.2337
280	19.1622
281	19.1309
282	18.9366
283	18.8052
284	18.5361
285	18.481
286	18.5002
287	18.5256
288	18.5566
289	18.5877
290	18.607
291	18.6368
292	18.6452
293	18.6462
294	18.6623
295	18.6682
296	18.6818
297	18.7288
298	18.7508
299	18.7508
300	18.7607
301	18.7911
302	18.7978
303	18.7968
304	18.8102
305	18.8086
306	18.8156
307	18.8419
308	18.8605
309	18.8166
310	18.7996
311	18.8519
312	18.8864
313	18.947
314	18.9618
315	19.02
316	19.0375
317	19.041
318	19.0305
319	19.0357
320	19.0323
321	19.0325
322	19.0263
323	19.0225
324	19.0056
325	18.9653
326	18.9577
327	18.9577
328	18.9577
329	18.9551
330	18.9551
331	18.9189
332	18.914
333	18.8986
334	18.9057
335	18.8796
336	18.8872
337	18.8748
338	18.8573
339	18.8324
340	18.8275
341	18.819
342	18.8161
343	18.8073
344	18.8366
345	18.8462
346	18.8814
347	18.8981
348	18.9353
349	18.938
350	18.9605
351	18.9924
352	19.0423
353	19.1127
354	19.2198
355	19.2485
356	19.2463
357	19.2361
358	19.2733
359	19.4816
360	19.4884
361	19.4743
362	19.4762
363	19.4302
364	19.4178
365	19.4396
366	19.4132
367	19.424
368	19.3337
369	19.294
370	19.2482
371	19.1807
372	19.1474
373	19.1474
374	19.1101
375	19.1101
376	19.1101
377	19.1174
378	19.1174
379	19.1174
380	19.1099
381	19.0734
382	19.0736
383	19.0458
384	19.0222
385	18.9806
386	18.9511
387	18.8883
388	18.8672
389	18.8501
390	18.8354
391	18.8539
392	18.8399
393	18.8966
394	18.9114
395	18.973
396	19.0145
397	19.0046
398	19.0032
399	18.9995
400	18.9941
401	18.9817
402	18.9793
403	18.9793
404	18.9793
405	18.9818
406	18.9811
407	18.9853
408	18.9853
409	18.9853
410	18.9842
411	18.9842
412	18.9838
413	18.9837
414	18.9837
415	18.9819
416	18.9819
417	18.9841
418	18.984
419	18.9818
420	18.9785
421	18.9737
422	18.9848
423	19.0013
424	19.0185
425	19.0432
426	19.0536
427	19.0712
428	19.0753
429	19.0728
430	18.9688
431	18.9572
432	18.9572
433	18.9687
434	18.9687
435	18.9687
436	18.9687
437	18.9687
438	18.9687
439	18.9871
440	18.9636
441	18.9754
442	18.9166
443	18.9713
444	18.9884
445	19.0144
446	19.0395
447	19.0666
448	19.0666
449	19.0999
450	19.0999
451	19.0999
452	19.0954
453	19.0888
454	19.0782
455	19.0755
456	19.0564
457	19.0609
458	19.0557
459	19.045
460	19.0389
461	19.034
462	19.0522
463	19.0726
464	19.093
465	19.1309
466	19.1701
467	19.1645
468	19.1382
469	19.0851
470	19.062
471	19.0598
472	19.0454
473	19.0454
474	19.0454
475	19.0454
476	19.0454
477	19.0454
478	19.0495
479	19.0604
480	19.0581
481	19.0721
482	19.0794
483	19.0773
484	19.0792
485	19.0884
486	19.0993
487	19.0993
488	19.0993
489	19.0993
490	19.0993
491	19.0993
492	19.0993
493	19.0993
494	19.0993
495	19.0993
496	19.0993
497	19.0993
498	19.0993
499	19.0993
500	19.0993
501	19.0993
502	19.0993
503	19.0993
504	19.0993
505	19.0993
506	19.0993
507	19.0993
508	19.0993
509	19.0993
510	19.0993
511	19.0993
512	19.0993
513	19.0993
514	19.0993
515	19.0993
516	19.0993
517	19.0993
518	19.0993
519	19.0993
520	19.0993
521	19.0993
522	19.0993
523	19.0993
524	19.0993
525	19.0993
526	19.0993
527	19.0993
528	19.0993
529	19.0993
530	19.0993
531	19.0993
532	19.0993
533	19.0993
534	19.0993
535	19.0993
536	19.0993
537	19.0993
538	19.0993
539	19.0993
540	19.0993
541	19.0993
542	19.0993
543	19.0993
544	19.0993
545	19.0993
546	19.0993
547	19.0993
548	19.0993
549	19.0993
550	19.0993
551	19.0993
552	19.0993
553	19.0993
554	19.0993
555	19.0993
556	19.0993
557	19.0993
558	19.0993
559	19.0993
560	19.0993
561	19.0993
562	19.0993
563	19.0993
564	19.0993
565	19.0993
566	19.0993
567	19.0993
568	19.0993
569	19.0993
570	19.0993
571	19.0993
572	19.0993
573	19.0993
574	19.0993
575	19.0993
576	19.0993
577	19.0993
578	19.0993
579	19.0993
580	19.0993
581	19.0993
582	19.0993
583	19.0993
584	19.0993
585	19.0993
586	19.0993
587	19.0993
588	19.0993
589	19.0993
590	19.0993
591	19.0993
592	19.0993
593	19.0993
594	19.0993
595	19.0993
596	19.0993
597	19.0993
598	19.0993
599	19.0993
600	19.0993
601	19.0993
602	19.0993
603	19.0993
604	19.0993
605	19.0993
606	19.0993
607	19.0993
608	19.0993
609	19.0993
610	19.0993
611	19.0993
612	19.0993
613	19.0993
614	19.0993
615	19.0993
616	19.0993
617	19.0993
618	19.0993
619	19.0993
620	19.0993
621	19.0993
622	19.0993
623	19.0993
624	19.0993
625	19.0993
626	19.0993
627	19.0993
628	19.0993
629	19.0993
630	19.0993
631	19.0993
632	19.0993
633	19.0993
634	19.0993
635	19.0993
636	19.0993
637	19.0993
638	19.0993
639	19.0993
640	19.0993
641	19.0993
642	19.0993
643	19.0993
644	19.0993
645	19.0993
646	19.0993
647	19.0993
648	19.0993
649	19.0993
650	19.0993
651	19.0993
652	19.0993
653	19.0993
654	19.0993
655	19.0993
656	19.0993
657	19.0993
658	19.0993
659	19.0993
660	19.0993
661	19.0993
662	19.0993
663	19.0993
664	19.0993
665	19.0993
666	19.0993
667	19.0993
668	19.0993
669	19.0993
670	19.0993
671	19.0993
672	19.0993
673	19.0993
674	19.0993
675	19.0993
676	19.0993
677	19.0993
678	19.0993
679	19.0993
680	19.0993
681	19.0993
682	19.0993
683	19.0993
684	19.0993
685	19.0993
686	19.0993
687	19.0993
688	19.0993
689	19.0993
690	19.0993
691	19.0993
692	19.0993
693	19.0993
694	19.0993
695	19.0993
696	19.0993
697	19.0993
698	19.0993
699	19.0993
700	19.0993
701	19.0993
702	19.0993
703	19.0993
704	19.0993
705	19.0993
706	19.0993
707	19.0993
708	19.0993
709	19.0993
710	19.0993
711	19.0993
712	19.0993
713	19.0993
714	19.0993
715	19.0993
716	19.0993
717	19.0993
718	19.0993
719	19.0993
720	19.0993
721	19.0993
722	19.0993
723	19.0993
724	19.0993
725	19.0993
726	19.0993
727	19.0993
728	19.0993
729	19.0993
730	19.0993
731	19.0993
732	19.0993
733	19.0993
734	19.0993
735	19.0993
736	19.0993
737	19.0993
738	19.0993
739	19.0993
740	19.0993
741	19.0993
742	19.0993
743	19.0993
744	19.0993
745	19.0993
746	19.0993
747	19.0993
748	19.0993
749	19.0993
750	19.0993
751	19.0993
752	19.0993
753	19.0993
754	19.0993
755	19.0927
