Ne averages over 40 independent estimates.
Generation	Geometric_mean
1	23.6653
2	23.6653
3	23.6653
4	23.6653
5	25.3296
6	24.7991
7	26.4183
8	47.0758
9	228.218
10	331.652
11	333.472
12	330.075
13	319.764
14	326.616
15	327.047
16	346.432
17	430.611
18	438.282
19	445.737
20	524.89
21	582.757
22	729.548
23	810.863
24	1146.87
25	1299.1
26	1464.81
27	1696.98
28	1876.35
29	2234.71
30	2300.06
31	2346.22
32	2369.21
33	2373.99
34	2371.64
35	2402.91
36	2450.4
37	2610.64
38	2651.38
39	2626.04
40	2602.32
41	2556.14
42	2555.36
43	2596.62
44	2597.37
45	2572
46	2595.85
47	2642.07
48	2653.6
49	2683.35
50	2657.05
51	2671.05
52	2673.48
53	2711.71
54	2703.64
55	2678.94
56	2653.78
57	2613.93
58	2557.16
59	2528.17
60	2533.99
61	2514.3
62	2566.57
63	2614.45
64	2626.1
65	2646.79
66	2606.27
67	2482.55
68	2518.18
69	2547.94
70	2565.83
71	2602.99
72	2635.58
73	2513.81
74	2406.25
75	2338.54
76	2320.84
77	2298.5
78	2255.96
79	2009.67
80	2021.12
81	1979.16
82	1948.45
83	1971.39
84	1981.3
85	1966.76
86	1879.05
87	1796.49
88	1783.23
89	1768.33
90	1658.16
91	1546.36
92	1527.59
93	1536.39
94	1445.19
95	1326.61
96	1362.07
97	1463.64
98	1381.05
99	1529.69
100	1555.63
101	1545.09
102	1527.92
103	1538.21
104	1517.19
105	1516.95
106	1542.25
107	1553.17
108	1506.47
109	1445.48
110	1409.14
111	1474.79
112	1500.54
113	1519.08
114	1486.59
115	1498.91
116	1514.66
117	1482.22
118	1450.14
119	1387.61
120	1351.79
121	1435.44
122	1398.22
123	1306.09
124	1173.29
125	1053.95
126	965.769
127	919.022
128	897.353
129	871.609
130	859.664
131	838.5
132	831.631
133	814.794
134	810.508
135	788.698
136	762.076
137	759.439
138	737.196
139	733.309
140	710.516
141	686.97
142	674.188
143	662.822
144	651.186
145	630.44
146	624.708
147	612.337
148	603.937
149	600.299
150	601.608
151	602.443
152	588.42
153	572.662
154	548.397
155	538.221
156	535.055
157	522.869
158	508.386
159	498.887
160	482.277
161	471.029
162	464.114
163	463.065
164	459.318
165	452.457
166	452.335
167	442.902
168	437.653
169	409.227
170	402.318
171	399.577
172	388.563
173	381.575
174	374.267
175	359.187
176	339.386
177	328.097
178	318.569
179	306.293
180	302.39
181	294.307
182	274.069
183	246.942
184	204.662
185	181.007
186	178.04
187	166.787
188	152.714
189	138.654
190	125.616
191	115.05
192	103.63
193	92.9736
194	74.2172
195	64.9714
196	56.8733
197	48.1338
198	42.7203
199	41.7234
200	41.5586
201	40.1801
202	39.6171
203	38.5191
204	37.7511
205	37.7633
206	37.8456
207	37.4699
208	37.3817
209	36.8743
210	35.9111
211	34.2136
212	31.9325
213	30.5231
214	29.5452
215	28.5192
216	27.3822
217	25.6732
218	24.236
219	23.3029
220	22.9629
221	22.7142
222	22.4577
223	21.8632
224	21.4617
225	21.2277
226	21.2743
227	20.7864
228	20.2607
229	20.1258
230	19.5781
231	19.4877
232	19.1454
233	18.9678
234	18.8163
235	18.7844
236	18.67
237	18.6606
238	18.5753
239	18.5743
240	18.5579
241	18.5437
242	18.5256
243	18.5223
244	18.5175
245	18.5429
246	18.5112
247	18.4837
248	18.4842
249	18.4748
250	18.4658
251	18.4417
252	18.4299
253	18.4215
254	18.4097
255	18.3991
256	18.3969
257	18.3697
258	18.3691
259	18.3563
260	18.3425
261	18.3276
262	18.3295
263	18.3012
264	18.2695
265	18.2059
266	18.1933
267	18.1839
268	18.1866
269	18.1791
270	18.1859
271	18.1859
272	18.195
273	18.1978
274	18.1978
275	18.1974
276	18.1974
277	18.2003
278	18.2003
279	18.2
280	18.2022
281	18.2022
282	18.209
283	18.224
284	18.2307
285	18.2438
286	18.2644
287	18.3081
288	18.3385
289	18.377
290	18.3894
291	18.3906
292	18.3874
293	18.3602
294	18.3112
295	18.3038
296	18.3137
297	18.3078
298	18.3078
299	18.2898
300	18.2898
301	18.2976
302	18.2876
303	18.2895
304	18.2889
305	18.291
306	18.2865
307	18.2199
308	18.199
309	18.1551
310	18.101
311	18.0876
312	18.0882
313	18.1051
314	18.0617
315	18.0815
316	18.0629
317	18.0325
318	18.0353
319	18.0579
320	18.0344
321	18.0195
322	17.9927
323	17.9797
324	17.9868
325	17.9828
326	18.0092
327	18.0092
328	18.0141
329	18.0294
330	18.0336
331	18.0383
332	18.0427
333	18.0414
334	18.0544
335	18.0624
336	18.0587
337	18.0916
338	18.0959
339	18.1197
340	18.1056
341	18.0778
342	18.0784
343	18.0753
344	18.05
345	18.0564
346	18.0618
347	18.0646
348	18.0816
349	18.0839
350	18.107
351	18.1135
352	18.123
353	18.1423
354	18.1675
355	18.2182
356	18.2541
357	18.2461
358	18.2213
359	18.2125
360	18.2193
361	18.2348
362	18.2082
363	18.2049
364	18.2038
365	18.2027
366	18.1915
367	18.197
368	18.197
369	18.1953
370	18.1899
371	18.187
372	18.1828
373	18.1828
374	18.178
375	18.157
376	18.157
377	18.1414
378	18.1436
379	18.175
380	18.1823
381	18.1873
382	18.1811
383	18.2015
384	18.2015
385	18.2201
386	18.2196
387	18.25
388	18.272
389	18.272
390	18.272
391	18.3005
392	18.3192
393	18.3386
394	18.3386
395	18.3749
396	18.3674
397	18.3695
398	18.3695
399	18.3722
400	18.3728
401	18.3719
402	18.3718
403	18.3786
404	18.4007
405	18.4421
406	18.4421
407	18.447
408	18.4783
409	18.5319
410	18.5339
411	18.5347
412	18.5541
413	18.5541
414	18.5545
415	18.5545
416	18.5545
417	18.592
418	18.6037
419	18.6317
420	18.6871
421	18.7045
422	18.6861
423	18.6861
424	18.6771
425	18.5626
426	18.4617
427	18.4112
428	18.4112
429	18.4054
430	18.4054
431	18.4054
432	18.4054
433	18.4174
434	18.433
435	18.4416
436	18.4529
437	18.4529
438	18.4529
439	18.4529
440	18.4553
441	18.4407
442	18.4407
443	18.4492
444	18.4574
445	18.4595
446	18.4582
447	18.4502
448	18.4333
449	18.4495
450	18.4323
451	18.4174
452	18.4154
453	18.4154
454	18.4154
455	18.4154
456	18.4242
457	18.4347
458	18.4428
459	18.4655
460	18.4741
461	18.5203
462	18.5341
463	18.5537
464	18.5616
465	18.5559
466	18.5748
467	18.5636
468	18.5636
469	18.5568
470	18.5568
471	18.5568
472	18.5568
473	18.5568
474	18.5525
475	18.5525
476	18.5525
477	18.5523
478	18.5523
479	18.5551
480	18.5551
481	18.5551
482	18.5551
483	18.5551
484	18.5551
485	18.5551
486	18.5551
487	18.5551
488	18.5551
489	18.5551
490	18.5551
491	18.5551
492	18.5551
493	18.5551
494	18.5551
495	18.5551
496	18.5551
497	18.5551
498	18.5551
499	18.5551
500	18.5551
501	18.5551
502	18.5551
503	18.5551
504	18.5551
505	18.5551
506	18.5551
507	18.5551
508	18.5551
509	18.5551
510	18.5551
511	18.5551
512	18.5551
513	18.5551
514	18.5551
515	18.5551
516	18.5551
517	18.5551
518	18.5551
519	18.5551
520	18.5551
521	18.5551
522	18.5551
523	18.5551
524	18.5551
525	18.5551
526	18.5551
527	18.5551
528	18.5551
529	18.5551
530	18.5551
531	18.5551
532	18.5551
533	18.5551
534	18.5551
535	18.5551
536	18.5551
537	18.5551
538	18.5551
539	18.5551
540	18.5551
541	18.5551
542	18.5551
543	18.5551
544	18.5551
545	18.5551
546	18.5551
547	18.5551
548	18.5551
549	18.5551
550	18.5551
551	18.5551
552	18.5551
553	18.5551
554	18.5551
555	18.5551
556	18.5551
557	18.5551
558	18.5551
559	18.5551
560	18.5551
561	18.5551
562	18.5551
563	18.5551
564	18.5551
565	18.5551
566	18.5551
567	18.5551
568	18.5551
569	18.5551
570	18.5551
571	18.5551
572	18.5551
573	18.5551
574	18.5551
575	18.5551
576	18.5551
577	18.5551
578	18.5551
579	18.5551
580	18.5551
581	18.5551
582	18.5551
583	18.5551
584	18.5551
585	18.5551
586	18.5551
587	18.5551
588	18.5551
589	18.5551
590	18.5551
591	18.5551
592	18.5551
593	18.5551
594	18.5551
595	18.5551
596	18.5551
597	18.5551
598	18.5551
599	18.5551
600	18.5551
601	18.5551
602	18.5551
603	18.5551
604	18.5551
605	18.5551
606	18.5551
607	18.5551
608	18.5551
609	18.5551
610	18.5551
611	18.5551
612	18.5551
613	18.5551
614	18.5551
615	18.5551
616	18.5551
617	18.5551
618	18.5551
619	18.5551
620	18.5551
621	18.5551
622	18.5551
623	18.5551
624	18.5551
625	18.5551
626	18.5551
627	18.5551
628	18.5551
629	18.5551
630	18.5551
631	18.5551
632	18.5551
633	18.5551
634	18.5551
635	18.5551
636	18.5551
637	18.5551
638	18.5551
639	18.5551
640	18.5551
641	18.5551
642	18.5551
643	18.5551
644	18.5551
645	18.5551
646	18.5551
647	18.5551
648	18.5551
649	18.5551
650	18.5551
651	18.5551
652	18.5551
653	18.5551
654	18.5551
655	18.5551
656	18.5551
657	18.5551
658	18.5551
659	18.5551
660	18.5551
661	18.5551
662	18.5551
663	18.5551
664	18.5551
665	18.5551
666	18.5551
667	18.5551
668	18.5551
669	18.5551
670	18.5551
671	18.5551
672	18.5551
673	18.5551
674	18.5551
675	18.5551
676	18.5551
677	18.5551
678	18.5551
679	18.5551
680	18.5551
681	18.5551
682	18.5551
683	18.5551
684	18.5551
685	18.5551
686	18.5551
687	18.5551
688	18.5551
689	18.5551
690	18.5551
691	18.5551
692	18.5551
693	18.5551
694	18.5551
695	18.5551
696	18.5551
697	18.5551
698	18.5551
699	18.5551
700	18.5551
701	18.5551
702	18.5551
703	18.5551
704	18.5551
705	18.5551
706	18.5551
707	18.5551
708	18.5551
709	18.5551
710	18.5551
711	18.5551
712	18.5551
713	18.5551
714	18.5551
715	18.5551
716	18.5551
717	18.5551
718	18.5551
719	18.5551
720	18.5551
721	18.5551
722	18.5551
723	18.5551
724	18.5551
725	18.5551
726	18.5551
727	18.5551
728	18.5551
729	18.5551
730	18.5551
731	18.5551
732	18.5551
733	18.5551
734	18.5551
735	18.5551
736	18.5551
737	18.5551
738	18.5551
739	18.5551
740	18.5551
741	18.5551
742	18.5551
743	18.5551
744	18.5551
745	18.5551
746	18.5551
747	18.5551
748	18.5551
749	18.5551
750	18.5551
751	18.5551
752	18.5551
753	18.5551
754	18.5551
755	17.9462
