Ne averages over 40 independent estimates.
Generation	Geometric_mean
1	22.3709
2	22.3709
3	22.3709
4	22.3709
5	24.327
6	30.6646
7	48.3236
8	55.6677
9	188.197
10	275.578
11	291.035
12	289.791
13	298.292
14	301.298
15	333.26
16	349.423
17	412.102
18	456.883
19	470.273
20	510.192
21	572.935
22	639.638
23	644.178
24	690.469
25	753.651
26	788.444
27	933.486
28	1053.93
29	1162.19
30	1322.79
31	1410.42
32	1451.79
33	1505.97
34	1533.37
35	1718.18
36	1801.7
37	1895.44
38	1909.15
39	1999.47
40	2027.58
41	2050.11
42	2072.6
43	2137
44	2150.85
45	2165.71
46	2211.19
47	2220.35
48	2251.93
49	2289.36
50	2307.67
51	2316.48
52	2286.08
53	2298.32
54	2263.29
55	2204.14
56	2138.39
57	2172.92
58	2220.25
59	2255.09
60	2330.99
61	2315.7
62	2324.91
63	2316.6
64	2296.4
65	2284.56
66	2316.62
67	2323.08
68	2311.48
69	2260.33
70	2244.15
71	2138.78
72	2021.09
73	1845.61
74	1706.52
75	1607.38
76	1467.77
77	1381.33
78	1192.37
79	1128.47
80	1120.51
81	1087.91
82	1020.06
83	912.702
84	908.915
85	761.119
86	697.357
87	690.232
88	761.045
89	814.439
90	834.844
91	897.143
92	994.653
93	1101.21
94	1213.94
95	1313.82
96	1394.6
97	1579.77
98	1546.43
99	1574.84
100	1563.11
101	1477.74
102	1453.71
103	1377.62
104	1309.35
105	1323.75
106	1465.01
107	1450.18
108	1463.93
109	1488.35
110	1473.28
111	1455.55
112	1433.19
113	1368.3
114	1339.44
115	1280.6
116	1257.73
117	1143.51
118	1063.5
119	1014.34
120	981.284
121	964.451
122	937.931
123	894.776
124	855.95
125	844.7
126	837.965
127	825.496
128	821.309
129	806.028
130	801.803
131	796.196
132	759.121
133	725.519
134	703.968
135	625.096
136	585.547
137	550.819
138	528.815
139	507.437
140	495.159
141	484.606
142	484.358
143	459.895
144	446.246
145	425.675
146	423.94
147	424.935
148	424.004
149	418.388
150	416.319
151	412.592
152	402.15
153	399.378
154	398.178
155	396.958
156	395.325
157	393.672
158	393.389
159	392.385
160	389.201
161	383.808
162	370.68
163	368.113
164	364.103
165	359.047
166	359.252
167	358.031
168	355.787
169	353.525
170	349.84
171	330.233
172	302.755
173	266.637
174	250.588
175	233.471
176	226.339
177	218.329
178	201.086
179	177.863
180	152.82
181	130.027
182	119.21
183	106.639
184	100.778
185	97.1706
186	90.5889
187	85.7081
188	80.4379
189	75.7971
190	69.0936
191	61.7683
192	57.9576
193	56.4245
194	54.6865
195	53.2083
196	53.4259
197	53.4843
198	53.8788
199	52.4838
200	49.9227
201	44.8292
202	42.8877
203	41.7836
204	40.2952
205	38.5916
206	37.7518
207	37.37
208	36.8615
209	34.3447
210	32.6561
211	32.7841
212	32.7941
213	32.9012
214	32.8805
215	31.6012
216	31.834
217	31.3676
218	31.2097
219	30.804
220	30.4031
221	29.9487
222	28.6044
223	27.4884
224	26.4571
225	26.2224
226	26.2978
227	26.2096
228	26.3111
229	26.1698
230	26.1313
231	25.0132
232	24.4622
233	24.274
234	24.2505
235	24.1646
236	24.193
237	24.3329
238	24.3487
239	24.2878
240	24.2357
241	24.123
242	24.0255
243	23.7934
244	23.7273
245	23.4858
246	23.4538
247	23.4496
248	23.3978
249	23.3965
250	23.3839
251	23.4095
252	23.4574
253	23.4716
254	23.5155
255	23.6082
256	23.6252
257	23.592
258	23.6051
259	23.5281
260	23.3868
261	23.2176
262	23.2535
263	23.2924
264	23.3267
265	23.3751
266	23.4042
267	23.4117
268	23.3822
269	23.4287
270	23.4677
271	23.5495
272	23.5717
273	23.575
274	23.6224
275	23.5374
276	23.5106
277	23.4979
278	23.4907
279	23.4724
280	23.5086
281	23.4438
282	23.348
283	23.3285
284	23.3151
285	23.3151
286	23.3241
287	23.3598
288	23.3649
289	23.3534
290	23.4084
291	23.4476
292	23.4621
293	23.4626
294	23.4626
295	23.4626
296	23.4876
297	23.4876
298	23.5066
299	23.5066
300	23.5248
301	23.5187
302	23.5187
303	23.5187
304	23.5239
305	23.5236
306	23.5434
307	23.5402
308	23.5768
309	23.5945
310	23.6395
311	23.6677
312	23.7065
313	23.7376
314	23.7114
315	23.7116
316	23.7028
317	23.6941
318	23.7108
319	23.6706
320	23.6591
321	23.6639
322	23.6262
323	23.6411
324	23.6153
325	23.6713
326	23.8336
327	23.882
328	23.9451
329	23.9359
330	23.8913
331	23.8018
332	23.6965
333	23.7082
334	23.7091
335	23.6945
336	23.6654
337	23.6664
338	23.6672
339	23.6496
340	23.6257
341	23.539
342	23.4699
343	23.5006
344	23.5469
345	23.5511
346	23.5791
347	23.6216
348	23.7156
349	23.7594
350	23.7683
351	23.7833
352	23.8212
353	23.8472
354	23.8329
355	23.7627
356	23.688
357	23.6393
358	23.5621
359	23.5459
360	23.5501
361	23.4852
362	23.426
363	23.4267
364	23.4405
365	23.4445
366	23.4218
367	23.3912
368	23.3883
369	23.3966
370	23.3884
371	23.3884
372	23.4029
373	23.4228
374	23.4611
375	23.4852
376	23.5221
377	23.627
378	23.6417
379	23.6444
380	23.6569
381	23.669
382	23.6769
383	23.6763
384	23.6783
385	23.6757
386	23.6666
387	23.6677
388	23.6705
389	23.7065
390	23.7278
391	23.7719
392	23.7935
393	23.7921
394	23.7265
395	23.6193
396	23.507
397	23.3858
398	23.3858
399	23.3983
400	23.4157
401	23.4207
402	23.4072
403	23.3845
404	23.3311
405	23.3311
406	23.3085
407	23.2936
408	23.2936
409	23.2936
410	23.1806
411	23.1065
412	23.0259
413	22.968
414	22.8539
415	22.8587
416	22.812
417	22.7961
418	22.8258
419	22.8269
420	22.8415
421	22.8539
422	22.8623
423	22.87
424	22.87
425	22.9087
426	23.0118
427	23.0837
428	23.1395
429	23.2074
430	23.2015
431	23.3247
432	23.3897
433	23.4531
434	23.4881
435	23.5116
436	23.4999
437	23.4972
438	23.4972
439	23.4972
440	23.4935
441	23.4923
442	23.4929
443	23.5024
444	23.5046
445	23.4909
446	23.4796
447	23.4793
448	23.4778
449	23.4765
450	23.4599
451	23.4612
452	23.456
453	23.4583
454	23.4599
455	23.4446
456	23.4205
457	23.3071
458	23.2641
459	23.2641
460	23.2494
461	23.2467
462	23.2467
463	23.2408
464	23.2408
465	23.264
466	23.2684
467	23.2863
468	23.2937
469	23.2987
470	23.2987
471	23.2983
472	23.324
473	23.3492
474	23.3492
475	23.3492
476	23.3476
477	23.352
478	23.3506
479	23.3506
480	23.3506
481	23.3506
482	23.3506
483	23.3506
484	23.341
485	23.3293
486	23.3249
487	23.3212
488	23.3212
489	23.3212
490	23.3212
491	23.3212
492	23.3212
493	23.3212
494	23.3212
495	23.3212
496	23.3212
497	23.3212
498	23.3212
499	23.3212
500	23.3212
501	23.3212
502	23.3212
503	23.3212
504	23.3212
505	23.3212
506	23.3212
507	23.3212
508	23.3212
509	23.3212
510	23.3212
511	23.3212
512	23.3212
513	23.3212
514	23.3212
515	23.3212
516	23.3212
517	23.3212
518	23.3212
519	23.3212
520	23.3212
521	23.3212
522	23.3212
523	23.3212
524	23.3212
525	23.3212
526	23.3212
527	23.3212
528	23.3212
529	23.3212
530	23.3212
531	23.3212
532	23.3212
533	23.3212
534	23.3212
535	23.3212
536	23.3212
537	23.3212
538	23.3212
539	23.3212
540	23.3212
541	23.3212
542	23.3212
543	23.3212
544	23.3212
545	23.3212
546	23.3212
547	23.3212
548	23.3212
549	23.3212
550	23.3212
551	23.3212
552	23.3212
553	23.3212
554	23.3212
555	23.3212
556	23.3212
557	23.3212
558	23.3212
559	23.3212
560	23.3212
561	23.3212
562	23.3212
563	23.3212
564	23.3212
565	23.3212
566	23.3212
567	23.3212
568	23.3212
569	23.3212
570	23.3212
571	23.3212
572	23.3212
573	23.3212
574	23.3212
575	23.3212
576	23.3212
577	23.3212
578	23.3212
579	23.3212
580	23.3212
581	23.3212
582	23.3212
583	23.3212
584	23.3212
585	23.3212
586	23.3212
587	23.3212
588	23.3212
589	23.3212
590	23.3212
591	23.3212
592	23.3212
593	23.3212
594	23.3212
595	23.3212
596	23.3212
597	23.3212
598	23.3212
599	23.3212
600	23.3212
601	23.3212
602	23.3212
603	23.3212
604	23.3212
605	23.3212
606	23.3212
607	23.3212
608	23.3212
609	23.3212
610	23.3212
611	23.3212
612	23.3212
613	23.3212
614	23.3212
615	23.3212
616	23.3212
617	23.3212
618	23.3212
619	23.3212
620	23.3212
621	23.3212
622	23.3212
623	23.3212
624	23.3212
625	23.3212
626	23.3212
627	23.3212
628	23.3212
629	23.3212
630	23.3212
631	23.3212
632	23.3212
633	23.3212
634	23.3212
635	23.3212
636	23.3212
637	23.3212
638	23.3212
639	23.3212
640	23.3212
641	23.3212
642	23.3212
643	23.3212
644	23.3212
645	23.3212
646	23.3212
647	23.3212
648	23.3212
649	23.3212
650	23.3212
651	23.3212
652	23.3212
653	23.3212
654	23.3212
655	23.3212
656	23.3212
657	23.3212
658	23.3212
659	23.3212
660	23.3212
661	23.3212
662	23.3212
663	23.3212
664	23.3212
665	23.3212
666	23.3212
667	23.3212
668	23.3212
669	23.3212
670	23.3212
671	23.3212
672	23.3212
673	23.3212
674	23.3212
675	23.3212
676	23.3212
677	23.3212
678	23.3212
679	23.3212
680	23.3212
681	23.3212
682	23.3212
683	23.3212
684	23.3212
685	23.3212
686	23.3212
687	23.3212
688	23.3212
689	23.3212
690	23.3212
691	23.3212
692	23.3212
693	23.3212
694	23.3212
695	23.3212
696	23.3212
697	23.3212
698	23.3212
699	23.3212
700	23.3212
701	23.3212
702	23.3212
703	23.3212
704	23.3212
705	23.3212
706	23.3212
707	23.3212
708	23.3212
709	23.3212
710	23.3212
711	23.3212
712	23.3212
713	23.3212
714	23.3212
715	23.3212
716	23.3212
717	23.3212
718	23.3212
719	23.3212
720	23.3212
721	23.3212
722	23.3212
723	23.3212
724	23.3212
725	23.3212
726	23.3212
727	23.3212
728	23.3212
729	23.3212
730	23.3212
731	23.3212
732	23.3212
733	23.3212
734	23.3212
735	23.3212
736	23.3212
737	23.3212
738	23.3212
739	23.3212
740	23.3212
741	23.3212
742	23.3212
743	23.3212
744	23.3212
745	23.3212
746	23.3212
747	23.3212
748	23.3212
749	23.3212
750	23.3212
751	23.3212
752	23.3212
753	23.3212
754	23.3212
755	22.9037
