Ne averages over 40 independent estimates.
Generation	Geometric_mean
1	22.8047
2	22.8047
3	22.8047
4	22.8047
5	24.533
6	25.7336
7	35.213
8	54.0395
9	267.55
10	346.11
11	349.315
12	347.96
13	346.36
14	343.258
15	349.558
16	358.628
17	450.727
18	436.965
19	426.499
20	495.52
21	588.471
22	606.691
23	668.745
24	685.086
25	773.262
26	915.541
27	995.928
28	1011.98
29	1250.54
30	1398.68
31	1567.14
32	1973.55
33	2133.09
34	2145.74
35	2173.36
36	2153.38
37	2153.43
38	2240.16
39	2424.14
40	2466.12
41	2475.04
42	2505.02
43	2511.76
44	2517.12
45	2501.72
46	2480.93
47	2462.81
48	2459.38
49	2435.32
50	2454.48
51	2517.49
52	2619.36
53	2703.19
54	2737.58
55	2702.09
56	2659.63
57	2635.01
58	2681.65
59	2664.52
60	2665.32
61	2758.03
62	2764.64
63	2752.93
64	2646.21
65	2635.14
66	2626.97
67	2551.24
68	2574.86
69	2574.19
70	2556.01
71	2424.47
72	2355.63
73	2250.04
74	2133.23
75	2086.45
76	1912.74
77	1885.98
78	1859.88
79	1749.3
80	1586.45
81	1514.67
82	1515.74
83	1368.36
84	1383.57
85	1321.46
86	1312.89
87	1182.82
88	1163.34
89	1155.24
90	1095.52
91	1051.38
92	1110.72
93	1120.31
94	1202.86
95	1237.61
96	1249.05
97	1237.68
98	1238.17
99	1547.32
100	1675.52
101	1707.41
102	1711.28
103	1680.42
104	1674.07
105	1697.1
106	1716.02
107	1693.21
108	1570.39
109	1506.32
110	1461.7
111	1428.82
112	1415.92
113	1418.1
114	1387.05
115	1327.07
116	1269.26
117	1243.69
118	1225.12
119	1196.83
120	1179.34
121	1117.81
122	1073.07
123	1059.86
124	1053.69
125	1062.13
126	1000.69
127	967.732
128	950.114
129	908.402
130	876.486
131	817.288
132	788.083
133	755.316
134	724.885
135	696.103
136	657.155
137	630.659
138	626.814
139	597.244
140	588.045
141	590.932
142	586.109
143	591.18
144	572.715
145	574.415
146	559.041
147	543.563
148	535.438
149	516.688
150	503.605
151	490.567
152	473.554
153	464.822
154	464.355
155	466.105
156	469.329
157	455.772
158	444.537
159	434.913
160	428.984
161	430.952
162	429.101
163	427.189
164	423.428
165	421.259
166	419.886
167	415.699
168	409.285
169	406.475
170	402.769
171	398.465
172	381.515
173	359.058
174	345.311
175	326.457
176	320.6
177	317.791
178	310.625
179	303.94
180	297.24
181	281.997
182	253.087
183	223.393
184	206.798
185	188.442
186	176.26
187	156.851
188	140.671
189	118.365
190	110.282
191	89.888
192	77.5789
193	68.8237
194	59.5646
195	52.3963
196	48.9941
197	48.9405
198	48.5883
199	48.0261
200	46.5965
201	43.6712
202	42.1492
203	42.0631
204	40.3038
205	39.707
206	39.2803
207	37.4999
208	36.1868
209	35.6941
210	35.5596
211	35.3576
212	34.3397
213	33.1316
214	32.5836
215	31.7001
216	31.0149
217	30.0842
218	29.8323
219	29.5727
220	28.8157
221	28.4041
222	27.3217
223	25.5905
224	24.4649
225	24.2366
226	23.1296
227	22.7973
228	22.4943
229	21.8429
230	21.6748
231	21.5144
232	21.3127
233	21.2012
234	21.1145
235	21.1416
236	21.0262
237	20.9948
238	20.869
239	20.7936
240	20.8725
241	20.9153
242	21.1211
243	21.1508
244	21.1439
245	21.1826
246	21.2537
247	21.2187
248	21.1646
249	21.348
250	21.4162
251	21.4338
252	21.4327
253	21.4712
254	21.4681
255	21.4968
256	21.4755
257	21.4571
258	21.4557
259	21.4498
260	21.4217
261	21.3648
262	21.3404
263	21.3143
264	21.3143
265	21.3034
266	21.3034
267	21.3034
268	21.303
269	21.303
270	21.3111
271	21.3152
272	21.2543
273	21.2234
274	21.2312
275	21.1947
276	21.1978
277	21.1842
278	21.1765
279	21.1679
280	21.1714
281	21.1584
282	21.1647
283	21.1704
284	21.171
285	21.1817
286	21.1906
287	21.1847
288	21.1847
289	21.1818
290	21.1632
291	21.1586
292	21.1464
293	21.1746
294	21.1559
295	21.1667
296	21.1692
297	21.2166
298	21.3058
299	21.3201
300	21.3785
301	21.3678
302	21.3551
303	21.3639
304	21.3708
305	21.3404
306	21.3127
307	21.3162
308	21.3186
309	21.2934
310	21.3107
311	21.2797
312	21.2338
313	21.1917
314	21.2502
315	21.3299
316	21.3881
317	21.4386
318	21.4314
319	21.4527
320	21.4527
321	21.4527
322	21.4527
323	21.4527
324	21.4527
325	21.4527
326	21.4527
327	21.4167
328	21.4122
329	21.396
330	21.378
331	21.2826
332	21.1913
333	21.154
334	21.1026
335	21.0718
336	21.0838
337	21.0838
338	21.083
339	21.0593
340	21.0482
341	21.0181
342	21.0292
343	21.0199
344	21.0862
345	21.0784
346	21.0784
347	21.0703
348	21.0838
349	21.0688
350	21.0935
351	21.14
352	21.162
353	21.1837
354	21.2051
355	21.2035
356	21.2125
357	21.2122
358	21.2015
359	21.1918
360	21.2147
361	21.2279
362	21.2852
363	21.3701
364	21.4257
365	21.4257
366	21.4569
367	21.5235
368	21.5536
369	21.5002
370	21.453
371	21.3195
372	21.2801
373	21.234
374	21.1973
375	21.172
376	21.1944
377	21.2295
378	21.2376
379	21.2376
380	21.2376
381	21.2376
382	21.2384
383	21.2384
384	21.2384
385	21.2325
386	21.2256
387	21.219
388	21.219
389	21.2302
390	21.2269
391	21.2269
392	21.2397
393	21.2393
394	21.2776
395	21.3043
396	21.2976
397	21.3104
398	21.3162
399	21.3394
400	21.3393
401	21.3362
402	21.3414
403	21.3434
404	21.3434
405	21.3275
406	21.3233
407	21.3455
408	21.3469
409	21.3665
410	21.3967
411	21.4057
412	21.4445
413	21.4445
414	21.4489
415	21.4739
416	21.4926
417	21.4926
418	21.4926
419	21.4926
420	21.4838
421	21.4838
422	21.4838
423	21.4937
424	21.5095
425	21.5095
426	21.5095
427	21.5095
428	21.4953
429	21.5037
430	21.5037
431	21.5037
432	21.5037
433	21.5037
434	21.5893
435	21.623
436	21.6455
437	21.6619
438	21.6746
439	21.6658
440	21.6286
441	21.6143
442	21.6681
443	21.6745
444	21.6827
445	21.6697
446	21.6761
447	21.6549
448	21.6106
449	21.5848
450	21.567
451	21.5292
452	21.5054
453	21.4863
454	21.4631
455	21.5047
456	21.5047
457	21.4822
458	21.4877
459	21.477
460	21.4569
461	21.4818
462	21.4913
463	21.5027
464	21.5322
465	21.5618
466	21.5685
467	21.5546
468	21.5831
469	21.5748
470	21.5812
471	21.5705
472	21.5679
473	21.5695
474	21.5695
475	21.5697
476	21.5922
477	21.5922
478	21.5922
479	21.5922
480	21.5922
481	21.5922
482	21.5922
483	21.5922
484	21.5922
485	21.5922
486	21.5922
487	21.5922
488	21.5922
489	21.5922
490	21.5922
491	21.5922
492	21.5922
493	21.5922
494	21.5922
495	21.5922
496	21.5922
497	21.5922
498	21.5922
499	21.5922
500	21.5922
501	21.5922
502	21.5922
503	21.5922
504	21.5922
505	21.5922
506	21.5922
507	21.5922
508	21.5922
509	21.5922
510	21.5922
511	21.5922
512	21.5922
513	21.5922
514	21.5922
515	21.5922
516	21.5922
517	21.5922
518	21.5922
519	21.5922
520	21.5922
521	21.5922
522	21.5922
523	21.5922
524	21.5922
525	21.5922
526	21.5922
527	21.5922
528	21.5922
529	21.5922
530	21.5922
531	21.5922
532	21.5922
533	21.5922
534	21.5922
535	21.5922
536	21.5922
537	21.5922
538	21.5922
539	21.5922
540	21.5922
541	21.5922
542	21.5922
543	21.5922
544	21.5922
545	21.5922
546	21.5922
547	21.5922
548	21.5922
549	21.5922
550	21.5922
551	21.5922
552	21.5922
553	21.5922
554	21.5922
555	21.5922
556	21.5922
557	21.5922
558	21.5922
559	21.5922
560	21.5922
561	21.5922
562	21.5922
563	21.5922
564	21.5922
565	21.5922
566	21.5922
567	21.5922
568	21.5922
569	21.5922
570	21.5922
571	21.5922
572	21.5922
573	21.5922
574	21.5922
575	21.5922
576	21.5922
577	21.5922
578	21.5922
579	21.5922
580	21.5922
581	21.5922
582	21.5922
583	21.5922
584	21.5922
585	21.5922
586	21.5922
587	21.5922
588	21.5922
589	21.5922
590	21.5922
591	21.5922
592	21.5922
593	21.5922
594	21.5922
595	21.5922
596	21.5922
597	21.5922
598	21.5922
599	21.5922
600	21.5922
601	21.5922
602	21.5922
603	21.5922
604	21.5922
605	21.5922
606	21.5922
607	21.5922
608	21.5922
609	21.5922
610	21.5922
611	21.5922
612	21.5922
613	21.5922
614	21.5922
615	21.5922
616	21.5922
617	21.5922
618	21.5922
619	21.5922
620	21.5922
621	21.5922
622	21.5922
623	21.5922
624	21.5922
625	21.5922
626	21.5922
627	21.5922
628	21.5922
629	21.5922
630	21.5922
631	21.5922
632	21.5922
633	21.5922
634	21.5922
635	21.5922
636	21.5922
637	21.5922
638	21.5922
639	21.5922
640	21.5922
641	21.5922
642	21.5922
643	21.5922
644	21.5922
645	21.5922
646	21.5922
647	21.5922
648	21.5922
649	21.5922
650	21.5922
651	21.5922
652	21.5922
653	21.5922
654	21.5922
655	21.5922
656	21.5922
657	21.5922
658	21.5922
659	21.5922
660	21.5922
661	21.5922
662	21.5922
663	21.5922
664	21.5922
665	21.5922
666	21.5922
667	21.5922
668	21.5922
669	21.5922
670	21.5922
671	21.5922
672	21.5922
673	21.5922
674	21.5922
675	21.5922
676	21.5922
677	21.5922
678	21.5922
679	21.5922
680	21.5922
681	21.5922
682	21.5922
683	21.5922
684	21.5922
685	21.5922
686	21.5922
687	21.5922
688	21.5922
689	21.5922
690	21.5922
691	21.5922
692	21.5922
693	21.5922
694	21.5922
695	21.5922
696	21.5922
697	21.5922
698	21.5922
699	21.5922
700	21.5922
701	21.5922
702	21.5922
703	21.5922
704	21.5922
705	21.5922
706	21.5922
707	21.5922
708	21.5922
709	21.5922
710	21.5922
711	21.5922
712	21.5922
713	21.5922
714	21.5922
715	21.5922
716	21.5922
717	21.5922
718	21.5922
719	21.5922
720	21.5922
721	21.5922
722	21.5922
723	21.5922
724	21.5922
725	21.5922
726	21.5922
727	21.5922
728	21.5922
729	21.5922
730	21.5922
731	21.5922
732	21.5922
733	21.5922
734	21.5922
735	21.5922
736	21.5922
737	21.5922
738	21.5922
739	21.5922
740	21.5922
741	21.5922
742	21.5922
743	21.5922
744	21.5922
745	21.5922
746	21.5922
747	21.5922
748	21.5922
749	21.5922
750	21.5922
751	21.5922
752	21.5922
753	21.5922
754	21.5922
755	21.9411
