Ne averages over 40 independent estimates.
Generation	Geometric_mean
1	25.496
2	25.496
3	25.496
4	25.496
5	24.6658
6	22.2326
7	32.1179
8	52.4698
9	113.79
10	268.334
11	314.952
12	392.167
13	428.948
14	496.007
15	552.016
16	614.968
17	625.382
18	621.011
19	613.749
20	609.938
21	689.17
22	985.392
23	1058.56
24	1107.47
25	1267.84
26	1286.52
27	1295.94
28	1357.94
29	1501.33
30	1525.56
31	1528.8
32	1629.3
33	1722.94
34	1742.75
35	1773.25
36	1803.63
37	1781.84
38	1765.2
39	1768.61
40	1770.65
41	1787.41
42	1821.93
43	1829.33
44	1831.89
45	1836.65
46	1784.79
47	1776.51
48	1766.78
49	1768.44
50	1775.88
51	1769.28
52	1732.36
53	1702.3
54	1689.21
55	1685.94
56	1698.92
57	1685.36
58	1677.67
59	1630.93
60	1605.84
61	1598.24
62	1582.7
63	1559.04
64	1491.11
65	1469.36
66	1438.39
67	1416.16
68	1382.52
69	1347.23
70	1303.75
71	1255.41
72	1085.3
73	1016.69
74	894.83
75	679.469
76	655.814
77	499.468
78	453.845
79	443.004
80	415.818
81	409.919
82	417.446
83	451.109
84	456.135
85	460.314
86	452.728
87	456.374
88	435.573
89	472.09
90	605.287
91	612.07
92	674.012
93	677.097
94	695.84
95	725.754
96	770.306
97	765.104
98	818.903
99	880.991
100	940.175
101	942.538
102	968.872
103	1017.44
104	1093.32
105	1113.4
106	1131.08
107	1170.64
108	1182.04
109	1178.06
110	1175.73
111	1153.03
112	1109.68
113	1055.04
114	985.175
115	898.394
116	860.339
117	857.591
118	861.939
119	856.714
120	858.013
121	848.508
122	835.011
123	825.731
124	813.079
125	779.482
126	693.39
127	673.86
128	655.546
129	616.719
130	603.092
131	588.518
132	590.008
133	570.86
134	554.716
135	530.673
136	512.567
137	502.684
138	485.303
139	478.003
140	457.575
141	429.298
142	422.493
143	412.433
144	400.977
145	394.082
146	384.335
147	367.249
148	359.154
149	356.542
150	355.003
151	351.346
152	354.607
153	353.571
154	353.99
155	350.203
156	354.669
157	357.688
158	358.913
159	357.812
160	350.568
161	346.148
162	344.331
163	342.883
164	339.691
165	337.444
166	334.555
167	329.976
168	330.212
169	328.705
170	321.64
171	322.667
172	320.728
173	321.358
174	324.111
175	325.7
176	322.326
177	320.811
178	311.405
179	279.261
180	238.286
181	201.438
182	184.843
183	172.971
184	163.678
185	157.541
186	154.538
187	144.794
188	122.772
189	115.809
190	104.743
191	100.129
192	94.0589
193	86.0066
194	80.8416
195	77.958
196	69.8221
197	63.5613
198	59.4623
199	56.3448
200	55.9147
201	53.7274
202	49.9273
203	47.1756
204	45.5488
205	44.2385
206	44.7427
207	43.9652
208	43.7528
209	43.1336
210	43.0091
211	40.1133
212	39.3573
213	38.4907
214	38.1044
215	38.0671
216	37.3606
217	35.8578
218	33.3193
219	32.9209
220	32.755
221	32.5442
222	32.3462
223	32.4711
224	32.3754
225	32.3651
226	32.4156
227	32.2245
228	32.2547
229	31.7799
230	31.6068
231	31.4182
232	31.5686
233	31.8382
234	31.7258
235	31.7873
236	31.7819
237	31.7081
238	31.7065
239	31.7341
240	31.762
241	31.7379
242	31.7662
243	31.8552
244	31.9468
245	31.94
246	31.8879
247	32.0188
248	32.1185
249	32.1232
250	32.1604
251	32.254
252	32.2398
253	32.2653
254	32.6637
255	32.9059
256	32.8504
257	32.7812
258	32.8525
259	32.8035
260	32.7206
261	32.8655
262	32.9961
263	32.9684
264	32.9397
265	32.9939
266	33.0601
267	33.105
268	33.1361
269	33.1577
270	33.1301
271	33.2112
272	33.2818
273	33.3308
274	33.4044
275	33.3865
276	33.4446
277	33.4341
278	33.4419
279	33.4419
280	33.4419
281	33.4512
282	33.4578
283	33.4528
284	33.4607
285	33.4613
286	33.4464
287	33.4671
288	33.4671
289	33.4994
290	33.5219
291	33.5484
292	33.5578
293	33.5495
294	33.603
295	33.7039
296	33.5785
297	33.3457
298	33.3462
299	33.3383
300	33.3091
301	32.9638
302	32.6785
303	32.3789
304	32.3392
305	32.3167
306	32.2679
307	32.2586
308	32.2153
309	32.154
310	32.1677
311	32.1677
312	32.2153
313	32.2314
314	32.2521
315	32.2469
316	32.2461
317	32.2709
318	32.2709
319	32.2937
320	32.299
321	32.3006
322	32.3198
323	32.3198
324	32.3252
325	32.2697
326	32.255
327	32.2454
328	32.3593
329	32.496
330	32.5987
331	32.7069
332	33.01
333	33.1476
334	33.3727
335	33.3937
336	33.3392
337	33.3069
338	33.3069
339	33.3276
340	33.3371
341	33.4207
342	33.5649
343	33.7145
344	33.7086
345	33.6997
346	33.6714
347	33.6232
348	33.646
349	33.4836
350	33.45
351	33.4541
352	33.506
353	33.4937
354	33.4984
355	33.4955
356	33.6204
357	33.8042
358	33.8054
359	33.8054
360	33.7789
361	33.7789
362	33.7448
363	33.7086
364	33.6799
365	33.6397
366	33.5972
367	33.5748
368	33.5869
369	33.5869
370	33.5869
371	33.5886
372	33.5886
373	33.5919
374	33.5872
375	33.6633
376	33.6813
377	33.713
378	33.7592
379	33.8148
380	33.8237
381	33.8123
382	33.8278
383	33.8394
384	33.863
385	33.9072
386	33.9072
387	33.8952
388	33.9214
389	33.9214
390	33.9214
391	33.8263
392	33.8263
393	33.7678
394	33.6987
395	33.5954
396	33.4904
397	33.3797
398	33.3797
399	33.3646
400	33.3526
401	33.2572
402	33.2061
403	33.1709
404	33.1699
405	33.1668
406	33.1785
407	33.1809
408	33.1809
409	33.1809
410	33.1809
411	33.1768
412	33.1653
413	33.1653
414	33.1532
415	33.1532
416	33.1455
417	33.1137
418	33.1041
419	33.1114
420	33.177
421	33.295
422	33.3467
423	33.4259
424	33.4259
425	33.4274
426	33.6045
427	33.6637
428	33.7729
429	33.7031
430	33.6123
431	33.5982
432	33.4956
433	33.5054
434	33.5402
435	33.4946
436	33.4946
437	33.4772
438	33.4793
439	33.4793
440	33.3835
441	33.3161
442	33.2357
443	33.2162
444	33.1867
445	33.1867
446	33.1716
447	33.1316
448	33.1003
449	33.1003
450	33.1003
451	33.0965
452	33.0095
453	32.9292
454	32.8004
455	32.7641
456	32.761
457	32.761
458	32.761
459	32.761
460	32.7463
461	32.7312
462	32.7253
463	32.7243
464	32.7304
465	32.7304
466	32.7413
467	32.7413
468	32.7413
469	32.7413
470	32.7413
471	32.6796
472	32.6758
473	32.5735
474	32.3588
475	32.2515
476	32.16
477	32.0162
478	32.0162
479	31.9571
480	31.9571
481	31.9571
482	31.9571
483	31.9571
484	31.9571
485	31.9571
486	31.9571
487	31.9571
488	31.9571
489	31.9571
490	31.9571
491	31.9571
492	31.9571
493	31.9571
494	31.9571
495	31.9571
496	31.9571
497	31.9571
498	31.9571
499	31.9571
500	31.9571
501	31.9571
502	31.9571
503	31.9571
504	31.9571
505	31.9571
506	31.9571
507	31.9571
508	31.9571
509	31.9571
510	31.9571
511	31.9571
512	31.9571
513	31.9571
514	31.9571
515	31.9571
516	31.9571
517	31.9571
518	31.9571
519	31.9571
520	31.9571
521	31.9571
522	31.9571
523	31.9571
524	31.9571
525	31.9571
526	31.9571
527	31.9571
528	31.9571
529	31.9571
530	31.9571
531	31.9571
532	31.9571
533	31.9571
534	31.9571
535	31.9571
536	31.9571
537	31.9571
538	31.9571
539	31.9571
540	31.9571
541	31.9571
542	31.9571
543	31.9571
544	31.9571
545	31.9571
546	31.9571
547	31.9571
548	31.9571
549	31.9571
550	31.9571
551	31.9571
552	31.9571
553	31.9571
554	31.9571
555	31.9571
556	31.9571
557	31.9571
558	31.9571
559	31.9571
560	31.9571
561	31.9571
562	31.9571
563	31.9571
564	31.9571
565	31.9571
566	31.9571
567	31.9571
568	31.9571
569	31.9571
570	31.9571
571	31.9571
572	31.9571
573	31.9571
574	31.9571
575	31.9571
576	31.9571
577	31.9571
578	31.9571
579	31.9571
580	31.9571
581	31.9571
582	31.9571
583	31.9571
584	31.9571
585	31.9571
586	31.9571
587	31.9571
588	31.9571
589	31.9571
590	31.9571
591	31.9571
592	31.9571
593	31.9571
594	31.9571
595	31.9571
596	31.9571
597	31.9571
598	31.9571
599	31.9571
600	31.9571
601	31.9571
602	31.9571
603	31.9571
604	31.9571
605	31.9571
606	31.9571
607	31.9571
608	31.9571
609	31.9571
610	31.9571
611	31.9571
612	31.9571
613	31.9571
614	31.9571
615	31.9571
616	31.9571
617	31.9571
618	31.9571
619	31.9571
620	31.9571
621	31.9571
622	31.9571
623	31.9571
624	31.9571
625	31.9571
626	31.9571
627	31.9571
628	31.9571
629	31.9571
630	31.9571
631	31.9571
632	31.9571
633	31.9571
634	31.9571
635	31.9571
636	31.9571
637	31.9571
638	31.9571
639	31.9571
640	31.9571
641	31.9571
642	31.9571
643	31.9571
644	31.9571
645	31.9571
646	31.9571
647	31.9571
648	31.9571
649	31.9571
650	31.9571
651	31.9571
652	31.9571
653	31.9571
654	31.9571
655	31.9571
656	31.9571
657	31.9571
658	31.9571
659	31.9571
660	31.9571
661	31.9571
662	31.9571
663	31.9571
664	31.9571
665	31.9571
666	31.9571
667	31.9571
668	31.9571
669	31.9571
670	31.9571
671	31.9571
672	31.9571
673	31.9571
674	31.9571
675	31.9571
676	31.9571
677	31.9571
678	31.9571
679	31.9571
680	31.9571
681	31.9571
682	31.9571
683	31.9571
684	31.9571
685	31.9571
686	31.9571
687	31.9571
688	31.9571
689	31.9571
690	31.9571
691	31.9571
692	31.9571
693	31.9571
694	31.9571
695	31.9571
696	31.9571
697	31.9571
698	31.9571
699	31.9571
700	31.9571
701	31.9571
702	31.9571
703	31.9571
704	31.9571
705	31.9571
706	31.9571
707	31.9571
708	31.9571
709	31.9571
710	31.9571
711	31.9571
712	31.9571
713	31.9571
714	31.9571
715	31.9571
716	31.9571
717	31.9571
718	31.9571
719	31.9571
720	31.9571
721	31.9571
722	31.9571
723	31.9571
724	31.9571
725	31.9571
726	31.9571
727	31.9571
728	31.9571
729	31.9571
730	31.9571
731	31.9571
732	31.9571
733	31.9571
734	31.9571
735	31.9571
736	31.9571
737	31.9571
738	31.9571
739	31.9571
740	31.9571
741	31.9571
742	31.9571
743	31.9571
744	31.9571
745	31.9571
746	31.9571
747	31.9571
748	31.9571
749	31.9571
750	31.9571
751	31.9571
752	31.9571
753	31.9571
754	31.9571
755	32.1959
