Ne averages over 40 independent estimates.
Generation	Geometric_mean
1	22.8771
2	22.8771
3	22.8771
4	22.8771
5	26.631
6	31.5808
7	37.297
8	52.9231
9	142.504
10	296.206
11	299.282
12	303.302
13	335.137
14	352.988
15	353.027
16	353.639
17	480.292
18	521.726
19	556.116
20	632.185
21	760.484
22	782.078
23	915.145
24	1013.56
25	1128.08
26	1229.09
27	1335.03
28	1354.91
29	1395.22
30	1445.35
31	1611.73
32	1704.01
33	1763.75
34	1769.22
35	1808.46
36	1811.62
37	1820.01
38	1817.99
39	1784.07
40	1887.23
41	1886.62
42	1890.85
43	1930.57
44	1955.36
45	1969.62
46	2033.24
47	2112.24
48	2158
49	2187.54
50	2211.28
51	2210.84
52	2214.45
53	2191.36
54	2218.99
55	2240.81
56	2255.65
57	2336.73
58	2462.83
59	2491.85
60	2489.64
61	2336.12
62	2215.64
63	2175.6
64	2128.03
65	2090.35
66	2073.32
67	2003.55
68	1979.3
69	1954.92
70	1889.56
71	1810.12
72	1776.85
73	1807.08
74	1446.83
75	1476.5
76	1478.65
77	1478.93
78	1399.38
79	1393.69
80	1307.24
81	1324.09
82	1333.06
83	1280.82
84	1155.9
85	1126.85
86	1242.02
87	1313.57
88	1083.72
89	1068.12
90	1121.26
91	1095.72
92	1121.15
93	1113.38
94	1176.21
95	1182.91
96	1249.9
97	1261.55
98	1264.2
99	1246.92
100	1368.37
101	1504.59
102	1580.13
103	1711.83
104	1720.39
105	1675.04
106	1632.12
107	1569.31
108	1551.28
109	1513.01
110	1481.75
111	1465.62
112	1438.41
113	1431.7
114	1385.25
115	1301.56
116	1183.63
117	1097.23
118	1072.47
119	1016.96
120	959.862
121	908.248
122	863.205
123	801.334
124	763.668
125	753.854
126	741.945
127	730.302
128	730.827
129	720.644
130	721.89
131	691.808
132	674.633
133	664.92
134	640.626
135	633.512
136	618.488
137	605.153
138	594.904
139	563.648
140	558.732
141	561.847
142	563.296
143	568.461
144	573.205
145	579.88
146	579.488
147	575.263
148	571.122
149	559.344
150	538.2
151	518.382
152	505.514
153	495.754
154	484.226
155	479.608
156	463.246
157	452.417
158	435.193
159	425.172
160	418.085
161	410.288
162	408.347
163	408.342
164	409.008
165	405.744
166	387.308
167	373.532
168	357.819
169	345.956
170	339.008
171	327.815
172	316.319
173	302.849
174	275.892
175	262.16
176	251.602
177	238.777
178	231.119
179	208.579
180	184.786
181	170.874
182	159.841
183	146.626
184	137.622
185	124.568
186	112.977
187	106.295
188	99.9787
189	88.5942
190	73.872
191	65.9079
192	56.2274
193	50.3143
194	44.4606
195	42.4261
196	39.6057
197	39.0662
198	36.9704
199	33.4183
200	31.3943
201	30.2721
202	29.5608
203	29.3649
204	28.7413
205	28.2526
206	27.4701
207	26.4982
208	26.0414
209	24.827
210	24.4928
211	24.3781
212	24.2953
213	24.3126
214	24.3295
215	24.0929
216	24.0868
217	23.8323
218	23.2574
219	22.9101
220	22.8796
221	22.4122
222	21.7528
223	21.2855
224	21.1347
225	20.8305
226	20.6325
227	20.5239
228	20.4342
229	20.2675
230	20.0555
231	19.97
232	19.952
233	19.9875
234	20.1016
235	20.1548
236	20.1712
237	20.0965
238	20.0318
239	19.9546
240	19.8156
241	19.7628
242	19.6544
243	19.5193
244	19.4464
245	19.4139
246	19.3756
247	19.3526
248	19.3133
249	19.3412
250	19.3411
251	19.3513
252	19.453
253	19.5713
254	19.6154
255	19.6304
256	19.6276
257	19.6535
258	19.7261
259	19.7518
260	19.8149
261	19.8758
262	19.9025
263	20.009
264	20.024
265	20.0521
266	20.0875
267	20.0636
268	20.0853
269	20.1423
270	20.1648
271	20.1618
272	20.2127
273	20.2128
274	20.1842
275	20.179
276	20.1569
277	20.1592
278	20.0987
279	20.1064
280	20.0759
281	20.0759
282	20.0593
283	20.0654
284	20.108
285	20.108
286	20.11
287	20.0729
288	20.0697
289	20.0413
290	20.0978
291	20.2598
292	20.2915
293	20.3221
294	20.3642
295	20.3782
296	20.3788
297	20.3963
298	20.4045
299	20.4055
300	20.4112
301	20.4532
302	20.4644
303	20.495
304	20.551
305	20.5885
306	20.5956
307	20.5956
308	20.5937
309	20.5663
310	20.5634
311	20.5517
312	20.5407
313	20.386
314	20.3216
315	20.197
316	20.1331
317	20.15
318	20.2011
319	20.2312
320	20.2548
321	20.2711
322	20.3065
323	20.3848
324	20.354
325	20.354
326	20.3539
327	20.3539
328	20.3539
329	20.3539
330	20.3539
331	20.3539
332	20.3539
333	20.3668
334	20.4015
335	20.4465
336	20.5119
337	20.5061
338	20.5552
339	20.5448
340	20.5139
341	20.4707
342	20.388
343	20.3551
344	20.3235
345	20.2966
346	20.2905
347	20.2613
348	20.2573
349	20.2458
350	20.2163
351	20.1932
352	20.1779
353	20.1225
354	20.0694
355	20.0432
356	20.0432
357	20.0432
358	20.034
359	20.034
360	20.0322
361	20.0127
362	19.9919
363	19.9275
364	19.8869
365	19.8671
366	19.8507
367	19.8577
368	19.9524
369	19.9888
370	20.0138
371	20.0412
372	20.0362
373	20.0343
374	20.0312
375	20.0275
376	20.0275
377	20.0275
378	20.0275
379	20.0275
380	20.0275
381	20.0275
382	20.0275
383	20.0275
384	20.1163
385	20.3997
386	20.3995
387	20.4459
388	20.4514
389	20.4496
390	20.4683
391	20.4941
392	20.4876
393	20.4542
394	20.4992
395	20.4931
396	20.4948
397	20.4809
398	20.4548
399	20.4639
400	20.4365
401	20.4131
402	20.3742
403	20.3717
404	20.3719
405	20.3801
406	20.3792
407	20.3804
408	20.3648
409	20.3564
410	20.3387
411	20.3262
412	20.3158
413	20.3158
414	20.315
415	20.3134
416	20.3134
417	20.2594
418	20.1769
419	20.1484
420	20.2039
421	20.2812
422	20.2738
423	20.3827
424	20.4461
425	20.4587
426	20.4587
427	20.4757
428	20.5048
429	20.5133
430	20.5387
431	20.5766
432	20.5846
433	20.5963
434	20.6097
435	20.6156
436	20.6309
437	20.6277
438	20.6277
439	20.642
440	20.6686
441	20.6686
442	20.6862
443	20.6862
444	20.6862
445	20.6838
446	20.6844
447	20.6883
448	20.6907
449	20.702
450	20.7112
451	20.7181
452	20.7445
453	20.7488
454	20.7758
455	20.78
456	20.7932
457	20.7932
458	20.7985
459	20.7494
460	20.7076
461	20.6588
462	20.6511
463	20.6309
464	20.6309
465	20.6294
466	20.6144
467	20.6144
468	20.6144
469	20.6144
470	20.6144
471	20.6248
472	20.6248
473	20.6634
474	20.6925
475	20.7205
476	20.7205
477	20.7205
478	20.7232
479	20.7368
480	20.7651
481	20.7756
482	20.8132
483	20.8292
484	20.8493
485	20.8493
486	20.8493
487	20.8493
488	20.8493
489	20.8493
490	20.8493
491	20.8493
492	20.8493
493	20.8493
494	20.8493
495	20.8493
496	20.8493
497	20.8493
498	20.8493
499	20.8493
500	20.8493
501	20.8493
502	20.8493
503	20.8493
504	20.8493
505	20.8493
506	20.8493
507	20.8493
508	20.8493
509	20.8493
510	20.8493
511	20.8493
512	20.8493
513	20.8493
514	20.8493
515	20.8493
516	20.8493
517	20.8493
518	20.8493
519	20.8493
520	20.8493
521	20.8493
522	20.8493
523	20.8493
524	20.8493
525	20.8493
526	20.8493
527	20.8493
528	20.8493
529	20.8493
530	20.8493
531	20.8493
532	20.8493
533	20.8493
534	20.8493
535	20.8493
536	20.8493
537	20.8493
538	20.8493
539	20.8493
540	20.8493
541	20.8493
542	20.8493
543	20.8493
544	20.8493
545	20.8493
546	20.8493
547	20.8493
548	20.8493
549	20.8493
550	20.8493
551	20.8493
552	20.8493
553	20.8493
554	20.8493
555	20.8493
556	20.8493
557	20.8493
558	20.8493
559	20.8493
560	20.8493
561	20.8493
562	20.8493
563	20.8493
564	20.8493
565	20.8493
566	20.8493
567	20.8493
568	20.8493
569	20.8493
570	20.8493
571	20.8493
572	20.8493
573	20.8493
574	20.8493
575	20.8493
576	20.8493
577	20.8493
578	20.8493
579	20.8493
580	20.8493
581	20.8493
582	20.8493
583	20.8493
584	20.8493
585	20.8493
586	20.8493
587	20.8493
588	20.8493
589	20.8493
590	20.8493
591	20.8493
592	20.8493
593	20.8493
594	20.8493
595	20.8493
596	20.8493
597	20.8493
598	20.8493
599	20.8493
600	20.8493
601	20.8493
602	20.8493
603	20.8493
604	20.8493
605	20.8493
606	20.8493
607	20.8493
608	20.8493
609	20.8493
610	20.8493
611	20.8493
612	20.8493
613	20.8493
614	20.8493
615	20.8493
616	20.8493
617	20.8493
618	20.8493
619	20.8493
620	20.8493
621	20.8493
622	20.8493
623	20.8493
624	20.8493
625	20.8493
626	20.8493
627	20.8493
628	20.8493
629	20.8493
630	20.8493
631	20.8493
632	20.8493
633	20.8493
634	20.8493
635	20.8493
636	20.8493
637	20.8493
638	20.8493
639	20.8493
640	20.8493
641	20.8493
642	20.8493
643	20.8493
644	20.8493
645	20.8493
646	20.8493
647	20.8493
648	20.8493
649	20.8493
650	20.8493
651	20.8493
652	20.8493
653	20.8493
654	20.8493
655	20.8493
656	20.8493
657	20.8493
658	20.8493
659	20.8493
660	20.8493
661	20.8493
662	20.8493
663	20.8493
664	20.8493
665	20.8493
666	20.8493
667	20.8493
668	20.8493
669	20.8493
670	20.8493
671	20.8493
672	20.8493
673	20.8493
674	20.8493
675	20.8493
676	20.8493
677	20.8493
678	20.8493
679	20.8493
680	20.8493
681	20.8493
682	20.8493
683	20.8493
684	20.8493
685	20.8493
686	20.8493
687	20.8493
688	20.8493
689	20.8493
690	20.8493
691	20.8493
692	20.8493
693	20.8493
694	20.8493
695	20.8493
696	20.8493
697	20.8493
698	20.8493
699	20.8493
700	20.8493
701	20.8493
702	20.8493
703	20.8493
704	20.8493
705	20.8493
706	20.8493
707	20.8493
708	20.8493
709	20.8493
710	20.8493
711	20.8493
712	20.8493
713	20.8493
714	20.8493
715	20.8493
716	20.8493
717	20.8493
718	20.8493
719	20.8493
720	20.8493
721	20.8493
722	20.8493
723	20.8493
724	20.8493
725	20.8493
726	20.8493
727	20.8493
728	20.8493
729	20.8493
730	20.8493
731	20.8493
732	20.8493
733	20.8493
734	20.8493
735	20.8493
736	20.8493
737	20.8493
738	20.8493
739	20.8493
740	20.8493
741	20.8493
742	20.8493
743	20.8493
744	20.8493
745	20.8493
746	20.8493
747	20.8493
748	20.8493
749	20.8493
750	20.8493
751	20.8493
752	20.8493
753	20.8493
754	20.8493
755	20.9487
