Ne averages over 40 independent estimates.
Generation	Geometric_mean
1	25.1733
2	25.1733
3	25.1733
4	25.1733
5	26.9847
6	35.439
7	39.2692
8	42.2383
9	94.0063
10	156.06
11	266.421
12	266.73
13	276.893
14	317.518
15	414.178
16	423.34
17	488.713
18	529.194
19	588.204
20	582.221
21	783.168
22	1000.66
23	1057.12
24	1179.05
25	1275.92
26	1360.04
27	1403.67
28	1471.2
29	1554
30	1625.27
31	1690.31
32	1789.12
33	1915.71
34	1931.15
35	1948.21
36	1942.68
37	1961.75
38	1990.81
39	2082.27
40	2095.79
41	2055.99
42	2051.28
43	2012.45
44	2012.73
45	1982.73
46	1982.68
47	1962.14
48	1900.44
49	1862.59
50	1832.09
51	1807
52	1778.55
53	1749.18
54	1752.98
55	1768.59
56	1786.42
57	1809.53
58	1811.13
59	1832.72
60	1829.91
61	1669.44
62	1654.39
63	1646.32
64	1647.63
65	1623.83
66	1604.24
67	1556.56
68	1532.71
69	1483.22
70	1457.56
71	1451.92
72	1428.33
73	1503.93
74	1409.64
75	1365.93
76	1330.71
77	1162.11
78	1069.4
79	931.421
80	885.413
81	800.211
82	769.714
83	709.274
84	681.877
85	569.253
86	517.631
87	546.48
88	497.401
89	452.091
90	515.182
91	519.336
92	515.142
93	610.868
94	689.222
95	804.188
96	861.48
97	964.264
98	977.394
99	987.383
100	1043.22
101	1073.22
102	1164.8
103	1171.21
104	1179.52
105	1195.25
106	1222.23
107	1201.33
108	1186.17
109	1175.91
110	1157.22
111	1131.71
112	1082.98
113	1056.15
114	932.844
115	913.663
116	899.925
117	893.803
118	902.81
119	840.849
120	803.536
121	767.309
122	730.929
123	725.713
124	699.489
125	686.36
126	671.709
127	643.415
128	619.356
129	602.835
130	574.456
131	559.163
132	536.922
133	515.575
134	492.673
135	490.412
136	482.713
137	473.025
138	467.404
139	451.724
140	443.279
141	428.144
142	394.698
143	399.798
144	398.468
145	393.744
146	394.508
147	390.733
148	396.546
149	394.59
150	394.985
151	393.711
152	392.565
153	387.398
154	382.432
155	384.537
156	382.925
157	377.86
158	376.411
159	376.097
160	368.731
161	361.621
162	357.544
163	358.536
164	358.783
165	354.124
166	352.504
167	347.074
168	336.079
169	332.395
170	328.4
171	323.285
172	314.107
173	300.043
174	294.51
175	292.95
176	288.706
177	273.766
178	248.365
179	218.414
180	177.127
181	150.718
182	135.018
183	129.377
184	113.597
185	108.061
186	99.0273
187	87.9618
188	83.2231
189	77.3376
190	73.7821
191	69.2761
192	65.996
193	62.9563
194	56.6109
195	54.862
196	52.4762
197	49.848
198	49.375
199	48.3477
200	45.5466
201	43.8469
202	42.6916
203	41.6916
204	39.6495
205	36.4887
206	35.916
207	33.47
208	31.6169
209	31.2808
210	31.2334
211	30.8189
212	30.6586
213	30.2479
214	29.7338
215	29.4669
216	29.369
217	29.1487
218	28.8793
219	28.2507
220	28.0203
221	28.067
222	27.7118
223	27.8655
224	28.3801
225	28.3502
226	28.1453
227	27.7068
228	27.7405
229	28.1049
230	28.1361
231	28.0526
232	28.0482
233	28.15
234	28.0642
235	28.1042
236	28.0882
237	28.0349
238	28.0256
239	27.9061
240	27.8312
241	27.6656
242	27.5116
243	27.5105
244	27.5212
245	27.6588
246	27.68
247	27.7576
248	27.6364
249	27.6688
250	27.7028
251	27.8158
252	27.8733
253	27.8723
254	27.9066
255	27.9158
256	27.9183
257	27.9183
258	27.9183
259	27.9433
260	27.9524
261	27.9607
262	27.9684
263	27.9574
264	27.9651
265	27.9496
266	27.947
267	27.9607
268	27.9754
269	27.9886
270	27.9892
271	27.9914
272	27.9974
273	28.0001
274	27.9977
275	28.0008
276	28.0008
277	28.0122
278	27.9846
279	27.9846
280	27.9846
281	27.993
282	27.974
283	27.9755
284	27.9704
285	27.9563
286	27.957
287	27.957
288	27.957
289	27.957
290	27.8768
291	27.842
292	27.7995
293	27.7192
294	27.7174
295	27.7174
296	27.7174
297	27.7013
298	27.669
299	27.6322
300	27.5694
301	27.5091
302	27.4567
303	27.483
304	27.4726
305	27.4972
306	27.4864
307	27.4555
308	27.444
309	27.4498
310	27.4736
311	27.4013
312	27.4013
313	27.4362
314	27.4197
315	27.3848
316	27.3407
317	27.343
318	27.3451
319	27.3275
320	27.3315
321	27.3293
322	27.3484
323	27.3492
324	27.3597
325	27.367
326	27.3712
327	27.3783
328	27.3697
329	27.3697
330	27.3697
331	27.3673
332	27.3673
333	27.3673
334	27.3673
335	27.3434
336	27.3374
337	27.3374
338	27.3374
339	27.3322
340	27.3311
341	27.3311
342	27.3286
343	27.3286
344	27.3286
345	27.3286
346	27.3286
347	27.3286
348	27.3446
349	27.3313
350	27.3313
351	27.3086
352	27.2998
353	27.2826
354	27.2826
355	27.2826
356	27.2826
357	27.2826
358	27.2826
359	27.2807
360	27.2817
361	27.2838
362	27.2838
363	27.3024
364	27.3031
365	27.3031
366	27.3031
367	27.2962
368	27.3056
369	27.3056
370	27.3056
371	27.3056
372	27.3056
373	27.3056
374	27.3016
375	27.3175
376	27.3247
377	27.344
378	27.344
379	27.3849
380	27.3914
381	27.427
382	27.5155
383	27.5641
384	27.5724
385	27.6551
386	27.6613
387	27.6613
388	27.6954
389	27.6954
390	27.6883
391	27.6571
392	27.6571
393	27.6603
394	27.7345
395	27.7421
396	27.76
397	27.7747
398	27.7952
399	27.8037
400	27.8693
401	27.9039
402	27.95
403	27.9599
404	27.9641
405	27.9792
406	27.969
407	27.9518
408	27.9361
409	27.9214
410	27.907
411	27.8998
412	27.8998
413	27.8964
414	27.8964
415	27.9071
416	27.9214
417	27.9373
418	27.9388
419	27.9388
420	27.9369
421	27.9369
422	27.9352
423	27.9364
424	27.9364
425	27.9446
426	27.9293
427	27.9095
428	27.9021
429	27.8981
430	27.9037
431	27.9037
432	27.892
433	27.892
434	27.892
435	27.892
436	27.8932
437	27.8932
438	27.8932
439	27.8932
440	27.8919
441	27.8919
442	27.8919
443	27.8702
444	27.8681
445	27.8627
446	27.8951
447	27.9336
448	27.9584
449	27.9932
450	27.9773
451	27.9596
452	27.9783
453	28.0102
454	27.9641
455	27.9641
456	27.9806
457	27.9831
458	27.9713
459	28.0514
460	28.2711
461	28.4924
462	28.562
463	28.6382
464	28.7091
465	28.7276
466	28.733
467	28.6499
468	28.5384
469	28.5174
470	28.4556
471	28.4556
472	28.4556
473	28.4556
474	28.4572
475	28.4572
476	28.4572
477	28.4572
478	28.4572
479	28.4572
480	28.4572
481	28.4572
482	28.4572
483	28.4572
484	28.4572
485	28.4572
486	28.4572
487	28.4572
488	28.4572
489	28.4572
490	28.4572
491	28.4572
492	28.4572
493	28.4572
494	28.4572
495	28.4572
496	28.4572
497	28.4572
498	28.4572
499	28.4572
500	28.4572
501	28.4572
502	28.4572
503	28.4572
504	28.4572
505	28.4572
506	28.4572
507	28.4572
508	28.4572
509	28.4572
510	28.4572
511	28.4572
512	28.4572
513	28.4572
514	28.4572
515	28.4572
516	28.4572
517	28.4572
518	28.4572
519	28.4572
520	28.4572
521	28.4572
522	28.4572
523	28.4572
524	28.4572
525	28.4572
526	28.4572
527	28.4572
528	28.4572
529	28.4572
530	28.4572
531	28.4572
532	28.4572
533	28.4572
534	28.4572
535	28.4572
536	28.4572
537	28.4572
538	28.4572
539	28.4572
540	28.4572
541	28.4572
542	28.4572
543	28.4572
544	28.4572
545	28.4572
546	28.4572
547	28.4572
548	28.4572
549	28.4572
550	28.4572
551	28.4572
552	28.4572
553	28.4572
554	28.4572
555	28.4572
556	28.4572
557	28.4572
558	28.4572
559	28.4572
560	28.4572
561	28.4572
562	28.4572
563	28.4572
564	28.4572
565	28.4572
566	28.4572
567	28.4572
568	28.4572
569	28.4572
570	28.4572
571	28.4572
572	28.4572
573	28.4572
574	28.4572
575	28.4572
576	28.4572
577	28.4572
578	28.4572
579	28.4572
580	28.4572
581	28.4572
582	28.4572
583	28.4572
584	28.4572
585	28.4572
586	28.4572
587	28.4572
588	28.4572
589	28.4572
590	28.4572
591	28.4572
592	28.4572
593	28.4572
594	28.4572
595	28.4572
596	28.4572
597	28.4572
598	28.4572
599	28.4572
600	28.4572
601	28.4572
602	28.4572
603	28.4572
604	28.4572
605	28.4572
606	28.4572
607	28.4572
608	28.4572
609	28.4572
610	28.4572
611	28.4572
612	28.4572
613	28.4572
614	28.4572
615	28.4572
616	28.4572
617	28.4572
618	28.4572
619	28.4572
620	28.4572
621	28.4572
622	28.4572
623	28.4572
624	28.4572
625	28.4572
626	28.4572
627	28.4572
628	28.4572
629	28.4572
630	28.4572
631	28.4572
632	28.4572
633	28.4572
634	28.4572
635	28.4572
636	28.4572
637	28.4572
638	28.4572
639	28.4572
640	28.4572
641	28.4572
642	28.4572
643	28.4572
644	28.4572
645	28.4572
646	28.4572
647	28.4572
648	28.4572
649	28.4572
650	28.4572
651	28.4572
652	28.4572
653	28.4572
654	28.4572
655	28.4572
656	28.4572
657	28.4572
658	28.4572
659	28.4572
660	28.4572
661	28.4572
662	28.4572
663	28.4572
664	28.4572
665	28.4572
666	28.4572
667	28.4572
668	28.4572
669	28.4572
670	28.4572
671	28.4572
672	28.4572
673	28.4572
674	28.4572
675	28.4572
676	28.4572
677	28.4572
678	28.4572
679	28.4572
680	28.4572
681	28.4572
682	28.4572
683	28.4572
684	28.4572
685	28.4572
686	28.4572
687	28.4572
688	28.4572
689	28.4572
690	28.4572
691	28.4572
692	28.4572
693	28.4572
694	28.4572
695	28.4572
696	28.4572
697	28.4572
698	28.4572
699	28.4572
700	28.4572
701	28.4572
702	28.4572
703	28.4572
704	28.4572
705	28.4572
706	28.4572
707	28.4572
708	28.4572
709	28.4572
710	28.4572
711	28.4572
712	28.4572
713	28.4572
714	28.4572
715	28.4572
716	28.4572
717	28.4572
718	28.4572
719	28.4572
720	28.4572
721	28.4572
722	28.4572
723	28.4572
724	28.4572
725	28.4572
726	28.4572
727	28.4572
728	28.4572
729	28.4572
730	28.4572
731	28.4572
732	28.4572
733	28.4572
734	28.4572
735	28.4572
736	28.4572
737	28.4572
738	28.4572
739	28.4572
740	28.4572
741	28.4572
742	28.4572
743	28.4572
744	28.4572
745	28.4572
746	28.4572
747	28.4572
748	28.4572
749	28.4572
750	28.4572
751	28.4572
752	28.4572
753	28.4572
754	28.4572
755	28.6771
