Ne averages over 40 independent estimates.
Generation	Geometric_mean
1	23.8317
2	23.8317
3	23.8317
4	23.8317
5	23.1488
6	25.3313
7	35.1835
8	48.6331
9	152.327
10	205.074
11	232.006
12	237.762
13	271.869
14	271.651
15	268.264
16	269.684
17	456.58
18	523.026
19	544.168
20	544.577
21	626.877
22	771.992
23	879.477
24	948.825
25	1190.18
26	1434.4
27	1584.24
28	1662.46
29	1752.2
30	1772.26
31	1921.16
32	1961.01
33	1944.68
34	1947.43
35	1982.03
36	1952.52
37	1939.54
38	1914.94
39	1926.42
40	1946.33
41	1969.8
42	1988.4
43	2000.21
44	2010.9
45	2021.26
46	2075.16
47	2133.15
48	2171.09
49	2189.68
50	2219.41
51	2222.23
52	2224.03
53	2227.54
54	2250.31
55	2276.14
56	2309.94
57	2292.99
58	2246.8
59	2238.48
60	2186.91
61	2132.51
62	2131.04
63	2139.73
64	2134.26
65	2122.96
66	2127.25
67	1984.44
68	1974.14
69	1902.07
70	1856.55
71	1772.25
72	1724.83
73	1722.27
74	1673.4
75	1619.72
76	1530.14
77	1538.22
78	1536.76
79	1440.22
80	1379.66
81	1305.11
82	1302.88
83	1202.34
84	1066.33
85	963.444
86	956.177
87	882.776
88	844.087
89	818.57
90	778.765
91	813.101
92	933.019
93	1026.23
94	1114.51
95	1121.64
96	1327.53
97	1465.06
98	1466.98
99	1458.31
100	1459.3
101	1471.39
102	1459.41
103	1410.69
104	1331.53
105	1267.18
106	1281.22
107	1263.81
108	1228.61
109	1219.66
110	1214.21
111	1198.52
112	1205.96
113	1251.77
114	1256
115	1219.94
116	1204.74
117	1177.8
118	1143.81
119	1073.05
120	1028.76
121	974.877
122	948.638
123	912.95
124	876.851
125	855.292
126	823.584
127	804.696
128	791.491
129	774.358
130	739.767
131	685.312
132	640.593
133	611.125
134	577.461
135	563.438
136	560.575
137	537.328
138	529.016
139	515.515
140	500.723
141	499.451
142	490.452
143	486.205
144	485.704
145	480.402
146	484.186
147	483.635
148	484.016
149	486.208
150	486.99
151	475.492
152	471.108
153	459.79
154	448.382
155	442.454
156	433.67
157	421.74
158	416.626
159	412.572
160	408.106
161	408.135
162	411.753
163	413.743
164	413.945
165	408.894
166	406.959
167	400.908
168	389.01
169	378.719
170	366.387
171	349.276
172	333.613
173	329.33
174	323.646
175	305.701
176	290.097
177	269.176
178	218.214
179	203.128
180	167.529
181	152.692
182	131.244
183	122.378
184	110.576
185	94.304
186	87.1964
187	86.0424
188	86.1593
189	81.9346
190	79.9247
191	75.0138
192	71.9034
193	64.1002
194	60.8171
195	59.1384
196	56.3935
197	51.5417
198	47.7187
199	43.4531
200	40.2383
201	37.494
202	35.5205
203	34.4058
204	33.777
205	33.3172
206	32.6701
207	31.9432
208	31.1628
209	29.3096
210	28.3949
211	27.683
212	26.8525
213	26.812
214	26.0446
215	26.1539
216	26.2114
217	25.951
218	25.1099
219	24.8863
220	24.3938
221	24.2389
222	24.2926
223	23.7814
224	23.6782
225	23.6945
226	23.6809
227	23.6158
228	23.523
229	23.4206
230	23.3173
231	23.1236
232	23.0383
233	22.9149
234	22.7037
235	22.5574
236	22.4681
237	22.3777
238	22.2645
239	22.1659
240	22.2204
241	22.3216
242	22.3913
243	22.4343
244	22.4593
245	22.4812
246	22.5348
247	22.5046
248	22.5125
249	22.4313
250	22.4316
251	22.3658
252	22.3493
253	22.3206
254	22.3395
255	22.3647
256	22.3752
257	22.3879
258	22.3561
259	22.3281
260	22.259
261	22.2389
262	22.2394
263	22.2387
264	22.1997
265	22.2055
266	22.2055
267	22.2221
268	22.2343
269	22.3864
270	22.4667
271	22.5743
272	22.7461
273	22.7955
274	22.8684
275	22.8964
276	22.904
277	22.9148
278	22.9113
279	22.8986
280	22.8635
281	22.8965
282	22.8352
283	22.9069
284	22.9406
285	23.1089
286	23.1398
287	23.2642
288	23.224
289	23.2535
290	23.2145
291	23.1952
292	23.1714
293	23.1786
294	23.415
295	23.5153
296	23.5751
297	23.5728
298	23.5604
299	23.5604
300	23.579
301	23.5847
302	23.6527
303	23.6844
304	23.8103
305	23.8119
306	23.929
307	23.9168
308	23.9204
309	23.9172
310	23.9049
311	23.9049
312	23.8978
313	23.8882
314	23.8774
315	23.8774
316	23.8713
317	23.8682
318	23.8707
319	23.8707
320	23.8634
321	23.8582
322	23.8738
323	23.8731
324	23.8718
325	23.8782
326	23.8867
327	23.8867
328	23.8956
329	23.8956
330	23.8956
331	23.8956
332	23.8967
333	23.8967
334	23.8776
335	23.8629
336	23.8023
337	23.754
338	23.7031
339	23.675
340	23.675
341	23.6568
342	23.6687
343	23.7158
344	23.6873
345	23.7242
346	23.7458
347	23.791
348	23.8176
349	23.8698
350	23.8461
351	23.8439
352	23.8581
353	23.875
354	23.8718
355	23.8647
356	23.8647
357	23.8647
358	23.8656
359	23.8036
360	23.7011
361	23.6777
362	23.6628
363	23.6866
364	23.5901
365	23.5362
366	23.486
367	23.42
368	23.352
369	23.365
370	23.3722
371	23.3782
372	23.3923
373	23.4082
374	23.4718
375	23.4715
376	23.4715
377	23.4697
378	23.4722
379	23.4522
380	23.4474
381	23.4155
382	23.3946
383	23.3519
384	23.2831
385	23.2571
386	23.2578
387	23.2487
388	23.2224
389	23.2224
390	23.2084
391	23.1929
392	23.2376
393	23.3581
394	23.3662
395	23.3662
396	23.2898
397	23.2368
398	23.1951
399	23.1366
400	23.0998
401	23.0599
402	23.0897
403	23.1454
404	23.1975
405	23.2978
406	23.3327
407	23.3566
408	23.4223
409	23.4284
410	23.5
411	23.5322
412	23.5199
413	23.5429
414	23.5681
415	23.5859
416	23.5529
417	23.4873
418	23.4426
419	23.4333
420	23.4662
421	23.4493
422	23.4823
423	23.463
424	23.463
425	23.4915
426	23.4915
427	23.5545
428	23.5769
429	23.6793
430	23.6551
431	23.6339
432	23.6236
433	23.5422
434	23.4808
435	23.4798
436	23.4766
437	23.4675
438	23.476
439	23.4818
440	23.4818
441	23.4917
442	23.4917
443	23.5001
444	23.5106
445	23.5083
446	23.5204
447	23.5287
448	23.5287
449	23.5292
450	23.5864
451	23.5833
452	23.6237
453	23.6829
454	23.7419
455	23.7854
456	23.7735
457	23.7625
458	23.7529
459	23.7388
460	23.7476
461	23.7566
462	23.827
463	23.8538
464	23.9058
465	23.9944
466	24.0805
467	24.0779
468	24.0801
469	24.0756
470	24.0688
471	24.0747
472	24.0877
473	24.1087
474	24.104
475	24.0755
476	24.0839
477	24.1461
478	24.3233
479	24.3304
480	24.3304
481	24.3304
482	24.3304
483	24.3304
484	24.3304
485	24.3486
486	24.3702
487	24.3702
488	24.3702
489	24.3702
490	24.3702
491	24.3702
492	24.3702
493	24.3702
494	24.3702
495	24.3702
496	24.3702
497	24.3702
498	24.3702
499	24.3702
500	24.3702
501	24.3702
502	24.3702
503	24.3702
504	24.3702
505	24.3702
506	24.3702
507	24.3702
508	24.3702
509	24.3702
510	24.3702
511	24.3702
512	24.3702
513	24.3702
514	24.3702
515	24.3702
516	24.3702
517	24.3702
518	24.3702
519	24.3702
520	24.3702
521	24.3702
522	24.3702
523	24.3702
524	24.3702
525	24.3702
526	24.3702
527	24.3702
528	24.3702
529	24.3702
530	24.3702
531	24.3702
532	24.3702
533	24.3702
534	24.3702
535	24.3702
536	24.3702
537	24.3702
538	24.3702
539	24.3702
540	24.3702
541	24.3702
542	24.3702
543	24.3702
544	24.3702
545	24.3702
546	24.3702
547	24.3702
548	24.3702
549	24.3702
550	24.3702
551	24.3702
552	24.3702
553	24.3702
554	24.3702
555	24.3702
556	24.3702
557	24.3702
558	24.3702
559	24.3702
560	24.3702
561	24.3702
562	24.3702
563	24.3702
564	24.3702
565	24.3702
566	24.3702
567	24.3702
568	24.3702
569	24.3702
570	24.3702
571	24.3702
572	24.3702
573	24.3702
574	24.3702
575	24.3702
576	24.3702
577	24.3702
578	24.3702
579	24.3702
580	24.3702
581	24.3702
582	24.3702
583	24.3702
584	24.3702
585	24.3702
586	24.3702
587	24.3702
588	24.3702
589	24.3702
590	24.3702
591	24.3702
592	24.3702
593	24.3702
594	24.3702
595	24.3702
596	24.3702
597	24.3702
598	24.3702
599	24.3702
600	24.3702
601	24.3702
602	24.3702
603	24.3702
604	24.3702
605	24.3702
606	24.3702
607	24.3702
608	24.3702
609	24.3702
610	24.3702
611	24.3702
612	24.3702
613	24.3702
614	24.3702
615	24.3702
616	24.3702
617	24.3702
618	24.3702
619	24.3702
620	24.3702
621	24.3702
622	24.3702
623	24.3702
624	24.3702
625	24.3702
626	24.3702
627	24.3702
628	24.3702
629	24.3702
630	24.3702
631	24.3702
632	24.3702
633	24.3702
634	24.3702
635	24.3702
636	24.3702
637	24.3702
638	24.3702
639	24.3702
640	24.3702
641	24.3702
642	24.3702
643	24.3702
644	24.3702
645	24.3702
646	24.3702
647	24.3702
648	24.3702
649	24.3702
650	24.3702
651	24.3702
652	24.3702
653	24.3702
654	24.3702
655	24.3702
656	24.3702
657	24.3702
658	24.3702
659	24.3702
660	24.3702
661	24.3702
662	24.3702
663	24.3702
664	24.3702
665	24.3702
666	24.3702
667	24.3702
668	24.3702
669	24.3702
670	24.3702
671	24.3702
672	24.3702
673	24.3702
674	24.3702
675	24.3702
676	24.3702
677	24.3702
678	24.3702
679	24.3702
680	24.3702
681	24.3702
682	24.3702
683	24.3702
684	24.3702
685	24.3702
686	24.3702
687	24.3702
688	24.3702
689	24.3702
690	24.3702
691	24.3702
692	24.3702
693	24.3702
694	24.3702
695	24.3702
696	24.3702
697	24.3702
698	24.3702
699	24.3702
700	24.3702
701	24.3702
702	24.3702
703	24.3702
704	24.3702
705	24.3702
706	24.3702
707	24.3702
708	24.3702
709	24.3702
710	24.3702
711	24.3702
712	24.3702
713	24.3702
714	24.3702
715	24.3702
716	24.3702
717	24.3702
718	24.3702
719	24.3702
720	24.3702
721	24.3702
722	24.3702
723	24.3702
724	24.3702
725	24.3702
726	24.3702
727	24.3702
728	24.3702
729	24.3702
730	24.3702
731	24.3702
732	24.3702
733	24.3702
734	24.3702
735	24.3702
736	24.3702
737	24.3702
738	24.3702
739	24.3702
740	24.3702
741	24.3702
742	24.3702
743	24.3702
744	24.3702
745	24.3702
746	24.3702
747	24.3702
748	24.3702
749	24.3702
750	24.3702
751	24.3702
752	24.3702
753	24.3702
754	24.3702
755	23.9463
