Ne averages over 40 independent estimates.
Generation	Geometric_mean
1	22.5936
2	22.5936
3	22.5936
4	22.5936
5	27.7368
6	29.4291
7	33.5134
8	50.4196
9	216.292
10	290.663
11	307.71
12	318.27
13	347.914
14	384.335
15	392.485
16	389.65
17	499.716
18	506.889
19	507.932
20	619.097
21	648.169
22	761.767
23	884.907
24	892.272
25	906.297
26	971.207
27	1045.4
28	1062.56
29	1106.05
30	1274.04
31	1347.21
32	1428.81
33	1525.61
34	1608.45
35	1763.96
36	1883.08
37	1909.07
38	1976.51
39	2027.01
40	2087.79
41	2113.3
42	2140.96
43	2131.32
44	2100.3
45	2103.1
46	2089
47	2046.56
48	2043.08
49	2032.71
50	2058.53
51	2039.76
52	2040.29
53	2076.68
54	2073.61
55	2081.14
56	2041.47
57	1975.24
58	1958.58
59	1939.31
60	1931.82
61	1924.41
62	1918.92
63	1906.62
64	1869.46
65	1843.66
66	1830.72
67	1833.51
68	1792.45
69	1753.96
70	1734.42
71	1635.13
72	1640.19
73	1656.42
74	1664.87
75	1493.99
76	1484.38
77	1474.73
78	1403.24
79	1373.48
80	1333.66
81	1257.05
82	1132.11
83	1036.08
84	956.946
85	859.551
86	811.249
87	817.706
88	827.072
89	818.045
90	774.255
91	751.675
92	745.627
93	667.21
94	754.956
95	846.995
96	930.992
97	933.201
98	915.877
99	855.294
100	915.461
101	942.149
102	1097.37
103	1080.22
104	1107.41
105	1111.32
106	1133.14
107	1189.77
108	1223.18
109	1250.34
110	1392.7
111	1420.5
112	1386.85
113	1379.05
114	1338.4
115	1325.65
116	1313.65
117	1282.82
118	1193.73
119	1135.26
120	1100.49
121	1072.96
122	1012.42
123	937.75
124	861.431
125	803.615
126	781.955
127	753.221
128	727.808
129	714.969
130	683.986
131	675.892
132	663.055
133	651.556
134	647.105
135	644.939
136	643.324
137	635.542
138	615.565
139	610.143
140	609.013
141	596.349
142	576.958
143	562.841
144	553.18
145	533.583
146	514.479
147	495.991
148	496.058
149	489.911
150	490.108
151	490.626
152	482.186
153	468.546
154	456.177
155	448.655
156	442.325
157	446.014
158	443.92
159	445.215
160	441.819
161	438.562
162	434.806
163	430.884
164	426.822
165	419.333
166	418.66
167	421.015
168	412.272
169	417.723
170	414.57
171	410.025
172	404.506
173	399.418
174	396.525
175	389.671
176	372.37
177	356.311
178	316.077
179	290.435
180	260.561
181	250.844
182	242.529
183	227.253
184	213.424
185	203.314
186	179.073
187	159.87
188	149.338
189	141.366
190	130.982
191	126.423
192	123.257
193	117.634
194	112.826
195	105.957
196	94.9212
197	87.2441
198	81.7241
199	69.4814
200	65.993
201	61.5628
202	60.5267
203	58.6924
204	55.6023
205	51.7027
206	46.1629
207	44.9925
208	44.5806
209	43.43
210	42.6341
211	40.2859
212	39.5164
213	38.1897
214	37.4839
215	36.2402
216	35.0899
217	32.8341
218	31.3447
219	30.6995
220	28.9667
221	28.3393
222	27.1015
223	26.1446
224	26.1984
225	25.8053
226	26.0687
227	26.0936
228	25.9476
229	25.3097
230	24.7578
231	24.6035
232	24.6598
233	24.6482
234	24.7589
235	24.8846
236	24.8756
237	24.7365
238	24.3415
239	24.3813
240	24.2563
241	24.2656
242	24.2521
243	24.2829
244	24.3623
245	24.5127
246	24.6104
247	24.6099
248	24.5164
249	24.5475
250	24.5561
251	24.537
252	24.5982
253	24.6348
254	24.7581
255	24.8403
256	24.9549
257	25.0505
258	25.172
259	25.2477
260	25.2601
261	25.2718
262	25.3128
263	25.3742
264	25.4298
265	25.4586
266	25.5571
267	25.6629
268	25.724
269	25.7854
270	25.8655
271	25.9354
272	25.9205
273	25.9075
274	25.9075
275	25.8559
276	25.8559
277	25.8796
278	25.894
279	25.9249
280	25.9445
281	25.9957
282	26.0255
283	26.0263
284	26.0438
285	26.1124
286	26.1293
287	26.1397
288	26.199
289	26.169
290	26.1526
291	26.1526
292	26.1429
293	26.1475
294	26.1048
295	26.1005
296	26.0041
297	25.857
298	25.6613
299	25.6636
300	25.5804
301	25.5571
302	25.5278
303	25.5415
304	25.5415
305	25.5695
306	25.5819
307	25.5812
308	25.5922
309	25.6066
310	25.6066
311	25.5992
312	25.5894
313	25.569
314	25.5535
315	25.4604
316	25.46
317	25.4402
318	25.4526
319	25.499
320	25.5164
321	25.5331
322	25.5271
323	25.5647
324	25.6022
325	25.6022
326	25.6022
327	25.6081
328	25.6097
329	25.6244
330	25.6524
331	25.6816
332	25.7771
333	25.791
334	25.8759
335	25.9339
336	25.9189
337	25.9189
338	25.9061
339	25.9321
340	26.0073
341	26.0937
342	26.158
343	26.2875
344	26.4288
345	26.3633
346	26.3855
347	26.3864
348	26.4235
349	26.4731
350	26.4568
351	26.4259
352	26.4024
353	26.2752
354	26.2299
355	26.2026
356	26.1286
357	26.1865
358	26.178
359	26.178
360	26.178
361	26.1561
362	26.1532
363	26.1354
364	26.1379
365	26.1379
366	26.1379
367	26.1313
368	26.1651
369	26.1195
370	26.0513
371	26.0426
372	26.0577
373	26.0624
374	26.0754
375	26.0952
376	26.1132
377	26.0254
378	26.0294
379	25.857
380	25.7822
381	25.7892
382	25.7947
383	25.7939
384	25.8517
385	25.7909
386	25.6825
387	25.6433
388	25.6521
389	25.6521
390	25.5192
391	25.25
392	25.1861
393	25.1796
394	25.182
395	25.182
396	25.182
397	25.2016
398	25.2357
399	25.2299
400	25.2427
401	25.279
402	25.279
403	25.2953
404	25.3146
405	25.3353
406	25.3728
407	25.3894
408	25.3894
409	25.3885
410	25.3885
411	25.3885
412	25.3885
413	25.3885
414	25.3885
415	25.3887
416	25.3887
417	25.3887
418	25.4094
419	25.4296
420	25.4618
421	25.4762
422	25.5274
423	25.5274
424	25.568
425	25.568
426	25.568
427	25.5695
428	25.5695
429	25.5695
430	25.616
431	25.6159
432	25.608
433	25.6149
434	25.6074
435	25.6596
436	25.6614
437	25.6612
438	25.6631
439	25.6631
440	25.6703
441	25.6706
442	25.6706
443	25.6571
444	25.671
445	25.671
446	25.6594
447	25.6594
448	25.6593
449	25.6593
450	25.6658
451	25.6658
452	25.6533
453	25.7064
454	25.732
455	25.7949
456	25.7789
457	25.6522
458	25.6522
459	25.6233
460	25.6203
461	25.6203
462	25.5985
463	25.5877
464	25.5877
465	25.5877
466	25.5869
467	25.594
468	25.5997
469	25.6032
470	25.5936
471	25.5837
472	25.5738
473	25.5952
474	25.5993
475	25.5993
476	25.6059
477	25.6059
478	25.5685
479	25.5474
480	25.5474
481	25.5279
482	25.5293
483	25.5293
484	25.5141
485	25.5178
486	25.5117
487	25.5144
488	25.5258
489	25.5258
490	25.5258
491	25.5258
492	25.5258
493	25.5258
494	25.5258
495	25.5258
496	25.5258
497	25.5258
498	25.5258
499	25.5258
500	25.5258
501	25.5258
502	25.5258
503	25.5258
504	25.5258
505	25.5258
506	25.5258
507	25.5258
508	25.5258
509	25.5258
510	25.5258
511	25.5258
512	25.5258
513	25.5258
514	25.5258
515	25.5258
516	25.5258
517	25.5258
518	25.5258
519	25.5258
520	25.5258
521	25.5258
522	25.5258
523	25.5258
524	25.5258
525	25.5258
526	25.5258
527	25.5258
528	25.5258
529	25.5258
530	25.5258
531	25.5258
532	25.5258
533	25.5258
534	25.5258
535	25.5258
536	25.5258
537	25.5258
538	25.5258
539	25.5258
540	25.5258
541	25.5258
542	25.5258
543	25.5258
544	25.5258
545	25.5258
546	25.5258
547	25.5258
548	25.5258
549	25.5258
550	25.5258
551	25.5258
552	25.5258
553	25.5258
554	25.5258
555	25.5258
556	25.5258
557	25.5258
558	25.5258
559	25.5258
560	25.5258
561	25.5258
562	25.5258
563	25.5258
564	25.5258
565	25.5258
566	25.5258
567	25.5258
568	25.5258
569	25.5258
570	25.5258
571	25.5258
572	25.5258
573	25.5258
574	25.5258
575	25.5258
576	25.5258
577	25.5258
578	25.5258
579	25.5258
580	25.5258
581	25.5258
582	25.5258
583	25.5258
584	25.5258
585	25.5258
586	25.5258
587	25.5258
588	25.5258
589	25.5258
590	25.5258
591	25.5258
592	25.5258
593	25.5258
594	25.5258
595	25.5258
596	25.5258
597	25.5258
598	25.5258
599	25.5258
600	25.5258
601	25.5258
602	25.5258
603	25.5258
604	25.5258
605	25.5258
606	25.5258
607	25.5258
608	25.5258
609	25.5258
610	25.5258
611	25.5258
612	25.5258
613	25.5258
614	25.5258
615	25.5258
616	25.5258
617	25.5258
618	25.5258
619	25.5258
620	25.5258
621	25.5258
622	25.5258
623	25.5258
624	25.5258
625	25.5258
626	25.5258
627	25.5258
628	25.5258
629	25.5258
630	25.5258
631	25.5258
632	25.5258
633	25.5258
634	25.5258
635	25.5258
636	25.5258
637	25.5258
638	25.5258
639	25.5258
640	25.5258
641	25.5258
642	25.5258
643	25.5258
644	25.5258
645	25.5258
646	25.5258
647	25.5258
648	25.5258
649	25.5258
650	25.5258
651	25.5258
652	25.5258
653	25.5258
654	25.5258
655	25.5258
656	25.5258
657	25.5258
658	25.5258
659	25.5258
660	25.5258
661	25.5258
662	25.5258
663	25.5258
664	25.5258
665	25.5258
666	25.5258
667	25.5258
668	25.5258
669	25.5258
670	25.5258
671	25.5258
672	25.5258
673	25.5258
674	25.5258
675	25.5258
676	25.5258
677	25.5258
678	25.5258
679	25.5258
680	25.5258
681	25.5258
682	25.5258
683	25.5258
684	25.5258
685	25.5258
686	25.5258
687	25.5258
688	25.5258
689	25.5258
690	25.5258
691	25.5258
692	25.5258
693	25.5258
694	25.5258
695	25.5258
696	25.5258
697	25.5258
698	25.5258
699	25.5258
700	25.5258
701	25.5258
702	25.5258
703	25.5258
704	25.5258
705	25.5258
706	25.5258
707	25.5258
708	25.5258
709	25.5258
710	25.5258
711	25.5258
712	25.5258
713	25.5258
714	25.5258
715	25.5258
716	25.5258
717	25.5258
718	25.5258
719	25.5258
720	25.5258
721	25.5258
722	25.5258
723	25.5258
724	25.5258
725	25.5258
726	25.5258
727	25.5258
728	25.5258
729	25.5258
730	25.5258
731	25.5258
732	25.5258
733	25.5258
734	25.5258
735	25.5258
736	25.5258
737	25.5258
738	25.5258
739	25.5258
740	25.5258
741	25.5258
742	25.5258
743	25.5258
744	25.5258
745	25.5258
746	25.5258
747	25.5258
748	25.5258
749	25.5258
750	25.5258
751	25.5258
752	25.5258
753	25.5258
754	25.5258
755	24.7151
