Ne averages over 40 independent estimates.
Generation	Geometric_mean
1	23.7567
2	23.7567
3	23.7567
4	23.7567
5	22.869
6	22.6954
7	35.8553
8	45.9614
9	286.184
10	331.127
11	320.885
12	323.125
13	337.535
14	412.02
15	412.84
16	465.624
17	468.193
18	484.58
19	498.158
20	512.302
21	752.712
22	777.428
23	769.09
24	782.591
25	822.957
26	1031.6
27	1052.78
28	1067.99
29	1354.07
30	1634.63
31	1882.17
32	1946.19
33	1979.83
34	2046.79
35	2100.76
36	2166.37
37	2161.26
38	2163.52
39	2194.99
40	2215.26
41	2222.45
42	2241.6
43	2324.91
44	2359.17
45	2381.53
46	2419.63
47	2415.59
48	2410.57
49	2402.38
50	2446
51	2490.93
52	2571.14
53	2645.93
54	2650.98
55	2606.07
56	2654.47
57	2654.3
58	2626.42
59	2586.27
60	2567.25
61	2511.06
62	2470.37
63	2413.1
64	2388.08
65	2443.47
66	2474.69
67	2492.04
68	2483.14
69	2376
70	2198.61
71	2099.05
72	2114.65
73	2074.06
74	1981.18
75	1889.66
76	1866.19
77	1693.75
78	1626.89
79	1456.45
80	1446.11
81	1364
82	1288.14
83	1198.45
84	1220.27
85	1243.04
86	1172.38
87	1036.19
88	973.028
89	970.412
90	876.265
91	889.179
92	946.777
93	1040.37
94	1106.89
95	1149.83
96	1285.95
97	1317.23
98	1504.28
99	1625.18
100	1664.12
101	1714.51
102	1754.13
103	1768.52
104	1721.46
105	1688.14
106	1667.6
107	1710.47
108	1839.89
109	1849.72
110	1853.08
111	1838.55
112	1772.58
113	1750.28
114	1716.22
115	1688.51
116	1673.75
117	1689.6
118	1684
119	1541.17
120	1417.58
121	1259.75
122	1193.7
123	1121.68
124	1043.37
125	955.094
126	904.044
127	867.129
128	825.012
129	781.545
130	741.414
131	693.8
132	674.244
133	663.719
134	640.153
135	612.734
136	594.817
137	584.32
138	576.951
139	559.859
140	539.949
141	526.142
142	520.534
143	505.808
144	505.128
145	505.591
146	496.868
147	484.579
148	467.144
149	459.474
150	454.943
151	448.618
152	445.753
153	442.569
154	446.144
155	448.006
156	439.313
157	438.674
158	429.804
159	430.99
160	428.449
161	427.81
162	427.317
163	430.282
164	430.564
165	431.034
166	429.397
167	426.743
168	424.468
169	414.809
170	408.487
171	404.73
172	389.624
173	381.038
174	378.161
175	375.668
176	378.524
177	370
178	355.632
179	325.139
180	283.951
181	255.451
182	235.873
183	196.833
184	174.288
185	152.369
186	129.531
187	116.699
188	106.635
189	96.0112
190	91.514
191	80.6297
192	76.0167
193	68.6515
194	63.4399
195	57.7616
196	55.854
197	54.9884
198	52.6156
199	48.9313
200	47.6179
201	43.9689
202	42.3216
203	41.567
204	39.3839
205	39.4114
206	38.5126
207	38.7446
208	38.7935
209	37.8366
210	36.4675
211	34.8375
212	34.0662
213	32.7503
214	31.7174
215	30.4828
216	28.7112
217	27.1797
218	26.3686
219	25.9843
220	25.9204
221	25.2123
222	24.7097
223	23.2571
224	22.1186
225	21.4574
226	21.0539
227	20.7377
228	20.6989
229	20.7287
230	20.6271
231	20.6678
232	20.5743
233	20.5682
234	20.4753
235	20.3561
236	20.2788
237	20.1411
238	19.7395
239	19.6133
240	19.7271
241	19.7576
242	19.7398
243	19.8323
244	19.9545
245	19.9749
246	20.036
247	20.0329
248	20.0231
249	19.9923
250	19.9873
251	19.9965
252	19.9924
253	20.0074
254	20.0201
255	20.0707
256	20.092
257	20.0909
258	20.103
259	20.1069
260	20.1386
261	20.1546
262	20.1361
263	20.1397
264	20.1454
265	20.158
266	20.1728
267	20.1726
268	20.168
269	20.1696
270	20.1723
271	20.1723
272	20.1655
273	20.1731
274	20.2001
275	20.1252
276	20.0687
277	20.049
278	20.0791
279	20.0575
280	20.0938
281	20.0758
282	20.0904
283	20.101
284	20.1076
285	20.1551
286	20.1713
287	20.1884
288	20.2157
289	20.2414
290	20.2408
291	20.2192
292	20.1772
293	20.126
294	20.0719
295	20.007
296	20.007
297	19.95
298	19.95
299	19.95
300	19.9221
301	19.9148
302	19.8712
303	19.8712
304	19.8506
305	19.8407
306	19.8407
307	19.8407
308	19.8319
309	19.8319
310	19.8338
311	19.8328
312	19.8265
313	19.8221
314	19.8303
315	19.8303
316	19.836
317	19.8776
318	19.9547
319	20.0255
320	20.1041
321	20.1491
322	20.1818
323	20.2184
324	20.2479
325	20.2948
326	20.377
327	20.4921
328	20.5048
329	20.562
330	20.5869
331	20.6
332	20.6006
333	20.5929
334	20.6023
335	20.6007
336	20.5923
337	20.5946
338	20.6092
339	20.6082
340	20.6082
341	20.5524
342	20.4725
343	20.4721
344	20.4089
345	20.368
346	20.3823
347	20.3801
348	20.3826
349	20.3692
350	20.3554
351	20.2356
352	20.1731
353	20.1333
354	20.132
355	20.13
356	20.1517
357	20.1782
358	20.1843
359	20.2275
360	20.3444
361	20.3619
362	20.3493
363	20.3509
364	20.3942
365	20.424
366	20.4546
367	20.4107
368	20.3989
369	20.3989
370	20.3931
371	20.38
372	20.3759
373	20.3771
374	20.3849
375	20.3866
376	20.3795
377	20.36
378	20.3726
379	20.3271
380	20.2206
381	20.1243
382	20.1747
383	20.1713
384	20.2101
385	20.2119
386	20.2089
387	20.2613
388	20.3162
389	20.2983
390	20.3698
391	20.3815
392	20.3742
393	20.385
394	20.3933
395	20.3956
396	20.3682
397	20.356
398	20.3441
399	20.351
400	20.3521
401	20.3302
402	20.3046
403	20.3132
404	20.3035
405	20.3272
406	20.3312
407	20.3299
408	20.3463
409	20.3532
410	20.3532
411	20.3531
412	20.3561
413	20.3561
414	20.3593
415	20.345
416	20.345
417	20.345
418	20.3511
419	20.3618
420	20.3618
421	20.3518
422	20.3691
423	20.342
424	20.3366
425	20.2567
426	20.244
427	20.2113
428	20.2113
429	20.1563
430	20.0429
431	19.9402
432	19.9012
433	19.9012
434	19.8446
435	19.811
436	19.7463
437	19.7247
438	19.7247
439	19.7247
440	19.7518
441	19.7812
442	19.7979
443	19.7845
444	19.8293
445	19.8433
446	19.8457
447	19.8498
448	19.8498
449	19.8498
450	19.8498
451	19.8616
452	19.8616
453	19.8576
454	19.8576
455	19.9023
456	19.9203
457	19.9244
458	19.9244
459	19.9244
460	19.9281
461	19.9281
462	19.9281
463	19.9281
464	19.9573
465	19.9821
466	20.0068
467	20.0784
468	20.0784
469	20.0784
470	20.0784
471	20.0784
472	20.0784
473	20.1075
474	20.1075
475	20.1574
476	20.1839
477	20.1839
478	20.1839
479	20.1839
480	20.2045
481	20.2045
482	20.2045
483	20.2045
484	20.2045
485	20.2045
486	20.2045
487	20.2045
488	20.2045
489	20.2045
490	20.2045
491	20.2045
492	20.2045
493	20.2045
494	20.2045
495	20.2045
496	20.2045
497	20.2045
498	20.2045
499	20.2045
500	20.2045
501	20.2045
502	20.2045
503	20.2045
504	20.2045
505	20.2045
506	20.2045
507	20.2045
508	20.2045
509	20.2045
510	20.2045
511	20.2045
512	20.2045
513	20.2045
514	20.2045
515	20.2045
516	20.2045
517	20.2045
518	20.2045
519	20.2045
520	20.2045
521	20.2045
522	20.2045
523	20.2045
524	20.2045
525	20.2045
526	20.2045
527	20.2045
528	20.2045
529	20.2045
530	20.2045
531	20.2045
532	20.2045
533	20.2045
534	20.2045
535	20.2045
536	20.2045
537	20.2045
538	20.2045
539	20.2045
540	20.2045
541	20.2045
542	20.2045
543	20.2045
544	20.2045
545	20.2045
546	20.2045
547	20.2045
548	20.2045
549	20.2045
550	20.2045
551	20.2045
552	20.2045
553	20.2045
554	20.2045
555	20.2045
556	20.2045
557	20.2045
558	20.2045
559	20.2045
560	20.2045
561	20.2045
562	20.2045
563	20.2045
564	20.2045
565	20.2045
566	20.2045
567	20.2045
568	20.2045
569	20.2045
570	20.2045
571	20.2045
572	20.2045
573	20.2045
574	20.2045
575	20.2045
576	20.2045
577	20.2045
578	20.2045
579	20.2045
580	20.2045
581	20.2045
582	20.2045
583	20.2045
584	20.2045
585	20.2045
586	20.2045
587	20.2045
588	20.2045
589	20.2045
590	20.2045
591	20.2045
592	20.2045
593	20.2045
594	20.2045
595	20.2045
596	20.2045
597	20.2045
598	20.2045
599	20.2045
600	20.2045
601	20.2045
602	20.2045
603	20.2045
604	20.2045
605	20.2045
606	20.2045
607	20.2045
608	20.2045
609	20.2045
610	20.2045
611	20.2045
612	20.2045
613	20.2045
614	20.2045
615	20.2045
616	20.2045
617	20.2045
618	20.2045
619	20.2045
620	20.2045
621	20.2045
622	20.2045
623	20.2045
624	20.2045
625	20.2045
626	20.2045
627	20.2045
628	20.2045
629	20.2045
630	20.2045
631	20.2045
632	20.2045
633	20.2045
634	20.2045
635	20.2045
636	20.2045
637	20.2045
638	20.2045
639	20.2045
640	20.2045
641	20.2045
642	20.2045
643	20.2045
644	20.2045
645	20.2045
646	20.2045
647	20.2045
648	20.2045
649	20.2045
650	20.2045
651	20.2045
652	20.2045
653	20.2045
654	20.2045
655	20.2045
656	20.2045
657	20.2045
658	20.2045
659	20.2045
660	20.2045
661	20.2045
662	20.2045
663	20.2045
664	20.2045
665	20.2045
666	20.2045
667	20.2045
668	20.2045
669	20.2045
670	20.2045
671	20.2045
672	20.2045
673	20.2045
674	20.2045
675	20.2045
676	20.2045
677	20.2045
678	20.2045
679	20.2045
680	20.2045
681	20.2045
682	20.2045
683	20.2045
684	20.2045
685	20.2045
686	20.2045
687	20.2045
688	20.2045
689	20.2045
690	20.2045
691	20.2045
692	20.2045
693	20.2045
694	20.2045
695	20.2045
696	20.2045
697	20.2045
698	20.2045
699	20.2045
700	20.2045
701	20.2045
702	20.2045
703	20.2045
704	20.2045
705	20.2045
706	20.2045
707	20.2045
708	20.2045
709	20.2045
710	20.2045
711	20.2045
712	20.2045
713	20.2045
714	20.2045
715	20.2045
716	20.2045
717	20.2045
718	20.2045
719	20.2045
720	20.2045
721	20.2045
722	20.2045
723	20.2045
724	20.2045
725	20.2045
726	20.2045
727	20.2045
728	20.2045
729	20.2045
730	20.2045
731	20.2045
732	20.2045
733	20.2045
734	20.2045
735	20.2045
736	20.2045
737	20.2045
738	20.2045
739	20.2045
740	20.2045
741	20.2045
742	20.2045
743	20.2045
744	20.2045
745	20.2045
746	20.2045
747	20.2045
748	20.2045
749	20.2045
750	20.2045
751	20.2045
752	20.2045
753	20.2045
754	20.2045
755	19.8742
