Ne averages over 40 independent estimates.
Generation	Geometric_mean
1	22.6026
2	22.6026
3	22.6026
4	22.6026
5	27.4133
6	31.1074
7	42.2202
8	60.0213
9	206.251
10	294.4
11	314.586
12	313.238
13	326.478
14	407.122
15	448.882
16	448.529
17	548.991
18	560.617
19	557.281
20	564.853
21	614.629
22	674.83
23	730.495
24	747.632
25	816.498
26	916.32
27	1069.68
28	1278.62
29	1343.78
30	1375.95
31	1400.76
32	1445.92
33	1520.52
34	1725.43
35	1776.25
36	1791.18
37	1830.92
38	1811.08
39	1777.23
40	1753.38
41	1775.54
42	1771.69
43	1732.46
44	1741.02
45	1748.67
46	1776.54
47	1777.14
48	1753.37
49	1783.44
50	1809.14
51	1810.18
52	1846.77
53	1872.47
54	1881.63
55	1890.32
56	1918.7
57	1932.03
58	1973.54
59	1983.56
60	2015.94
61	2015.4
62	2015.83
63	1956.18
64	1866.2
65	1796.26
66	1769.07
67	1720.02
68	1736.5
69	1711.97
70	1673.27
71	1623.73
72	1641.18
73	1504.63
74	1422.91
75	1299.84
76	1232.34
77	1169.92
78	1101.98
79	1022.12
80	972.089
81	831.647
82	675.908
83	653.673
84	665.746
85	539.468
86	442.373
87	370.019
88	380.183
89	355.191
90	356.67
91	413.63
92	451.655
93	477.155
94	558.253
95	741.779
96	819.256
97	900.544
98	895.079
99	1010.27
100	1036.94
101	1160.06
102	1159.94
103	1156.95
104	1142.02
105	1129.2
106	1137.16
107	1094.97
108	1038.8
109	1015.71
110	991.732
111	961.827
112	944.169
113	939.252
114	910.649
115	888.194
116	874.474
117	842.044
118	817.528
119	767.688
120	733.093
121	676.018
122	647.933
123	612.065
124	604.036
125	604.517
126	598.906
127	597.928
128	600.01
129	596.796
130	589.447
131	567.174
132	528.761
133	517.279
134	513.708
135	498.543
136	493.629
137	487.594
138	478.151
139	474.961
140	468.246
141	468.257
142	463.844
143	457.618
144	453.819
145	452.312
146	448.67
147	445.997
148	442.491
149	429.452
150	427.355
151	423.387
152	413.201
153	397.596
154	389.626
155	386.353
156	383.525
157	384.978
158	378.492
159	371.809
160	365.772
161	366.049
162	369.097
163	368.566
164	367.238
165	366.062
166	359.664
167	353.616
168	351.171
169	348.367
170	345.605
171	343.346
172	344.557
173	344.577
174	345.649
175	343.13
176	340.81
177	331.825
178	313.819
179	280.937
180	257.23
181	233.942
182	214.536
183	195.205
184	169.94
185	157.394
186	142.341
187	121.537
188	110.525
189	102.748
190	96.1639
191	92.4103
192	84.8727
193	80.9097
194	78.0603
195	72.5464
196	66.3371
197	62.26
198	54.398
199	53.5913
200	50.6221
201	47.9166
202	46.3964
203	44.929
204	44.4317
205	43.8643
206	43.2236
207	42.1053
208	40.4384
209	39.7639
210	39.722
211	39.2087
212	38.8049
213	38.4704
214	37.2816
215	37.106
216	36.5916
217	35.5379
218	33.3723
219	30.5653
220	30.0713
221	28.9097
222	28.5381
223	27.6084
224	27.5928
225	27.655
226	27.4156
227	27.5835
228	27.557
229	27.5358
230	27.55
231	27.3274
232	27.261
233	27.2525
234	26.8555
235	26.6552
236	26.4488
237	26.2676
238	26.0822
239	25.9269
240	25.7926
241	25.695
242	25.6062
243	25.5693
244	25.4324
245	25.3877
246	25.3595
247	25.224
248	25.2484
249	25.316
250	25.3829
251	25.5098
252	25.5873
253	25.5873
254	25.6008
255	25.6248
256	25.6402
257	25.6402
258	25.6807
259	25.707
260	25.7228
261	25.769
262	25.904
263	25.9072
264	25.8823
265	25.8823
266	25.8821
267	25.8398
268	25.8891
269	25.9059
270	25.9069
271	25.9962
272	26.0978
273	26.1263
274	26.1716
275	26.2194
276	26.2212
277	26.239
278	26.2442
279	26.2497
280	26.271
281	26.296
282	26.3034
283	26.3124
284	26.3149
285	26.3089
286	26.296
287	26.2935
288	26.2921
289	26.2922
290	26.2922
291	26.2678
292	26.252
293	26.2431
294	26.2497
295	26.2685
296	26.2346
297	26.2514
298	26.258
299	26.2445
300	26.2481
301	26.1941
302	26.1521
303	26.1506
304	26.1182
305	26.1437
306	26.2314
307	26.2883
308	26.3734
309	26.3923
310	26.3923
311	26.3923
312	26.4978
313	26.6229
314	26.6187
315	26.7558
316	26.8538
317	27.0232
318	27.1215
319	27.1293
320	27.1688
321	27.1568
322	27.1647
323	27.1647
324	27.1606
325	27.1203
326	27.0578
327	27.0389
328	27.0272
329	26.9953
330	26.973
331	26.9076
332	26.8913
333	26.9261
334	26.7968
335	26.8691
336	26.8691
337	26.8192
338	26.8887
339	27.0771
340	27.1226
341	27.0976
342	27.095
343	27.0368
344	27.0329
345	27.0225
346	26.9975
347	26.9187
348	26.8712
349	26.8621
350	26.9463
351	26.9394
352	27.004
353	27.0969
354	27.0969
355	27.0858
356	27.1323
357	27.1323
358	27.1421
359	27.2678
360	27.3857
361	27.4962
362	27.5006
363	27.5208
364	27.6532
365	27.6803
366	27.6976
367	27.7399
368	27.7171
369	27.7085
370	27.7466
371	27.7486
372	27.7494
373	27.7404
374	27.7404
375	27.7692
376	27.8201
377	27.8566
378	27.8955
379	27.9481
380	27.9481
381	27.9384
382	28.0048
383	28.0368
384	28.0887
385	28.0869
386	28.0864
387	28.1107
388	28.0962
389	28.1535
390	28.1665
391	28.1547
392	28.2662
393	28.3023
394	28.3655
395	28.3893
396	28.413
397	28.4704
398	28.5247
399	28.5892
400	28.5907
401	28.5921
402	28.5607
403	28.5416
404	28.5236
405	28.5198
406	28.4429
407	28.3744
408	28.3459
409	28.2928
410	28.2821
411	28.2747
412	28.2813
413	28.2798
414	28.2803
415	28.2803
416	28.2803
417	28.2891
418	28.2859
419	28.2462
420	28.25
421	28.2369
422	28.2448
423	28.2566
424	28.2666
425	28.2662
426	28.2578
427	28.2569
428	28.2665
429	28.2561
430	28.2561
431	28.2585
432	28.2602
433	28.2602
434	28.2291
435	28.1906
436	28.0366
437	28.0269
438	27.9917
439	28.0299
440	28.0496
441	28.027
442	27.9862
443	27.9862
444	27.9713
445	27.9709
446	27.9745
447	28.003
448	28.0159
449	28.011
450	28.011
451	28.0138
452	27.9931
453	27.9747
454	27.9309
455	27.8813
456	27.8559
457	27.8406
458	27.7943
459	27.791
460	27.7596
461	27.7573
462	27.7568
463	27.5753
464	27.3935
465	26.8506
466	26.8546
467	26.8631
468	26.8615
469	26.8772
470	26.8719
471	26.8733
472	26.8801
473	26.8905
474	26.9315
475	26.9722
476	27.0384
477	27.0395
478	27.0235
479	27.0136
480	27.0116
481	27.0087
482	27.0087
483	27.0087
484	27.0087
485	27.0087
486	27.0087
487	27.0087
488	27.0087
489	27.0087
490	27.0087
491	27.0087
492	27.0087
493	27.0087
494	27.0087
495	27.0087
496	27.0087
497	27.0087
498	27.0087
499	27.0087
500	27.0087
501	27.0087
502	27.0087
503	27.0087
504	27.0087
505	27.0087
506	27.0087
507	27.0087
508	27.0087
509	27.0087
510	27.0087
511	27.0087
512	27.0087
513	27.0087
514	27.0087
515	27.0087
516	27.0087
517	27.0087
518	27.0087
519	27.0087
520	27.0087
521	27.0087
522	27.0087
523	27.0087
524	27.0087
525	27.0087
526	27.0087
527	27.0087
528	27.0087
529	27.0087
530	27.0087
531	27.0087
532	27.0087
533	27.0087
534	27.0087
535	27.0087
536	27.0087
537	27.0087
538	27.0087
539	27.0087
540	27.0087
541	27.0087
542	27.0087
543	27.0087
544	27.0087
545	27.0087
546	27.0087
547	27.0087
548	27.0087
549	27.0087
550	27.0087
551	27.0087
552	27.0087
553	27.0087
554	27.0087
555	27.0087
556	27.0087
557	27.0087
558	27.0087
559	27.0087
560	27.0087
561	27.0087
562	27.0087
563	27.0087
564	27.0087
565	27.0087
566	27.0087
567	27.0087
568	27.0087
569	27.0087
570	27.0087
571	27.0087
572	27.0087
573	27.0087
574	27.0087
575	27.0087
576	27.0087
577	27.0087
578	27.0087
579	27.0087
580	27.0087
581	27.0087
582	27.0087
583	27.0087
584	27.0087
585	27.0087
586	27.0087
587	27.0087
588	27.0087
589	27.0087
590	27.0087
591	27.0087
592	27.0087
593	27.0087
594	27.0087
595	27.0087
596	27.0087
597	27.0087
598	27.0087
599	27.0087
600	27.0087
601	27.0087
602	27.0087
603	27.0087
604	27.0087
605	27.0087
606	27.0087
607	27.0087
608	27.0087
609	27.0087
610	27.0087
611	27.0087
612	27.0087
613	27.0087
614	27.0087
615	27.0087
616	27.0087
617	27.0087
618	27.0087
619	27.0087
620	27.0087
621	27.0087
622	27.0087
623	27.0087
624	27.0087
625	27.0087
626	27.0087
627	27.0087
628	27.0087
629	27.0087
630	27.0087
631	27.0087
632	27.0087
633	27.0087
634	27.0087
635	27.0087
636	27.0087
637	27.0087
638	27.0087
639	27.0087
640	27.0087
641	27.0087
642	27.0087
643	27.0087
644	27.0087
645	27.0087
646	27.0087
647	27.0087
648	27.0087
649	27.0087
650	27.0087
651	27.0087
652	27.0087
653	27.0087
654	27.0087
655	27.0087
656	27.0087
657	27.0087
658	27.0087
659	27.0087
660	27.0087
661	27.0087
662	27.0087
663	27.0087
664	27.0087
665	27.0087
666	27.0087
667	27.0087
668	27.0087
669	27.0087
670	27.0087
671	27.0087
672	27.0087
673	27.0087
674	27.0087
675	27.0087
676	27.0087
677	27.0087
678	27.0087
679	27.0087
680	27.0087
681	27.0087
682	27.0087
683	27.0087
684	27.0087
685	27.0087
686	27.0087
687	27.0087
688	27.0087
689	27.0087
690	27.0087
691	27.0087
692	27.0087
693	27.0087
694	27.0087
695	27.0087
696	27.0087
697	27.0087
698	27.0087
699	27.0087
700	27.0087
701	27.0087
702	27.0087
703	27.0087
704	27.0087
705	27.0087
706	27.0087
707	27.0087
708	27.0087
709	27.0087
710	27.0087
711	27.0087
712	27.0087
713	27.0087
714	27.0087
715	27.0087
716	27.0087
717	27.0087
718	27.0087
719	27.0087
720	27.0087
721	27.0087
722	27.0087
723	27.0087
724	27.0087
725	27.0087
726	27.0087
727	27.0087
728	27.0087
729	27.0087
730	27.0087
731	27.0087
732	27.0087
733	27.0087
734	27.0087
735	27.0087
736	27.0087
737	27.0087
738	27.0087
739	27.0087
740	27.0087
741	27.0087
742	27.0087
743	27.0087
744	27.0087
745	27.0087
746	27.0087
747	27.0087
748	27.0087
749	27.0087
750	27.0087
751	27.0087
752	27.0087
753	27.0087
754	27.0087
755	26.9568
