Ne averages over 40 independent estimates.
Generation	Geometric_mean
1	22.1312
2	22.1312
3	22.1312
4	22.1312
5	29.6595
6	32.8934
7	35.4351
8	54.6203
9	190.136
10	245.846
11	247.685
12	259.298
13	263.956
14	338.33
15	348.216
16	362.712
17	376.812
18	380.211
19	381.784
20	422.509
21	565.45
22	613.041
23	655.031
24	715.733
25	716.404
26	775.037
27	850.226
28	954.79
29	1181.07
30	1435.37
31	1645.29
32	1737.24
33	1892.78
34	1911.84
35	1859.7
36	1968.37
37	2038
38	2195.29
39	2247.63
40	2323.54
41	2357.04
42	2404.09
43	2415.39
44	2494.27
45	2508.19
46	2538.08
47	2519.21
48	2507.92
49	2528.25
50	2539.95
51	2572.04
52	2564.95
53	2546.01
54	2530.21
55	2534.44
56	2473.78
57	2489.62
58	2551.53
59	2634.55
60	2695.11
61	2756.72
62	2781.43
63	2701.49
64	2713.38
65	2684.77
66	2640.52
67	2574.64
68	2560.01
69	2475.28
70	2255.11
71	2157.04
72	2108.34
73	2079.99
74	1978.01
75	1924.86
76	1877.82
77	1780
78	1693.14
79	1586.3
80	1548.25
81	1337.37
82	1217.67
83	1124.04
84	1072.89
85	802.068
86	852.625
87	789.841
88	798.474
89	754.028
90	771.644
91	765.76
92	764.695
93	763.15
94	830.68
95	815.693
96	818.961
97	947.437
98	1004.84
99	1275.33
100	1322.94
101	1497.76
102	1533.63
103	1709.82
104	1728.06
105	1725.8
106	1746.5
107	1753.29
108	1780.53
109	1814.32
110	1791.15
111	1736.7
112	1640.19
113	1509.14
114	1452.2
115	1403.76
116	1358.67
117	1321.24
118	1258.17
119	1238.88
120	1204.32
121	1171.17
122	1091.98
123	998.042
124	888.127
125	870.422
126	858.906
127	839.584
128	780.905
129	752.549
130	725.508
131	686.989
132	651.822
133	632.92
134	613.804
135	581.319
136	574.354
137	563.348
138	547.225
139	537.044
140	531.341
141	529.999
142	521.4
143	499.44
144	483.668
145	459.663
146	441.599
147	423.528
148	410.203
149	398.748
150	391.076
151	376.917
152	369.752
153	369.919
154	368.218
155	364.463
156	361.402
157	359.181
158	353.645
159	351.953
160	354.071
161	355.523
162	345.526
163	339.688
164	338.265
165	334.73
166	333.756
167	328.812
168	322.185
169	319.259
170	318.322
171	317.037
172	312.209
173	302.551
174	296.649
175	277.78
176	245.218
177	224.038
178	214.955
179	209.169
180	200.137
181	186.194
182	167.72
183	149.515
184	135.942
185	122.199
186	111.498
187	97.9368
188	86.127
189	79.3405
190	73.6836
191	68.5941
192	63.8345
193	62.8872
194	56.7642
195	51.7424
196	48.6401
197	44.3083
198	42.5506
199	40.1356
200	38.8695
201	38.1815
202	37.205
203	35.2245
204	33.1572
205	32.0133
206	31.2726
207	30.8031
208	30.084
209	28.1094
210	25.4287
211	23.6721
212	22.8116
213	22.3343
214	22.3896
215	22.5461
216	22.8204
217	22.859
218	22.7271
219	22.8947
220	22.8392
221	22.872
222	22.8365
223	22.9193
224	22.9745
225	23.0572
226	23.0244
227	22.7776
228	22.6508
229	22.5975
230	22.5144
231	22.4767
232	22.5368
233	22.6351
234	22.6906
235	22.6546
236	22.6525
237	22.5949
238	22.4047
239	22.366
240	22.3239
241	22.3313
242	22.3618
243	22.2593
244	22.0147
245	21.6759
246	21.6218
247	21.5262
248	21.5313
249	21.5313
250	21.5313
251	21.5141
252	21.4838
253	21.5084
254	21.5483
255	21.6308
256	21.6018
257	21.5347
258	21.5006
259	21.5113
260	21.5113
261	21.6164
262	21.7295
263	21.7753
264	21.7658
265	21.7456
266	21.7166
267	21.7374
268	21.7277
269	21.7209
270	21.71
271	21.708
272	21.7058
273	21.6762
274	21.6557
275	21.6159
276	21.5382
277	21.4961
278	21.4447
279	21.4228
280	21.3698
281	21.2964
282	21.2874
283	21.219
284	21.1817
285	21.1081
286	21.0598
287	21.0598
288	21.0598
289	21.0627
290	21.0627
291	21.0627
292	21.0631
293	21.0896
294	21.1159
295	21.1379
296	21.1873
297	21.1873
298	21.2108
299	21.228
300	21.2279
301	21.2202
302	21.225
303	21.2359
304	21.2359
305	21.2145
306	21.2028
307	21.2376
308	21.3022
309	21.4503
310	21.4587
311	21.5294
312	21.544
313	21.5443
314	21.5673
315	21.5729
316	21.6095
317	21.6348
318	21.6648
319	21.7086
320	21.8091
321	21.8527
322	21.8527
323	21.9369
324	22.0221
325	22.0932
326	22.123
327	22.1206
328	22.1206
329	22.1206
330	22.1206
331	22.1529
332	22.1529
333	22.1529
334	22.1529
335	22.1468
336	22.1452
337	22.1385
338	22.125
339	22.125
340	22.1169
341	22.124
342	22.1155
343	22.1186
344	22.118
345	22.0669
346	22.0237
347	21.9811
348	21.9584
349	21.8846
350	21.8403
351	21.8369
352	21.8369
353	21.8379
354	21.8379
355	21.8379
356	21.8379
357	21.8379
358	21.8156
359	21.8156
360	21.7356
361	21.6845
362	21.5075
363	21.5174
364	21.5752
365	21.5855
366	21.5909
367	21.6043
368	21.6058
369	21.6294
370	21.6295
371	21.6441
372	21.6595
373	21.677
374	21.677
375	21.7132
376	21.7199
377	21.7156
378	21.7429
379	21.7429
380	21.7429
381	21.7422
382	21.7422
383	21.7422
384	21.7422
385	21.7393
386	21.7393
387	21.7478
388	21.7444
389	21.7375
390	21.7328
391	21.7367
392	21.7367
393	21.7274
394	21.713
395	21.7075
396	21.7146
397	21.7538
398	21.7747
399	21.8229
400	21.8494
401	21.8494
402	21.8494
403	21.8494
404	21.8494
405	21.8494
406	21.8494
407	21.8674
408	21.8674
409	21.8891
410	21.8954
411	21.9084
412	21.9106
413	21.9145
414	21.9192
415	21.9192
416	21.9192
417	21.9192
418	21.9302
419	21.9302
420	21.9302
421	21.9302
422	21.9302
423	21.9294
424	21.9283
425	21.9283
426	21.9283
427	21.9283
428	21.9207
429	21.9207
430	21.9207
431	21.9207
432	21.9632
433	21.9573
434	21.9732
435	22.0033
436	22.0272
437	22.0408
438	22.0558
439	22.0558
440	22.0483
441	22.0441
442	22.0429
443	22.0362
444	22.0325
445	22.0325
446	22.0325
447	22.0246
448	22.0246
449	22.0246
450	22.0246
451	21.9966
452	21.9966
453	21.9966
454	21.9704
455	21.9617
456	21.9208
457	21.8516
458	21.7795
459	21.7153
460	21.6531
461	21.6531
462	21.6333
463	21.6304
464	21.6256
465	21.6131
466	21.6047
467	21.6047
468	21.6047
469	21.6047
470	21.5961
471	21.59
472	21.565
473	21.5493
474	21.5328
475	21.4972
476	21.4908
477	21.4798
478	21.4798
479	21.4798
480	21.4798
481	21.4798
482	21.4798
483	21.4798
484	21.4798
485	21.4798
486	21.4798
487	21.4798
488	21.4798
489	21.4798
490	21.4798
491	21.4798
492	21.4798
493	21.4798
494	21.4798
495	21.4798
496	21.4798
497	21.4798
498	21.4798
499	21.4798
500	21.4798
501	21.4798
502	21.4798
503	21.4798
504	21.4798
505	21.4798
506	21.4798
507	21.4798
508	21.4798
509	21.4798
510	21.4798
511	21.4798
512	21.4798
513	21.4798
514	21.4798
515	21.4798
516	21.4798
517	21.4798
518	21.4798
519	21.4798
520	21.4798
521	21.4798
522	21.4798
523	21.4798
524	21.4798
525	21.4798
526	21.4798
527	21.4798
528	21.4798
529	21.4798
530	21.4798
531	21.4798
532	21.4798
533	21.4798
534	21.4798
535	21.4798
536	21.4798
537	21.4798
538	21.4798
539	21.4798
540	21.4798
541	21.4798
542	21.4798
543	21.4798
544	21.4798
545	21.4798
546	21.4798
547	21.4798
548	21.4798
549	21.4798
550	21.4798
551	21.4798
552	21.4798
553	21.4798
554	21.4798
555	21.4798
556	21.4798
557	21.4798
558	21.4798
559	21.4798
560	21.4798
561	21.4798
562	21.4798
563	21.4798
564	21.4798
565	21.4798
566	21.4798
567	21.4798
568	21.4798
569	21.4798
570	21.4798
571	21.4798
572	21.4798
573	21.4798
574	21.4798
575	21.4798
576	21.4798
577	21.4798
578	21.4798
579	21.4798
580	21.4798
581	21.4798
582	21.4798
583	21.4798
584	21.4798
585	21.4798
586	21.4798
587	21.4798
588	21.4798
589	21.4798
590	21.4798
591	21.4798
592	21.4798
593	21.4798
594	21.4798
595	21.4798
596	21.4798
597	21.4798
598	21.4798
599	21.4798
600	21.4798
601	21.4798
602	21.4798
603	21.4798
604	21.4798
605	21.4798
606	21.4798
607	21.4798
608	21.4798
609	21.4798
610	21.4798
611	21.4798
612	21.4798
613	21.4798
614	21.4798
615	21.4798
616	21.4798
617	21.4798
618	21.4798
619	21.4798
620	21.4798
621	21.4798
622	21.4798
623	21.4798
624	21.4798
625	21.4798
626	21.4798
627	21.4798
628	21.4798
629	21.4798
630	21.4798
631	21.4798
632	21.4798
633	21.4798
634	21.4798
635	21.4798
636	21.4798
637	21.4798
638	21.4798
639	21.4798
640	21.4798
641	21.4798
642	21.4798
643	21.4798
644	21.4798
645	21.4798
646	21.4798
647	21.4798
648	21.4798
649	21.4798
650	21.4798
651	21.4798
652	21.4798
653	21.4798
654	21.4798
655	21.4798
656	21.4798
657	21.4798
658	21.4798
659	21.4798
660	21.4798
661	21.4798
662	21.4798
663	21.4798
664	21.4798
665	21.4798
666	21.4798
667	21.4798
668	21.4798
669	21.4798
670	21.4798
671	21.4798
672	21.4798
673	21.4798
674	21.4798
675	21.4798
676	21.4798
677	21.4798
678	21.4798
679	21.4798
680	21.4798
681	21.4798
682	21.4798
683	21.4798
684	21.4798
685	21.4798
686	21.4798
687	21.4798
688	21.4798
689	21.4798
690	21.4798
691	21.4798
692	21.4798
693	21.4798
694	21.4798
695	21.4798
696	21.4798
697	21.4798
698	21.4798
699	21.4798
700	21.4798
701	21.4798
702	21.4798
703	21.4798
704	21.4798
705	21.4798
706	21.4798
707	21.4798
708	21.4798
709	21.4798
710	21.4798
711	21.4798
712	21.4798
713	21.4798
714	21.4798
715	21.4798
716	21.4798
717	21.4798
718	21.4798
719	21.4798
720	21.4798
721	21.4798
722	21.4798
723	21.4798
724	21.4798
725	21.4798
726	21.4798
727	21.4798
728	21.4798
729	21.4798
730	21.4798
731	21.4798
732	21.4798
733	21.4798
734	21.4798
735	21.4798
736	21.4798
737	21.4798
738	21.4798
739	21.4798
740	21.4798
741	21.4798
742	21.4798
743	21.4798
744	21.4798
745	21.4798
746	21.4798
747	21.4798
748	21.4798
749	21.4798
750	21.4798
751	21.4798
752	21.4798
753	21.4798
754	21.4798
755	21.4969
