Ne averages over 40 independent estimates.
Generation	Geometric_mean
1	25.3749
2	25.3749
3	25.3749
4	25.3749
5	21.4597
6	22.3893
7	27.3195
8	31.9857
9	166.443
10	248.682
11	291.693
12	321.428
13	345.396
14	351.777
15	404.429
16	409.511
17	407.86
18	409.095
19	416.201
20	423.13
21	438.651
22	557.242
23	656.057
24	736.044
25	894.305
26	1083.25
27	1359.17
28	1508.83
29	1618.21
30	1705.94
31	1694.48
32	1782.59
33	1815.75
34	1844.1
35	1845.48
36	1820.53
37	1911.74
38	1923.7
39	1935.46
40	1949.73
41	2001.13
42	2040.55
43	2071.32
44	2048.66
45	2022.83
46	2011.65
47	2038.57
48	2072.88
49	2081.71
50	2033.37
51	2029.28
52	1991.35
53	1952.74
54	1948.29
55	1927.95
56	1900.62
57	1902.88
58	1912.46
59	1944.68
60	2014.03
61	2042.24
62	1986.72
63	1967.48
64	1950.83
65	1866.52
66	1745.55
67	1677.13
68	1618.06
69	1595.42
70	1613.06
71	1610.49
72	1587.57
73	1527.39
74	1384.44
75	1401.93
76	1386.45
77	1414.42
78	1292.57
79	1087.25
80	1067.58
81	1024.35
82	882.62
83	789.607
84	784.822
85	787.748
86	882.313
87	898.128
88	923.316
89	979.271
90	972.413
91	934.433
92	921.412
93	922.13
94	995.21
95	1104.6
96	1143
97	1175.79
98	1209.53
99	1224.07
100	1240.42
101	1225.76
102	1236.51
103	1283.68
104	1460.94
105	1494.94
106	1501.49
107	1482.38
108	1431.02
109	1422.43
110	1398.66
111	1343.84
112	1286.35
113	1260.88
114	1278.2
115	1257.19
116	1201.59
117	1138.11
118	1068.15
119	1034.02
120	1017.22
121	980.212
122	962.574
123	921.65
124	906.554
125	874.095
126	842.533
127	796.418
128	737.657
129	706.338
130	689.222
131	684.74
132	653.364
133	634.076
134	624.141
135	601.039
136	578.232
137	558.577
138	542.713
139	537.538
140	529.17
141	529.983
142	529.572
143	520.116
144	506.866
145	487.556
146	475.06
147	462.818
148	452.187
149	445.559
150	445.051
151	441.128
152	437.101
153	421.234
154	421.204
155	422.508
156	420.394
157	415.125
158	406.536
159	398.743
160	395.884
161	389.659
162	382.488
163	363.38
164	348.128
165	338.383
166	321.321
167	312.301
168	307.432
169	301.579
170	300.432
171	301.066
172	305.214
173	309.664
174	310.394
175	311.86
176	290.373
177	251.961
178	214.498
179	186.334
180	166.469
181	150.944
182	133.912
183	118.305
184	104.856
185	95.3128
186	89.8911
187	73.633
188	68.2639
189	66.8607
190	64.5614
191	59.4687
192	53.2221
193	53.0446
194	52.6572
195	51.6127
196	50.3611
197	49.2385
198	48.3002
199	46.8862
200	44.5084
201	42.8757
202	42.0206
203	40.7178
204	39.5682
205	37.0941
206	36.0169
207	34.619
208	33.3554
209	32.9034
210	31.7701
211	31.3865
212	31.0626
213	30.7112
214	29.5289
215	28.3313
216	26.7179
217	25.1821
218	25.2444
219	24.7967
220	23.6688
221	23.2998
222	23.0415
223	22.9381
224	22.9337
225	23.0034
226	22.9366
227	22.7992
228	22.6609
229	22.5056
230	22.402
231	22.3673
232	22.2948
233	22.0598
234	21.8695
235	21.8052
236	21.6599
237	21.6501
238	21.6737
239	21.7449
240	21.7869
241	21.8606
242	21.7938
243	21.7912
244	21.7754
245	21.7132
246	22.0433
247	22.4087
248	22.8131
249	23.9369
250	24.7465
251	25.5766
252	25.6373
253	25.6462
254	25.6447
255	25.6378
256	25.6378
257	25.6384
258	25.6627
259	25.664
260	25.6656
261	25.6586
262	25.6565
263	25.6522
264	25.6231
265	25.611
266	25.5996
267	25.5915
268	25.5729
269	25.5689
270	25.5515
271	25.564
272	25.5683
273	25.5742
274	25.6388
275	25.6138
276	25.5795
277	25.5795
278	25.573
279	25.5238
280	25.5065
281	25.5046
282	25.5046
283	25.5046
284	25.5046
285	25.5046
286	25.5129
287	25.5086
288	25.5086
289	25.5086
290	25.5086
291	25.5006
292	25.4949
293	25.4796
294	25.4525
295	25.4358
296	25.4358
297	25.4249
298	25.4291
299	25.4614
300	25.5057
301	25.4974
302	25.7188
303	25.818
304	25.8479
305	25.908
306	25.9511
307	25.9511
308	25.9509
309	25.9473
310	25.9473
311	25.9464
312	25.9464
313	25.944
314	25.9347
315	25.9125
316	25.9107
317	25.9107
318	25.8781
319	25.8063
320	25.8176
321	25.8273
322	25.8417
323	25.8555
324	25.8555
325	25.8548
326	25.8718
327	25.8683
328	25.8683
329	25.8683
330	25.8685
331	25.8685
332	25.8714
333	25.8784
334	25.8866
335	25.8862
336	25.8885
337	25.8883
338	25.8883
339	25.8883
340	25.8883
341	25.8871
342	25.8484
343	25.8484
344	25.8484
345	25.7665
346	25.5365
347	25.3849
348	25.2374
349	25.2421
350	25.2453
351	25.302
352	25.3867
353	25.3867
354	25.3867
355	25.3867
356	25.4278
357	25.4278
358	25.4252
359	25.4621
360	25.4582
361	25.4582
362	25.4482
363	25.4372
364	25.4282
365	25.4282
366	25.398
367	25.364
368	25.3425
369	25.3134
370	25.3141
371	25.3141
372	25.3141
373	25.3053
374	25.3053
375	25.2851
376	25.2502
377	25.2569
378	25.2378
379	25.2236
380	25.1864
381	25.1636
382	25.1492
383	25.1492
384	25.1492
385	25.1492
386	25.1492
387	25.1492
388	25.1492
389	25.1492
390	25.1492
391	25.1492
392	25.1492
393	25.1492
394	25.1492
395	25.1186
396	25.0867
397	25.0527
398	25.0527
399	25.0086
400	24.9844
401	25.0092
402	24.9522
403	24.9693
404	25.0453
405	25.1378
406	25.1369
407	25.1287
408	25.1588
409	25.1712
410	25.2123
411	25.2415
412	25.2366
413	25.217
414	25.2047
415	25.1437
416	25.1177
417	25.0903
418	25.0485
419	25.0423
420	25.0163
421	25.0093
422	25.0093
423	25.0093
424	25.0223
425	25.0416
426	25.047
427	25.0787
428	25.0855
429	25.0949
430	25.0949
431	25.0945
432	25.0945
433	25.1078
434	25.1079
435	25.3632
436	25.4406
437	25.7014
438	25.9585
439	25.9585
440	25.9585
441	25.9585
442	25.9611
443	25.9559
444	25.9531
445	25.9498
446	25.9503
447	25.9503
448	25.9459
449	25.9459
450	25.9459
451	25.9557
452	25.9514
453	25.9491
454	25.948
455	25.9295
456	25.9221
457	25.9158
458	25.9158
459	25.9158
460	25.9295
461	25.9295
462	25.9295
463	25.9305
464	25.9305
465	25.9312
466	25.9304
467	25.9362
468	25.9373
469	25.9333
470	25.936
471	25.9335
472	25.9378
473	25.9378
474	25.9378
475	25.9179
476	25.8872
477	25.8329
478	25.8178
479	25.7719
480	25.7719
481	25.7741
482	25.7741
483	25.7741
484	25.7741
485	25.7741
486	25.7741
487	25.7741
488	25.7741
489	25.7741
490	25.7741
491	25.7741
492	25.7741
493	25.7741
494	25.7741
495	25.7741
496	25.7741
497	25.7741
498	25.7741
499	25.7741
500	25.7741
501	25.7741
502	25.7741
503	25.7741
504	25.7741
505	25.7741
506	25.7741
507	25.7741
508	25.7741
509	25.7741
510	25.7741
511	25.7741
512	25.7741
513	25.7741
514	25.7741
515	25.7741
516	25.7741
517	25.7741
518	25.7741
519	25.7741
520	25.7741
521	25.7741
522	25.7741
523	25.7741
524	25.7741
525	25.7741
526	25.7741
527	25.7741
528	25.7741
529	25.7741
530	25.7741
531	25.7741
532	25.7741
533	25.7741
534	25.7741
535	25.7741
536	25.7741
537	25.7741
538	25.7741
539	25.7741
540	25.7741
541	25.7741
542	25.7741
543	25.7741
544	25.7741
545	25.7741
546	25.7741
547	25.7741
548	25.7741
549	25.7741
550	25.7741
551	25.7741
552	25.7741
553	25.7741
554	25.7741
555	25.7741
556	25.7741
557	25.7741
558	25.7741
559	25.7741
560	25.7741
561	25.7741
562	25.7741
563	25.7741
564	25.7741
565	25.7741
566	25.7741
567	25.7741
568	25.7741
569	25.7741
570	25.7741
571	25.7741
572	25.7741
573	25.7741
574	25.7741
575	25.7741
576	25.7741
577	25.7741
578	25.7741
579	25.7741
580	25.7741
581	25.7741
582	25.7741
583	25.7741
584	25.7741
585	25.7741
586	25.7741
587	25.7741
588	25.7741
589	25.7741
590	25.7741
591	25.7741
592	25.7741
593	25.7741
594	25.7741
595	25.7741
596	25.7741
597	25.7741
598	25.7741
599	25.7741
600	25.7741
601	25.7741
602	25.7741
603	25.7741
604	25.7741
605	25.7741
606	25.7741
607	25.7741
608	25.7741
609	25.7741
610	25.7741
611	25.7741
612	25.7741
613	25.7741
614	25.7741
615	25.7741
616	25.7741
617	25.7741
618	25.7741
619	25.7741
620	25.7741
621	25.7741
622	25.7741
623	25.7741
624	25.7741
625	25.7741
626	25.7741
627	25.7741
628	25.7741
629	25.7741
630	25.7741
631	25.7741
632	25.7741
633	25.7741
634	25.7741
635	25.7741
636	25.7741
637	25.7741
638	25.7741
639	25.7741
640	25.7741
641	25.7741
642	25.7741
643	25.7741
644	25.7741
645	25.7741
646	25.7741
647	25.7741
648	25.7741
649	25.7741
650	25.7741
651	25.7741
652	25.7741
653	25.7741
654	25.7741
655	25.7741
656	25.7741
657	25.7741
658	25.7741
659	25.7741
660	25.7741
661	25.7741
662	25.7741
663	25.7741
664	25.7741
665	25.7741
666	25.7741
667	25.7741
668	25.7741
669	25.7741
670	25.7741
671	25.7741
672	25.7741
673	25.7741
674	25.7741
675	25.7741
676	25.7741
677	25.7741
678	25.7741
679	25.7741
680	25.7741
681	25.7741
682	25.7741
683	25.7741
684	25.7741
685	25.7741
686	25.7741
687	25.7741
688	25.7741
689	25.7741
690	25.7741
691	25.7741
692	25.7741
693	25.7741
694	25.7741
695	25.7741
696	25.7741
697	25.7741
698	25.7741
699	25.7741
700	25.7741
701	25.7741
702	25.7741
703	25.7741
704	25.7741
705	25.7741
706	25.7741
707	25.7741
708	25.7741
709	25.7741
710	25.7741
711	25.7741
712	25.7741
713	25.7741
714	25.7741
715	25.7741
716	25.7741
717	25.7741
718	25.7741
719	25.7741
720	25.7741
721	25.7741
722	25.7741
723	25.7741
724	25.7741
725	25.7741
726	25.7741
727	25.7741
728	25.7741
729	25.7741
730	25.7741
731	25.7741
732	25.7741
733	25.7741
734	25.7741
735	25.7741
736	25.7741
737	25.7741
738	25.7741
739	25.7741
740	25.7741
741	25.7741
742	25.7741
743	25.7741
744	25.7741
745	25.7741
746	25.7741
747	25.7741
748	25.7741
749	25.7741
750	25.7741
751	25.7741
752	25.7741
753	25.7741
754	25.7741
755	26.1746
