Ne averages over 40 independent estimates.
Generation	Geometric_mean
1	27.144
2	27.144
3	27.144
4	27.144
5	24.7045
6	27.3822
7	34.4238
8	40.9935
9	69.0998
10	108.671
11	194.303
12	344.36
13	368.923
14	409.071
15	418.777
16	519.45
17	544.755
18	547.065
19	553.733
20	701.933
21	731.295
22	743.123
23	801.962
24	830.329
25	847.511
26	922.898
27	914.599
28	938.834
29	983.88
30	1000.64
31	1007.77
32	1016.31
33	1044.95
34	1066.11
35	1089.65
36	1127.05
37	1127.96
38	1129.09
39	1127.28
40	1114.12
41	1121.02
42	1129.5
43	1128.05
44	1120.21
45	1121.44
46	1107.59
47	1112.5
48	1118.84
49	1112.62
50	1103.68
51	1111.21
52	1098.07
53	1047.49
54	1054.41
55	1034.26
56	1011.37
57	970.464
58	876.23
59	816.86
60	792.976
61	765.024
62	746.584
63	729.004
64	715.207
65	696.074
66	633.459
67	605.054
68	538.276
69	489.978
70	467.112
71	463.82
72	426.311
73	392.761
74	365.922
75	382.175
76	415.11
77	385.254
78	330.878
79	300.238
80	331.379
81	387.148
82	389.965
83	393.06
84	455.451
85	562.809
86	643.924
87	723.481
88	723.239
89	764.055
90	741.728
91	790.55
92	795.449
93	822.443
94	816.931
95	812.97
96	813.403
97	810.801
98	780.488
99	771.931
100	765.667
101	771.691
102	774.594
103	766.606
104	757.51
105	753.766
106	742.88
107	732.123
108	719.801
109	713.328
110	712.464
111	705.841
112	697.81
113	687.553
114	655.105
115	631.713
116	623.761
117	614.093
118	603.627
119	571.401
120	547.692
121	535.23
122	526.645
123	537.104
124	525.042
125	513.173
126	516.761
127	503.751
128	497.47
129	475.614
130	458.424
131	440.957
132	431.109
133	421.335
134	414.307
135	403.155
136	393.74
137	375.336
138	356.905
139	340.768
140	326.821
141	317.465
142	314.867
143	313.089
144	310.159
145	304.779
146	298.499
147	293.288
148	292.593
149	292.117
150	291.563
151	298.086
152	298.199
153	299.617
154	300.056
155	299.193
156	301.152
157	301.443
158	302.823
159	303.498
160	303.863
161	294.846
162	284.343
163	271.993
164	254.924
165	242.816
166	231.508
167	218.173
168	209.591
169	201.137
170	186.415
171	175.487
172	164.189
173	159.962
174	157.301
175	156.698
176	155.806
177	157.167
178	156.767
179	152.492
180	147.352
181	146.969
182	144.706
183	143.043
184	139.586
185	135.137
186	125.662
187	117.118
188	109.504
189	97.4797
190	92.7722
191	81.4503
192	76.839
193	72.2094
194	68.572
195	61.7914
196	56.7405
197	52.8406
198	49.5918
199	47.5632
200	46.8795
201	45.4658
202	44.03
203	42.7287
204	40.4229
205	37.7234
206	35.7547
207	34.2558
208	33.1751
209	32.2143
210	30.3609
211	29.7219
212	29.2124
213	28.9386
214	28.5702
215	28.5408
216	28.4973
217	28.2158
218	28.1416
219	28.2525
220	28.4679
221	28.6648
222	29.158
223	29.1675
224	29.3568
225	29.5788
226	29.8401
227	29.8323
228	29.8984
229	30.1033
230	30.2191
231	30.1679
232	30.1238
233	30.0858
234	30.1047
235	30.0488
236	29.8105
237	29.5934
238	29.4988
239	29.3814
240	29.2848
241	29.2297
242	29.1906
243	29.1091
244	28.9976
245	28.9652
246	28.9795
247	29.017
248	29.0247
249	29.0806
250	29.0912
251	29.0735
252	29.0738
253	29.0795
254	29.0795
255	29.1436
256	29.215
257	29.2674
258	29.2974
259	29.294
260	29.294
261	29.3266
262	29.3653
263	29.3617
264	29.3819
265	29.3593
266	29.3518
267	29.33
268	29.272
269	29.272
270	29.1601
271	29.1794
272	29.1244
273	29.0784
274	29.0546
275	29.0485
276	29.0971
277	29.1021
278	29.0795
279	28.9999
280	29.012
281	29.0152
282	29.0145
283	29.0117
284	29.0117
285	29.0117
286	29.0117
287	28.992
288	29.0143
289	29.0936
290	29.2153
291	29.2699
292	29.456
293	29.4437
294	29.4726
295	29.5085
296	29.4871
297	29.4703
298	29.4613
299	29.4613
300	29.4626
301	29.4626
302	29.4807
303	29.4807
304	29.4807
305	29.4746
306	29.4503
307	29.4372
308	29.4372
309	29.4077
310	29.4009
311	29.4095
312	29.3196
313	29.254
314	29.1731
315	29.1434
316	29.0682
317	29.0682
318	29.0262
319	29.1936
320	29.2123
321	29.3108
322	29.3615
323	29.4052
324	29.4052
325	29.4613
326	29.4613
327	29.4613
328	29.4613
329	29.4486
330	29.4486
331	29.5053
332	29.7346
333	29.7579
334	29.8141
335	29.7749
336	29.8458
337	29.8398
338	29.918
339	29.9913
340	30.075
341	30.2098
342	30.2667
343	30.4078
344	30.3235
345	30.3266
346	30.4342
347	30.3714
348	30.413
349	30.413
350	30.413
351	30.413
352	30.413
353	30.4879
354	30.4821
355	30.4582
356	30.4582
357	30.4582
358	30.4579
359	30.4669
360	30.4669
361	30.4669
362	30.4669
363	30.4682
364	30.4728
365	30.4728
366	30.4728
367	30.4728
368	30.4728
369	30.4728
370	30.4728
371	30.4728
372	30.4818
373	30.4818
374	30.4818
375	30.4818
376	30.4818
377	30.4818
378	30.4818
379	30.4818
380	30.4818
381	30.4947
382	30.5176
383	30.5166
384	30.5369
385	30.5356
386	30.4939
387	30.4912
388	30.4421
389	30.461
390	30.484
391	30.6044
392	30.6106
393	30.6198
394	30.6351
395	30.6358
396	30.6358
397	30.6441
398	30.6383
399	30.6572
400	30.6536
401	30.6536
402	30.6502
403	30.652
404	30.6182
405	30.5468
406	30.4993
407	30.4484
408	30.4017
409	30.3026
410	30.2892
411	30.2762
412	30.2187
413	30.2211
414	30.1567
415	30.1567
416	30.1567
417	30.1469
418	30.1419
419	30.0786
420	30.0079
421	29.8737
422	29.8309
423	29.8505
424	29.8265
425	29.8498
426	29.9165
427	29.9667
428	29.9601
429	30.0059
430	29.9932
431	30.0011
432	29.9826
433	29.9847
434	29.9706
435	29.9534
436	29.9385
437	29.9
438	29.896
439	29.8657
440	29.8657
441	29.8657
442	29.8657
443	29.8657
444	29.8657
445	29.86
446	29.8062
447	29.7696
448	29.7748
449	29.7869
450	29.8702
451	29.7839
452	29.8219
453	29.901
454	29.8808
455	29.9166
456	29.976
457	30.0177
458	30.0746
459	30.0746
460	30.096
461	30.096
462	30.096
463	30.096
464	30.096
465	30.0995
466	30.0995
467	30.0995
468	30.0917
469	30.0993
470	30.0953
471	30.0834
472	30.0739
473	30.0747
474	30.0865
475	30.1375
476	30.1345
477	30.185
478	30.2765
479	30.2852
480	30.3475
481	30.3638
482	30.3903
483	30.4196
484	30.4196
485	30.4
486	30.4
487	30.4
488	30.4
489	30.4
490	30.4
491	30.4
492	30.4
493	30.4
494	30.4
495	30.4
496	30.4
497	30.4
498	30.4
499	30.4
500	30.4
501	30.4
502	30.4
503	30.4
504	30.4
505	30.4
506	30.4
507	30.4
508	30.4
509	30.4
510	30.4
511	30.4
512	30.4
513	30.4
514	30.4
515	30.4
516	30.4
517	30.4
518	30.4
519	30.4
520	30.4
521	30.4
522	30.4
523	30.4
524	30.4
525	30.4
526	30.4
527	30.4
528	30.4
529	30.4
530	30.4
531	30.4
532	30.4
533	30.4
534	30.4
535	30.4
536	30.4
537	30.4
538	30.4
539	30.4
540	30.4
541	30.4
542	30.4
543	30.4
544	30.4
545	30.4
546	30.4
547	30.4
548	30.4
549	30.4
550	30.4
551	30.4
552	30.4
553	30.4
554	30.4
555	30.4
556	30.4
557	30.4
558	30.4
559	30.4
560	30.4
561	30.4
562	30.4
563	30.4
564	30.4
565	30.4
566	30.4
567	30.4
568	30.4
569	30.4
570	30.4
571	30.4
572	30.4
573	30.4
574	30.4
575	30.4
576	30.4
577	30.4
578	30.4
579	30.4
580	30.4
581	30.4
582	30.4
583	30.4
584	30.4
585	30.4
586	30.4
587	30.4
588	30.4
589	30.4
590	30.4
591	30.4
592	30.4
593	30.4
594	30.4
595	30.4
596	30.4
597	30.4
598	30.4
599	30.4
600	30.4
601	30.4
602	30.4
603	30.4
604	30.4
605	30.4
606	30.4
607	30.4
608	30.4
609	30.4
610	30.4
611	30.4
612	30.4
613	30.4
614	30.4
615	30.4
616	30.4
617	30.4
618	30.4
619	30.4
620	30.4
621	30.4
622	30.4
623	30.4
624	30.4
625	30.4
626	30.4
627	30.4
628	30.4
629	30.4
630	30.4
631	30.4
632	30.4
633	30.4
634	30.4
635	30.4
636	30.4
637	30.4
638	30.4
639	30.4
640	30.4
641	30.4
642	30.4
643	30.4
644	30.4
645	30.4
646	30.4
647	30.4
648	30.4
649	30.4
650	30.4
651	30.4
652	30.4
653	30.4
654	30.4
655	30.4
656	30.4
657	30.4
658	30.4
659	30.4
660	30.4
661	30.4
662	30.4
663	30.4
664	30.4
665	30.4
666	30.4
667	30.4
668	30.4
669	30.4
670	30.4
671	30.4
672	30.4
673	30.4
674	30.4
675	30.4
676	30.4
677	30.4
678	30.4
679	30.4
680	30.4
681	30.4
682	30.4
683	30.4
684	30.4
685	30.4
686	30.4
687	30.4
688	30.4
689	30.4
690	30.4
691	30.4
692	30.4
693	30.4
694	30.4
695	30.4
696	30.4
697	30.4
698	30.4
699	30.4
700	30.4
701	30.4
702	30.4
703	30.4
704	30.4
705	30.4
706	30.4
707	30.4
708	30.4
709	30.4
710	30.4
711	30.4
712	30.4
713	30.4
714	30.4
715	30.4
716	30.4
717	30.4
718	30.4
719	30.4
720	30.4
721	30.4
722	30.4
723	30.4
724	30.4
725	30.4
726	30.4
727	30.4
728	30.4
729	30.4
730	30.4
731	30.4
732	30.4
733	30.4
734	30.4
735	30.4
736	30.4
737	30.4
738	30.4
739	30.4
740	30.4
741	30.4
742	30.4
743	30.4
744	30.4
745	30.4
746	30.4
747	30.4
748	30.4
749	30.4
750	30.4
751	30.4
752	30.4
753	30.4
754	30.4
755	29.8243
