Ne averages over 40 independent estimates.
Generation	Geometric_mean
1	27.2006
2	27.2006
3	27.2006
4	27.2006
5	30.6198
6	32.2736
7	35.2519
8	33.5549
9	66.9894
10	87.4476
11	148.666
12	290.691
13	356.77
14	375.623
15	385.533
16	440.048
17	525.606
18	534.373
19	628.131
20	683.476
21	761.957
22	774.833
23	846.099
24	837.556
25	837.003
26	907.184
27	1057.78
28	1105.8
29	1181.69
30	1209.7
31	1190.39
32	1184.05
33	1224.19
34	1330.69
35	1365.77
36	1406.28
37	1438.35
38	1440.22
39	1435.16
40	1422.98
41	1410.99
42	1389.11
43	1334.4
44	1301.31
45	1282.77
46	1270.16
47	1267.78
48	1269.17
49	1264.25
50	1231.5
51	1220.58
52	1203.45
53	1203.15
54	1210.15
55	1199.63
56	1197.47
57	1180.44
58	1153.76
59	1041.23
60	1039.91
61	1042.34
62	999.504
63	972.976
64	942.185
65	908.221
66	915.471
67	885.368
68	877.357
69	875.072
70	860.229
71	785.349
72	785.513
73	771.64
74	699.836
75	631.475
76	643.381
77	551.955
78	511.739
79	503.712
80	468.441
81	490.261
82	492.202
83	436.564
84	459.179
85	453.119
86	449.047
87	444.842
88	441.558
89	561.245
90	625.482
91	630.866
92	646.598
93	672.432
94	744.867
95	837.713
96	838.444
97	815.643
98	786.129
99	760.322
100	763.486
101	789.537
102	784.058
103	780.567
104	770.962
105	745.055
106	717.123
107	717.184
108	720.931
109	713.899
110	714.113
111	718.439
112	701.444
113	684.489
114	658.787
115	629.347
116	611.897
117	601.181
118	596.535
119	588.595
120	579.484
121	566.876
122	562.804
123	568.205
124	537.235
125	518.747
126	496.232
127	459.619
128	456.507
129	453.501
130	445.861
131	437.007
132	434.707
133	431.424
134	419.544
135	398.355
136	383.744
137	373.568
138	363.479
139	358.049
140	351.375
141	348.418
142	344.862
143	339.173
144	330.821
145	325.691
146	319.97
147	315.382
148	309.589
149	314.254
150	317.423
151	319.584
152	322.515
153	319.696
154	312.601
155	280.721
156	264.886
157	261.364
158	261.795
159	262.773
160	265.254
161	262.084
162	257.529
163	249.775
164	231.917
165	220.941
166	215.036
167	206.571
168	190.821
169	181.707
170	174.377
171	165.931
172	157.155
173	152.755
174	143.114
175	136.417
176	132.734
177	125.296
178	119.003
179	111.069
180	105.399
181	100.101
182	96.9514
183	91.5099
184	88.8465
185	83.9813
186	81.453
187	74.4721
188	69.7826
189	66.5751
190	62.3579
191	54.1468
192	49.6055
193	43.8026
194	41.9003
195	40.9736
196	40.0012
197	38.6196
198	36.9662
199	36.7149
200	33.8233
201	32.563
202	31.3243
203	30.8966
204	29.6463
205	27.7559
206	27.1482
207	26.3465
208	25.182
209	24.7859
210	24.7531
211	24.7041
212	24.6962
213	24.691
214	24.6231
215	24.6002
216	24.5142
217	24.5395
218	24.2692
219	24.2725
220	24.5619
221	24.8102
222	24.8166
223	24.9631
224	25.0181
225	24.9708
226	24.9642
227	25.0361
228	25.036
229	25.0648
230	25.14
231	25.2227
232	25.1
233	25.0433
234	24.8949
235	24.8046
236	24.79
237	24.8728
238	24.848
239	24.7302
240	24.7979
241	24.7147
242	24.8214
243	24.9192
244	24.923
245	25.0047
246	25.0902
247	25.1713
248	25.2399
249	25.448
250	25.822
251	26.0917
252	26.3114
253	26.3905
254	26.4386
255	26.4386
256	26.4388
257	26.4355
258	26.4379
259	26.4446
260	26.4414
261	26.4407
262	26.4407
263	26.4413
264	26.4217
265	26.4314
266	26.397
267	26.4088
268	26.437
269	26.4882
270	26.5077
271	26.4991
272	26.4991
273	26.4997
274	26.508
275	26.4653
276	26.468
277	26.4701
278	26.4491
279	26.428
280	26.3949
281	26.3678
282	26.3571
283	26.3668
284	26.3785
285	26.3559
286	26.3051
287	26.2781
288	26.2781
289	26.2197
290	26.202
291	26.202
292	26.1817
293	26.0965
294	25.9984
295	25.993
296	25.9105
297	25.9089
298	25.8993
299	25.7431
300	25.7431
301	25.5893
302	25.4177
303	25.3231
304	25.2636
305	25.258
306	25.2575
307	25.2651
308	25.2561
309	25.2003
310	25.0266
311	24.9097
312	24.7707
313	24.6839
314	24.6259
315	24.607
316	24.5881
317	24.5881
318	24.595
319	24.6138
320	24.6225
321	24.6481
322	24.6592
323	24.7059
324	24.7059
325	24.7258
326	24.7373
327	24.746
328	24.7454
329	24.7911
330	24.7832
331	24.8061
332	24.8094
333	24.8185
334	24.8384
335	24.8517
336	24.8428
337	24.8366
338	24.829
339	24.8362
340	24.8362
341	24.8448
342	24.8514
343	24.8555
344	24.915
345	24.9044
346	24.9463
347	24.9127
348	24.9241
349	24.9228
350	24.9271
351	24.9315
352	24.9315
353	24.9315
354	24.9315
355	24.9315
356	24.9277
357	24.9341
358	24.9521
359	24.9732
360	25.0012
361	25.0012
362	25.0012
363	24.959
364	24.9604
365	24.8616
366	24.8133
367	24.7734
368	24.6554
369	24.6028
370	24.5504
371	24.5169
372	24.4971
373	24.483
374	24.4284
375	24.4284
376	24.4284
377	24.4406
378	24.4894
379	24.5437
380	24.5913
381	24.6332
382	24.7011
383	24.7706
384	24.7769
385	24.8008
386	24.7849
387	24.6821
388	24.5984
389	24.5846
390	24.5666
391	24.5792
392	24.5718
393	24.5704
394	24.5214
395	24.5048
396	24.4862
397	24.4679
398	24.4608
399	24.4734
400	24.4837
401	24.4994
402	24.4951
403	24.5442
404	24.6242
405	24.6296
406	24.6252
407	24.6943
408	24.9556
409	25.0123
410	25.052
411	25.0607
412	25.0638
413	25.0762
414	25.073
415	25.069
416	25.029
417	25.0204
418	25.0204
419	25.0204
420	25.0204
421	25.0204
422	25.0237
423	25.0143
424	25.0143
425	25.0175
426	25.0175
427	25.0138
428	25.0189
429	25.0189
430	25.031
431	25.0703
432	25.1552
433	25.1992
434	25.3315
435	25.3658
436	25.4031
437	25.4031
438	25.4031
439	25.4031
440	25.5659
441	25.6812
442	25.8554
443	26.1131
444	26.1638
445	26.3541
446	26.3541
447	26.3541
448	26.3541
449	26.3541
450	26.3563
451	26.3563
452	26.364
453	26.3654
454	26.3478
455	26.3478
456	26.3531
457	26.3549
458	26.3549
459	26.3554
460	26.3523
461	26.3523
462	26.3523
463	26.3523
464	26.3523
465	26.3523
466	26.3523
467	26.3523
468	26.3523
469	26.3523
470	26.3523
471	26.3466
472	26.3247
473	26.3205
474	26.294
475	26.2808
476	26.2808
477	26.2808
478	26.2808
479	26.2808
480	26.281
481	26.2753
482	26.2826
483	26.2826
484	26.2826
485	26.2826
486	26.2826
487	26.2826
488	26.2826
489	26.2826
490	26.2826
491	26.2826
492	26.2826
493	26.2826
494	26.2826
495	26.2826
496	26.2826
497	26.2826
498	26.2826
499	26.2826
500	26.2826
501	26.2826
502	26.2826
503	26.2826
504	26.2826
505	26.2826
506	26.2826
507	26.2826
508	26.2826
509	26.2826
510	26.2826
511	26.2826
512	26.2826
513	26.2826
514	26.2826
515	26.2826
516	26.2826
517	26.2826
518	26.2826
519	26.2826
520	26.2826
521	26.2826
522	26.2826
523	26.2826
524	26.2826
525	26.2826
526	26.2826
527	26.2826
528	26.2826
529	26.2826
530	26.2826
531	26.2826
532	26.2826
533	26.2826
534	26.2826
535	26.2826
536	26.2826
537	26.2826
538	26.2826
539	26.2826
540	26.2826
541	26.2826
542	26.2826
543	26.2826
544	26.2826
545	26.2826
546	26.2826
547	26.2826
548	26.2826
549	26.2826
550	26.2826
551	26.2826
552	26.2826
553	26.2826
554	26.2826
555	26.2826
556	26.2826
557	26.2826
558	26.2826
559	26.2826
560	26.2826
561	26.2826
562	26.2826
563	26.2826
564	26.2826
565	26.2826
566	26.2826
567	26.2826
568	26.2826
569	26.2826
570	26.2826
571	26.2826
572	26.2826
573	26.2826
574	26.2826
575	26.2826
576	26.2826
577	26.2826
578	26.2826
579	26.2826
580	26.2826
581	26.2826
582	26.2826
583	26.2826
584	26.2826
585	26.2826
586	26.2826
587	26.2826
588	26.2826
589	26.2826
590	26.2826
591	26.2826
592	26.2826
593	26.2826
594	26.2826
595	26.2826
596	26.2826
597	26.2826
598	26.2826
599	26.2826
600	26.2826
601	26.2826
602	26.2826
603	26.2826
604	26.2826
605	26.2826
606	26.2826
607	26.2826
608	26.2826
609	26.2826
610	26.2826
611	26.2826
612	26.2826
613	26.2826
614	26.2826
615	26.2826
616	26.2826
617	26.2826
618	26.2826
619	26.2826
620	26.2826
621	26.2826
622	26.2826
623	26.2826
624	26.2826
625	26.2826
626	26.2826
627	26.2826
628	26.2826
629	26.2826
630	26.2826
631	26.2826
632	26.2826
633	26.2826
634	26.2826
635	26.2826
636	26.2826
637	26.2826
638	26.2826
639	26.2826
640	26.2826
641	26.2826
642	26.2826
643	26.2826
644	26.2826
645	26.2826
646	26.2826
647	26.2826
648	26.2826
649	26.2826
650	26.2826
651	26.2826
652	26.2826
653	26.2826
654	26.2826
655	26.2826
656	26.2826
657	26.2826
658	26.2826
659	26.2826
660	26.2826
661	26.2826
662	26.2826
663	26.2826
664	26.2826
665	26.2826
666	26.2826
667	26.2826
668	26.2826
669	26.2826
670	26.2826
671	26.2826
672	26.2826
673	26.2826
674	26.2826
675	26.2826
676	26.2826
677	26.2826
678	26.2826
679	26.2826
680	26.2826
681	26.2826
682	26.2826
683	26.2826
684	26.2826
685	26.2826
686	26.2826
687	26.2826
688	26.2826
689	26.2826
690	26.2826
691	26.2826
692	26.2826
693	26.2826
694	26.2826
695	26.2826
696	26.2826
697	26.2826
698	26.2826
699	26.2826
700	26.2826
701	26.2826
702	26.2826
703	26.2826
704	26.2826
705	26.2826
706	26.2826
707	26.2826
708	26.2826
709	26.2826
710	26.2826
711	26.2826
712	26.2826
713	26.2826
714	26.2826
715	26.2826
716	26.2826
717	26.2826
718	26.2826
719	26.2826
720	26.2826
721	26.2826
722	26.2826
723	26.2826
724	26.2826
725	26.2826
726	26.2826
727	26.2826
728	26.2826
729	26.2826
730	26.2826
731	26.2826
732	26.2826
733	26.2826
734	26.2826
735	26.2826
736	26.2826
737	26.2826
738	26.2826
739	26.2826
740	26.2826
741	26.2826
742	26.2826
743	26.2826
744	26.2826
745	26.2826
746	26.2826
747	26.2826
748	26.2826
749	26.2826
750	26.2826
751	26.2826
752	26.2826
753	26.2826
754	26.2826
755	25.7946
