Ne averages over 40 independent estimates.
Generation	Geometric_mean
1	25.0904
2	25.0904
3	25.0904
4	25.0904
5	26.6776
6	28.9443
7	39.3529
8	44.8452
9	67.6792
10	80.62
11	114.156
12	248.005
13	340.006
14	350.409
15	369.154
16	440.227
17	479.877
18	535.705
19	545.079
20	554.9
21	610.007
22	649.746
23	702.429
24	804.294
25	816.098
26	834.248
27	896.143
28	1031.54
29	1051.09
30	1066.03
31	1081.55
32	1129.87
33	1155.24
34	1203.84
35	1266.2
36	1251.74
37	1243.03
38	1232.03
39	1229.7
40	1219.2
41	1204.46
42	1222.68
43	1193.75
44	1194.73
45	1204.49
46	1216.66
47	1218.03
48	1232.42
49	1245.96
50	1232.69
51	1217.03
52	1220.35
53	1226.21
54	1218.73
55	1185.3
56	1162.91
57	1160.35
58	1133.64
59	1107.44
60	1048.12
61	1026.5
62	1008.6
63	1004.96
64	831.389
65	815.77
66	814.202
67	767.22
68	755.711
69	598.981
70	567.769
71	526.005
72	454.662
73	379.95
74	329.518
75	327.574
76	362.229
77	330.3
78	267.247
79	271.546
80	273.971
81	332.636
82	358.514
83	386.148
84	429.45
85	481.69
86	497.47
87	553.346
88	630.287
89	638.769
90	757.121
91	769.217
92	774.34
93	790.55
94	806.82
95	868.772
96	900.161
97	928.053
98	937.661
99	951.58
100	955.662
101	950.486
102	941.272
103	928.434
104	939.82
105	937.573
106	916.123
107	905.506
108	861.45
109	825.043
110	789.747
111	744.827
112	706.578
113	686.661
114	652.286
115	626.119
116	608.766
117	544.358
118	534.832
119	528.894
120	523.187
121	519.772
122	516.066
123	505.371
124	491.601
125	472.814
126	459.868
127	446.876
128	439.881
129	425.36
130	408.02
131	395.087
132	381.184
133	370.383
134	360.301
135	348.91
136	341.448
137	344.288
138	350.626
139	349.47
140	343.301
141	340.96
142	334.005
143	330.358
144	328.636
145	326.291
146	324.013
147	320.353
148	318.14
149	314.588
150	311.19
151	306.974
152	307.256
153	303.616
154	294.494
155	289.425
156	284.421
157	286.058
158	280.998
159	274.062
160	270.248
161	271.049
162	269.183
163	263.061
164	260.61
165	254.243
166	244.402
167	235.295
168	227.247
169	214.324
170	199.536
171	192.923
172	191.027
173	183.59
174	163.188
175	148.861
176	141.226
177	124.916
178	105.656
179	95.0212
180	86.8273
181	81.9844
182	80.4374
183	76.4281
184	73.7055
185	70.7633
186	68.9537
187	66.5553
188	64.7666
189	60.3558
190	53.2028
191	50.5736
192	46.3251
193	43.8323
194	41.7136
195	40.4991
196	38.5986
197	37.4472
198	37.2269
199	35.9889
200	34.6696
201	33.0125
202	32.8511
203	32.11
204	32.1957
205	32.8844
206	32.6566
207	32.697
208	32.3687
209	31.9435
210	31.0557
211	30.9428
212	30.6138
213	30.0738
214	29.6679
215	28.5143
216	28.4997
217	28.6648
218	28.7675
219	29.0236
220	29.0561
221	29.4194
222	29.8136
223	29.9997
224	30.1055
225	30.2838
226	30.5393
227	30.6708
228	30.8019
229	30.961
230	31.2342
231	31.7485
232	32.061
233	32.1872
234	31.9995
235	32.05
236	31.8445
237	31.6909
238	31.595
239	31.4351
240	31.3033
241	31.2417
242	31.3035
243	31.4187
244	31.5345
245	31.5373
246	31.5551
247	31.6126
248	31.5963
249	31.609
250	31.4856
251	31.4046
252	31.3732
253	31.3407
254	31.3407
255	31.3407
256	31.3357
257	31.2915
258	31.2915
259	31.2733
260	31.3059
261	31.3532
262	31.4213
263	31.4779
264	31.5107
265	31.5136
266	31.5138
267	31.5138
268	31.5138
269	31.5136
270	31.5136
271	31.505
272	31.505
273	31.5088
274	31.5088
275	31.5019
276	31.5019
277	31.5019
278	31.5012
279	31.5012
280	31.5012
281	31.501
282	31.501
283	31.4974
284	31.4974
285	31.4947
286	31.5017
287	31.5026
288	31.5073
289	31.605
290	31.6115
291	31.6487
292	31.6605
293	31.6605
294	31.6178
295	31.616
296	31.6661
297	31.6225
298	31.5386
299	31.5624
300	31.5903
301	31.6046
302	31.6902
303	31.651
304	31.6455
305	31.482
306	31.4905
307	31.2327
308	31.1486
309	31.0638
310	30.854
311	30.813
312	30.7198
313	30.6815
314	30.6797
315	30.6732
316	30.6732
317	30.6734
318	30.6277
319	30.6277
320	30.6277
321	30.6277
322	30.6277
323	30.6277
324	30.6277
325	30.6277
326	30.6277
327	30.6277
328	30.5955
329	30.5955
330	30.5955
331	30.5629
332	30.5378
333	30.5378
334	30.5378
335	30.5378
336	30.5378
337	30.5264
338	30.5131
339	30.4594
340	30.4517
341	30.4517
342	30.4062
343	30.4062
344	30.3995
345	30.4523
346	30.4753
347	30.5144
348	30.5854
349	30.6224
350	30.6243
351	30.6635
352	30.6751
353	30.6889
354	30.6889
355	30.6889
356	30.6891
357	30.6891
358	30.6891
359	30.6891
360	30.6922
361	30.6974
362	30.6782
363	30.6544
364	30.611
365	30.5798
366	30.5634
367	30.5106
368	30.4922
369	30.459
370	30.459
371	30.4678
372	30.4746
373	30.49
374	30.5129
375	30.5064
376	30.5142
377	30.5174
378	30.5174
379	30.5174
380	30.5174
381	30.5174
382	30.5174
383	30.5174
384	30.5174
385	30.5174
386	30.5174
387	30.5174
388	30.5035
389	30.491
390	30.4834
391	30.4514
392	30.4452
393	30.4452
394	30.4452
395	30.4455
396	30.4577
397	30.4732
398	30.4984
399	30.5269
400	30.5655
401	30.5655
402	30.5689
403	30.5689
404	30.5689
405	30.5762
406	30.5762
407	30.5903
408	30.6067
409	30.6067
410	30.6067
411	30.6067
412	30.6141
413	30.623
414	30.6358
415	30.6456
416	30.6602
417	30.673
418	30.6365
419	30.5966
420	30.5896
421	30.4908
422	30.3892
423	30.3472
424	30.4456
425	30.4296
426	30.4542
427	30.4463
428	30.4463
429	30.4592
430	30.5345
431	30.5491
432	30.5538
433	30.5625
434	30.5687
435	30.6193
436	30.6374
437	30.6464
438	30.5924
439	30.5924
440	30.5385
441	30.299
442	30.1976
443	30.1976
444	30.1822
445	30.1297
446	30.1071
447	30.1071
448	30.1089
449	30.1089
450	30.1118
451	30.1118
452	30.0993
453	30.0808
454	30.0616
455	29.9895
456	29.9583
457	29.9583
458	29.9792
459	30.1057
460	30.1016
461	30.1488
462	30.1464
463	30.1196
464	30.124
465	30.1394
466	30.1394
467	30.1166
468	30.0954
469	30.0224
470	29.991
471	29.9556
472	29.9512
473	29.9435
474	29.9476
475	29.9039
476	29.9039
477	29.8999
478	29.8999
479	29.8732
480	29.8646
481	29.8401
482	29.8288
483	29.7792
484	29.7792
485	29.7792
486	29.7698
487	29.7698
488	29.7698
489	29.7698
490	29.7698
491	29.7698
492	29.7698
493	29.7698
494	29.7698
495	29.7698
496	29.7698
497	29.7698
498	29.7698
499	29.7698
500	29.7698
501	29.7698
502	29.7698
503	29.7698
504	29.7698
505	29.7698
506	29.7698
507	29.7698
508	29.7698
509	29.7698
510	29.7698
511	29.7698
512	29.7698
513	29.7698
514	29.7698
515	29.7698
516	29.7698
517	29.7698
518	29.7698
519	29.7698
520	29.7698
521	29.7698
522	29.7698
523	29.7698
524	29.7698
525	29.7698
526	29.7698
527	29.7698
528	29.7698
529	29.7698
530	29.7698
531	29.7698
532	29.7698
533	29.7698
534	29.7698
535	29.7698
536	29.7698
537	29.7698
538	29.7698
539	29.7698
540	29.7698
541	29.7698
542	29.7698
543	29.7698
544	29.7698
545	29.7698
546	29.7698
547	29.7698
548	29.7698
549	29.7698
550	29.7698
551	29.7698
552	29.7698
553	29.7698
554	29.7698
555	29.7698
556	29.7698
557	29.7698
558	29.7698
559	29.7698
560	29.7698
561	29.7698
562	29.7698
563	29.7698
564	29.7698
565	29.7698
566	29.7698
567	29.7698
568	29.7698
569	29.7698
570	29.7698
571	29.7698
572	29.7698
573	29.7698
574	29.7698
575	29.7698
576	29.7698
577	29.7698
578	29.7698
579	29.7698
580	29.7698
581	29.7698
582	29.7698
583	29.7698
584	29.7698
585	29.7698
586	29.7698
587	29.7698
588	29.7698
589	29.7698
590	29.7698
591	29.7698
592	29.7698
593	29.7698
594	29.7698
595	29.7698
596	29.7698
597	29.7698
598	29.7698
599	29.7698
600	29.7698
601	29.7698
602	29.7698
603	29.7698
604	29.7698
605	29.7698
606	29.7698
607	29.7698
608	29.7698
609	29.7698
610	29.7698
611	29.7698
612	29.7698
613	29.7698
614	29.7698
615	29.7698
616	29.7698
617	29.7698
618	29.7698
619	29.7698
620	29.7698
621	29.7698
622	29.7698
623	29.7698
624	29.7698
625	29.7698
626	29.7698
627	29.7698
628	29.7698
629	29.7698
630	29.7698
631	29.7698
632	29.7698
633	29.7698
634	29.7698
635	29.7698
636	29.7698
637	29.7698
638	29.7698
639	29.7698
640	29.7698
641	29.7698
642	29.7698
643	29.7698
644	29.7698
645	29.7698
646	29.7698
647	29.7698
648	29.7698
649	29.7698
650	29.7698
651	29.7698
652	29.7698
653	29.7698
654	29.7698
655	29.7698
656	29.7698
657	29.7698
658	29.7698
659	29.7698
660	29.7698
661	29.7698
662	29.7698
663	29.7698
664	29.7698
665	29.7698
666	29.7698
667	29.7698
668	29.7698
669	29.7698
670	29.7698
671	29.7698
672	29.7698
673	29.7698
674	29.7698
675	29.7698
676	29.7698
677	29.7698
678	29.7698
679	29.7698
680	29.7698
681	29.7698
682	29.7698
683	29.7698
684	29.7698
685	29.7698
686	29.7698
687	29.7698
688	29.7698
689	29.7698
690	29.7698
691	29.7698
692	29.7698
693	29.7698
694	29.7698
695	29.7698
696	29.7698
697	29.7698
698	29.7698
699	29.7698
700	29.7698
701	29.7698
702	29.7698
703	29.7698
704	29.7698
705	29.7698
706	29.7698
707	29.7698
708	29.7698
709	29.7698
710	29.7698
711	29.7698
712	29.7698
713	29.7698
714	29.7698
715	29.7698
716	29.7698
717	29.7698
718	29.7698
719	29.7698
720	29.7698
721	29.7698
722	29.7698
723	29.7698
724	29.7698
725	29.7698
726	29.7698
727	29.7698
728	29.7698
729	29.7698
730	29.7698
731	29.7698
732	29.7698
733	29.7698
734	29.7698
735	29.7698
736	29.7698
737	29.7698
738	29.7698
739	29.7698
740	29.7698
741	29.7698
742	29.7698
743	29.7698
744	29.7698
745	29.7698
746	29.7698
747	29.7698
748	29.7698
749	29.7698
750	29.7698
751	29.7698
752	29.7698
753	29.7698
754	29.7698
755	30.1859
