Ne averages over 40 independent estimates.
Generation	Geometric_mean
1	26.1369
2	26.1369
3	26.1369
4	26.1369
5	33.2718
6	30.1367
7	32.6757
8	37.5882
9	60.7992
10	134.736
11	270.475
12	317.111
13	346.127
14	395.079
15	402.423
16	420.078
17	487.422
18	536.251
19	567.367
20	567.934
21	569.35
22	591.637
23	644.556
24	715.531
25	772.172
26	908.776
27	922.611
28	966.905
29	1122.65
30	1121.51
31	1219.9
32	1224.98
33	1207.47
34	1193.14
35	1176.88
36	1120.99
37	1114.98
38	1116.3
39	1120.76
40	1145.05
41	1160.78
42	1204.37
43	1219.57
44	1207.46
45	1211.34
46	1199.71
47	1203.02
48	1199.4
49	1193.51
50	1190.64
51	1184.54
52	1114.43
53	1143.68
54	1134.31
55	1150.72
56	1183.71
57	1191.06
58	1172.28
59	1141.85
60	1080.2
61	1016.66
62	1036.32
63	1007.95
64	847.21
65	829.438
66	811.297
67	763.348
68	745.967
69	740.961
70	748.77
71	679.968
72	683.526
73	657.327
74	643.268
75	642.195
76	687.314
77	644.192
78	637.573
79	671.746
80	712.648
81	676.836
82	682.077
83	735.165
84	740.19
85	742.371
86	669.911
87	680.382
88	714.302
89	725.042
90	740.507
91	765.569
92	819.238
93	893.517
94	871.612
95	842.373
96	832.274
97	823.265
98	883.998
99	967.57
100	966.686
101	990.031
102	1011
103	1015.78
104	999.9
105	925.05
106	857.185
107	818.217
108	768.072
109	772.413
110	759.999
111	746.981
112	700.798
113	681.576
114	652.269
115	639.026
116	626.335
117	612.783
118	605.779
119	578.297
120	566.184
121	549.672
122	533.003
123	526.303
124	523.449
125	513.259
126	502.368
127	490.365
128	477.629
129	467.04
130	456.737
131	449.939
132	439.898
133	433.337
134	429.93
135	423.727
136	419.641
137	417.883
138	419.578
139	414.61
140	413.11
141	414.519
142	411.655
143	410.423
144	404.555
145	394.977
146	375.867
147	384.923
148	390.16
149	388.33
150	394.681
151	397.623
152	400.009
153	398.18
154	393.294
155	385.055
156	378.808
157	384.86
158	371.438
159	345.653
160	339.789
161	336.513
162	330.172
163	317.474
164	315.419
165	305.597
166	300.098
167	293.258
168	280.696
169	251.834
170	236.147
171	227.486
172	226.427
173	200.446
174	180.633
175	168.394
176	151.098
177	142.238
178	128.443
179	110.123
180	98.6572
181	85.818
182	78.7127
183	76.2955
184	69.7895
185	63.0598
186	59.0055
187	58.3469
188	57.7916
189	55.8249
190	53.8951
191	49.9642
192	47.0783
193	42.9182
194	40.2062
195	38.8709
196	36.3722
197	34.2112
198	34.185
199	33.1411
200	31.6303
201	31.2977
202	30.9997
203	30.9708
204	30.892
205	30.3296
206	29.0557
207	27.5615
208	26.4506
209	25.6297
210	24.6858
211	24.8416
212	24.9162
213	25.1457
214	25.0408
215	24.9701
216	24.9404
217	24.796
218	24.7232
219	24.6769
220	24.4805
221	24.3306
222	24.2198
223	24.1482
224	24.0833
225	24.1605
226	24.1515
227	24.2398
228	24.2179
229	24.3871
230	24.2935
231	24.2642
232	24.2358
233	24.3615
234	24.5642
235	24.6056
236	24.7459
237	24.7722
238	24.6469
239	24.4562
240	24.3504
241	24.2481
242	24.2753
243	24.2608
244	24.2074
245	24.1433
246	24.168
247	24.1913
248	24.1716
249	24.228
250	24.2933
251	24.4437
252	24.5372
253	24.5383
254	24.578
255	24.5422
256	24.499
257	24.5088
258	24.5021
259	24.5066
260	24.5223
261	24.534
262	24.4987
263	24.4349
264	24.4057
265	24.4057
266	24.3989
267	24.4509
268	24.4518
269	24.4862
270	24.6248
271	24.7155
272	24.7671
273	24.764
274	24.8097
275	24.8013
276	24.8801
277	24.9197
278	24.9531
279	25.082
280	25.1187
281	25.1064
282	25.1483
283	25.1355
284	25.1636
285	25.1814
286	25.199
287	25.2367
288	25.202
289	24.9759
290	24.8149
291	24.6995
292	24.6995
293	24.7502
294	24.7435
295	24.7796
296	24.7776
297	24.7776
298	24.7714
299	24.7886
300	24.8035
301	24.8148
302	24.8436
303	24.8907
304	24.8944
305	24.9002
306	24.8436
307	24.7892
308	24.7626
309	24.7857
310	24.7866
311	24.7905
312	24.7905
313	24.758
314	24.7698
315	24.7662
316	24.7832
317	24.714
318	24.6016
319	24.5978
320	24.5606
321	24.5729
322	24.5729
323	24.6292
324	24.731
325	24.8447
326	24.9721
327	24.9721
328	25.0857
329	25.128
330	25.1183
331	25.1183
332	25.1213
333	25.1214
334	25.1279
335	25.1342
336	25.1419
337	25.1472
338	25.1539
339	25.1539
340	25.1535
341	25.1346
342	25.1073
343	25.0776
344	25.0639
345	25.057
346	25.0486
347	25.0454
348	25.0235
349	25.0205
350	25.0182
351	25.0182
352	25.0228
353	24.9617
354	24.9476
355	24.9182
356	24.8795
357	24.8726
358	24.8543
359	24.8597
360	24.8678
361	24.7873
362	24.8466
363	24.8643
364	24.9321
365	24.8852
366	25.0055
367	25.0137
368	25.0901
369	25.161
370	25.2291
371	25.2989
372	25.3145
373	25.3145
374	25.3145
375	25.3145
376	25.3145
377	25.3145
378	25.3182
379	25.3182
380	25.3023
381	25.2912
382	25.2912
383	25.2912
384	25.2912
385	25.2912
386	25.3079
387	25.3137
388	25.3177
389	25.3177
390	25.3131
391	25.3147
392	25.3147
393	25.3147
394	25.308
395	25.2955
396	25.2823
397	25.2662
398	25.2609
399	25.2433
400	25.216
401	25.218
402	25.218
403	25.218
404	25.218
405	25.217
406	25.217
407	25.2163
408	25.2358
409	25.2651
410	25.2963
411	25.329
412	25.333
413	25.3324
414	25.3111
415	25.2886
416	25.2756
417	25.3034
418	25.2839
419	25.2628
420	25.2628
421	25.2433
422	25.2353
423	25.2011
424	25.1874
425	25.1805
426	25.1785
427	25.1506
428	25.1434
429	25.1423
430	25.1409
431	25.134
432	25.1508
433	25.1508
434	25.1542
435	25.1473
436	25.1565
437	25.1565
438	25.1646
439	25.1605
440	25.1605
441	25.1581
442	25.1581
443	25.1235
444	25.1235
445	25.0185
446	24.9838
447	24.9838
448	24.9959
449	25.0394
450	25.0835
451	25.0835
452	25.0835
453	25.0897
454	25.155
455	25.1487
456	25.2331
457	25.2489
458	25.2117
459	25.401
460	25.3913
461	25.4113
462	25.3807
463	25.373
464	25.3809
465	25.3683
466	25.3875
467	25.4156
468	25.4388
469	25.4388
470	25.4746
471	25.4895
472	25.4619
473	25.4622
474	25.4622
475	25.4622
476	25.4431
477	25.4232
478	25.3388
479	25.3051
480	25.2805
481	25.2459
482	25.1829
483	25.1829
484	25.1829
485	25.1385
486	25.1385
487	25.1385
488	25.1385
489	25.1385
490	25.1385
491	25.1385
492	25.1385
493	25.1385
494	25.1385
495	25.1385
496	25.1385
497	25.1385
498	25.1385
499	25.1385
500	25.1385
501	25.1385
502	25.1385
503	25.1385
504	25.1385
505	25.1385
506	25.1385
507	25.1385
508	25.1385
509	25.1385
510	25.1385
511	25.1385
512	25.1385
513	25.1385
514	25.1385
515	25.1385
516	25.1385
517	25.1385
518	25.1385
519	25.1385
520	25.1385
521	25.1385
522	25.1385
523	25.1385
524	25.1385
525	25.1385
526	25.1385
527	25.1385
528	25.1385
529	25.1385
530	25.1385
531	25.1385
532	25.1385
533	25.1385
534	25.1385
535	25.1385
536	25.1385
537	25.1385
538	25.1385
539	25.1385
540	25.1385
541	25.1385
542	25.1385
543	25.1385
544	25.1385
545	25.1385
546	25.1385
547	25.1385
548	25.1385
549	25.1385
550	25.1385
551	25.1385
552	25.1385
553	25.1385
554	25.1385
555	25.1385
556	25.1385
557	25.1385
558	25.1385
559	25.1385
560	25.1385
561	25.1385
562	25.1385
563	25.1385
564	25.1385
565	25.1385
566	25.1385
567	25.1385
568	25.1385
569	25.1385
570	25.1385
571	25.1385
572	25.1385
573	25.1385
574	25.1385
575	25.1385
576	25.1385
577	25.1385
578	25.1385
579	25.1385
580	25.1385
581	25.1385
582	25.1385
583	25.1385
584	25.1385
585	25.1385
586	25.1385
587	25.1385
588	25.1385
589	25.1385
590	25.1385
591	25.1385
592	25.1385
593	25.1385
594	25.1385
595	25.1385
596	25.1385
597	25.1385
598	25.1385
599	25.1385
600	25.1385
601	25.1385
602	25.1385
603	25.1385
604	25.1385
605	25.1385
606	25.1385
607	25.1385
608	25.1385
609	25.1385
610	25.1385
611	25.1385
612	25.1385
613	25.1385
614	25.1385
615	25.1385
616	25.1385
617	25.1385
618	25.1385
619	25.1385
620	25.1385
621	25.1385
622	25.1385
623	25.1385
624	25.1385
625	25.1385
626	25.1385
627	25.1385
628	25.1385
629	25.1385
630	25.1385
631	25.1385
632	25.1385
633	25.1385
634	25.1385
635	25.1385
636	25.1385
637	25.1385
638	25.1385
639	25.1385
640	25.1385
641	25.1385
642	25.1385
643	25.1385
644	25.1385
645	25.1385
646	25.1385
647	25.1385
648	25.1385
649	25.1385
650	25.1385
651	25.1385
652	25.1385
653	25.1385
654	25.1385
655	25.1385
656	25.1385
657	25.1385
658	25.1385
659	25.1385
660	25.1385
661	25.1385
662	25.1385
663	25.1385
664	25.1385
665	25.1385
666	25.1385
667	25.1385
668	25.1385
669	25.1385
670	25.1385
671	25.1385
672	25.1385
673	25.1385
674	25.1385
675	25.1385
676	25.1385
677	25.1385
678	25.1385
679	25.1385
680	25.1385
681	25.1385
682	25.1385
683	25.1385
684	25.1385
685	25.1385
686	25.1385
687	25.1385
688	25.1385
689	25.1385
690	25.1385
691	25.1385
692	25.1385
693	25.1385
694	25.1385
695	25.1385
696	25.1385
697	25.1385
698	25.1385
699	25.1385
700	25.1385
701	25.1385
702	25.1385
703	25.1385
704	25.1385
705	25.1385
706	25.1385
707	25.1385
708	25.1385
709	25.1385
710	25.1385
711	25.1385
712	25.1385
713	25.1385
714	25.1385
715	25.1385
716	25.1385
717	25.1385
718	25.1385
719	25.1385
720	25.1385
721	25.1385
722	25.1385
723	25.1385
724	25.1385
725	25.1385
726	25.1385
727	25.1385
728	25.1385
729	25.1385
730	25.1385
731	25.1385
732	25.1385
733	25.1385
734	25.1385
735	25.1385
736	25.1385
737	25.1385
738	25.1385
739	25.1385
740	25.1385
741	25.1385
742	25.1385
743	25.1385
744	25.1385
745	25.1385
746	25.1385
747	25.1385
748	25.1385
749	25.1385
750	25.1385
751	25.1385
752	25.1385
753	25.1385
754	25.1385
755	25.3944
