Ne averages over 40 independent estimates.
Generation	Geometric_mean
1	25.4466
2	25.4466
3	25.4466
4	25.4466
5	26.0073
6	26.7417
7	34.6549
8	60.98
9	79.6667
10	145.57
11	224.96
12	280.448
13	331.01
14	330.459
15	373.734
16	472.899
17	500.095
18	508.942
19	571.706
20	612.56
21	632.58
22	664.947
23	732.427
24	844.474
25	902.88
26	942.301
27	935.032
28	908.803
29	888.041
30	878.873
31	885.309
32	896.429
33	912.181
34	944.171
35	980.555
36	1017.97
37	1046.15
38	1075.28
39	1093.94
40	1091.97
41	1104.14
42	1096.11
43	1064.85
44	1059.57
45	1069.91
46	1074.49
47	1086.75
48	1088.98
49	1100.18
50	1092.14
51	1094
52	1092.74
53	1059.79
54	1020.22
55	972.924
56	959.785
57	907.208
58	873.704
59	845.239
60	818.595
61	790.607
62	712.145
63	621.416
64	518.94
65	514.055
66	506.614
67	484.821
68	437.424
69	423.182
70	345.174
71	289.827
72	290.008
73	282.658
74	208.503
75	174.99
76	175.756
77	191.239
78	194.004
79	182.106
80	198.656
81	198.246
82	219.669
83	226.046
84	230.385
85	280.584
86	422.956
87	534.282
88	533.087
89	567.98
90	581.2
91	606.764
92	605.002
93	641.983
94	654.781
95	649.937
96	647.654
97	637.502
98	622.446
99	618.456
100	604.663
101	604.291
102	603.079
103	581.786
104	569.26
105	556.543
106	538.572
107	526.74
108	514.685
109	508.028
110	503.97
111	497.947
112	499.386
113	502.745
114	502.446
115	498.145
116	481.831
117	470.836
118	452.905
119	447.016
120	439.118
121	423.153
122	401.327
123	391.969
124	388.191
125	381.192
126	366.238
127	351.591
128	329.691
129	322.385
130	324.867
131	327.683
132	311.889
133	307.482
134	307.961
135	304.733
136	304.414
137	307.517
138	303.967
139	302.559
140	298.719
141	298.371
142	291.544
143	287.616
144	282.263
145	277.378
146	275.548
147	277.523
148	276.068
149	274.409
150	278.707
151	277.559
152	277.825
153	271.365
154	256.563
155	249.864
156	248.333
157	245.202
158	241.817
159	240.168
160	238.653
161	234.672
162	232.875
163	231.653
164	232.229
165	232.822
166	234.232
167	234.737
168	235.945
169	229.694
170	224.706
171	217.27
172	203.415
173	200.261
174	194.002
175	180.511
176	173.642
177	159.331
178	148.439
179	133.083
180	127.641
181	118.258
182	108.35
183	97.8787
184	87.7669
185	82.2751
186	76.7999
187	72.151
188	67.0239
189	66.3991
190	62.3936
191	59.5815
192	56.7689
193	55.1
194	52.7627
195	50.2067
196	46.5882
197	43.7957
198	42.8079
199	41.1134
200	40.4927
201	39.7995
202	38.8308
203	39.2881
204	39.2267
205	39.4628
206	38.1035
207	37.665
208	36.9955
209	35.9052
210	36.0549
211	36.1861
212	36.2261
213	36.5184
214	36.9638
215	36.8884
216	36.7952
217	36.402
218	36.1771
219	35.9508
220	35.6406
221	35.5502
222	35.566
223	35.737
224	35.7085
225	35.7032
226	35.6778
227	35.7925
228	35.8739
229	35.8465
230	35.8194
231	35.8398
232	35.9284
233	36.0098
234	35.6499
235	35.71
236	35.7403
237	35.7506
238	35.8273
239	35.7435
240	35.7157
241	35.8495
242	35.9229
243	36.0238
244	36.0873
245	36.1536
246	36.2017
247	36.2135
248	36.2192
249	36.2865
250	36.3216
251	36.3701
252	36.3725
253	36.3725
254	36.3478
255	36.3431
256	36.3352
257	36.3427
258	36.3454
259	36.317
260	36.3187
261	36.304
262	36.2968
263	36.3041
264	36.2934
265	36.298
266	36.3116
267	36.3489
268	36.4172
269	36.417
270	36.417
271	36.4302
272	36.4461
273	36.4461
274	36.4496
275	36.475
276	36.4337
277	36.4027
278	36.3589
279	36.3038
280	36.1551
281	36.1369
282	36.135
283	36.1177
284	36.1194
285	36.1134
286	36.1192
287	36.1164
288	36.1165
289	36.1165
290	36.1236
291	36.1235
292	36.078
293	36.0538
294	36.0407
295	36.1295
296	36.1952
297	36.2318
298	36.2266
299	36.2212
300	36.2168
301	36.2234
302	36.221
303	36.2105
304	36.218
305	36.2664
306	36.3604
307	36.3821
308	36.393
309	36.4791
310	36.4791
311	36.8735
312	37.0509
313	37.251
314	37.4522
315	37.7557
316	37.8396
317	37.9319
318	38.0333
319	38.1115
320	38.1138
321	38.1892
322	38.1897
323	38.2072
324	38.2243
325	38.2686
326	38.3052
327	38.3358
328	38.3687
329	38.4161
330	38.4639
331	38.5419
332	38.5419
333	38.5419
334	38.5718
335	38.6363
336	38.7427
337	38.8191
338	38.8126
339	38.8126
340	38.7833
341	38.762
342	38.7533
343	38.7987
344	38.8337
345	38.8337
346	38.8337
347	38.8272
348	38.828
349	38.828
350	38.8249
351	38.8249
352	38.8242
353	38.8587
354	38.9032
355	38.9022
356	38.9657
357	39.0091
358	39.1582
359	39.2584
360	39.2584
361	39.3248
362	39.3248
363	39.3248
364	39.3363
365	39.323
366	39.329
367	39.3311
368	39.3134
369	39.2792
370	39.3155
371	39.2829
372	39.1266
373	39.0601
374	38.9623
375	38.7512
376	38.6562
377	38.6671
378	38.6879
379	38.7149
380	38.7795
381	38.763
382	38.7394
383	38.7322
384	38.703
385	38.7113
386	38.7342
387	38.7624
388	38.7684
389	38.7684
390	38.773
391	38.7917
392	38.8158
393	38.9015
394	38.9861
395	38.9821
396	39.1255
397	39.1762
398	39.6887
399	39.7797
400	39.9186
401	40.1825
402	40.3523
403	40.4113
404	40.6347
405	40.6362
406	40.6441
407	40.64
408	40.6438
409	40.6224
410	40.6556
411	40.6635
412	40.6662
413	40.6306
414	40.4878
415	40.4095
416	40.4095
417	40.2631
418	40.2608
419	40.2139
420	40.2196
421	40.2158
422	40.2263
423	40.2148
424	40.2064
425	40.1884
426	40.1605
427	40.1426
428	40.1088
429	40.0727
430	40.0585
431	40.0773
432	40.2147
433	40.2992
434	40.3083
435	40.369
436	40.3575
437	40.4014
438	40.4014
439	40.408
440	40.5059
441	40.5059
442	40.5059
443	40.5059
444	40.4655
445	40.3811
446	40.1991
447	40.1171
448	40.0666
449	40.0481
450	40.0739
451	40.0717
452	40.164
453	40.1776
454	40.1667
455	39.9634
456	39.8554
457	39.7752
458	39.7107
459	39.7107
460	39.7107
461	39.7441
462	39.7437
463	39.7666
464	39.7666
465	39.8007
466	39.8236
467	39.9145
468	40.0892
469	40.0106
470	39.9638
471	39.7653
472	39.3521
473	39.2112
474	39.1062
475	39.0274
476	38.997
477	38.997
478	38.9049
479	38.824
480	38.805
481	38.7681
482	38.7681
483	38.6971
484	38.6252
485	38.6252
486	38.6252
487	38.6252
488	38.6252
489	38.6252
490	38.6252
491	38.6252
492	38.6252
493	38.6252
494	38.6252
495	38.6252
496	38.6252
497	38.6252
498	38.6252
499	38.6252
500	38.6252
501	38.6252
502	38.6252
503	38.6252
504	38.6252
505	38.6252
506	38.6252
507	38.6252
508	38.6252
509	38.6252
510	38.6252
511	38.6252
512	38.6252
513	38.6252
514	38.6252
515	38.6252
516	38.6252
517	38.6252
518	38.6252
519	38.6252
520	38.6252
521	38.6252
522	38.6252
523	38.6252
524	38.6252
525	38.6252
526	38.6252
527	38.6252
528	38.6252
529	38.6252
530	38.6252
531	38.6252
532	38.6252
533	38.6252
534	38.6252
535	38.6252
536	38.6252
537	38.6252
538	38.6252
539	38.6252
540	38.6252
541	38.6252
542	38.6252
543	38.6252
544	38.6252
545	38.6252
546	38.6252
547	38.6252
548	38.6252
549	38.6252
550	38.6252
551	38.6252
552	38.6252
553	38.6252
554	38.6252
555	38.6252
556	38.6252
557	38.6252
558	38.6252
559	38.6252
560	38.6252
561	38.6252
562	38.6252
563	38.6252
564	38.6252
565	38.6252
566	38.6252
567	38.6252
568	38.6252
569	38.6252
570	38.6252
571	38.6252
572	38.6252
573	38.6252
574	38.6252
575	38.6252
576	38.6252
577	38.6252
578	38.6252
579	38.6252
580	38.6252
581	38.6252
582	38.6252
583	38.6252
584	38.6252
585	38.6252
586	38.6252
587	38.6252
588	38.6252
589	38.6252
590	38.6252
591	38.6252
592	38.6252
593	38.6252
594	38.6252
595	38.6252
596	38.6252
597	38.6252
598	38.6252
599	38.6252
600	38.6252
601	38.6252
602	38.6252
603	38.6252
604	38.6252
605	38.6252
606	38.6252
607	38.6252
608	38.6252
609	38.6252
610	38.6252
611	38.6252
612	38.6252
613	38.6252
614	38.6252
615	38.6252
616	38.6252
617	38.6252
618	38.6252
619	38.6252
620	38.6252
621	38.6252
622	38.6252
623	38.6252
624	38.6252
625	38.6252
626	38.6252
627	38.6252
628	38.6252
629	38.6252
630	38.6252
631	38.6252
632	38.6252
633	38.6252
634	38.6252
635	38.6252
636	38.6252
637	38.6252
638	38.6252
639	38.6252
640	38.6252
641	38.6252
642	38.6252
643	38.6252
644	38.6252
645	38.6252
646	38.6252
647	38.6252
648	38.6252
649	38.6252
650	38.6252
651	38.6252
652	38.6252
653	38.6252
654	38.6252
655	38.6252
656	38.6252
657	38.6252
658	38.6252
659	38.6252
660	38.6252
661	38.6252
662	38.6252
663	38.6252
664	38.6252
665	38.6252
666	38.6252
667	38.6252
668	38.6252
669	38.6252
670	38.6252
671	38.6252
672	38.6252
673	38.6252
674	38.6252
675	38.6252
676	38.6252
677	38.6252
678	38.6252
679	38.6252
680	38.6252
681	38.6252
682	38.6252
683	38.6252
684	38.6252
685	38.6252
686	38.6252
687	38.6252
688	38.6252
689	38.6252
690	38.6252
691	38.6252
692	38.6252
693	38.6252
694	38.6252
695	38.6252
696	38.6252
697	38.6252
698	38.6252
699	38.6252
700	38.6252
701	38.6252
702	38.6252
703	38.6252
704	38.6252
705	38.6252
706	38.6252
707	38.6252
708	38.6252
709	38.6252
710	38.6252
711	38.6252
712	38.6252
713	38.6252
714	38.6252
715	38.6252
716	38.6252
717	38.6252
718	38.6252
719	38.6252
720	38.6252
721	38.6252
722	38.6252
723	38.6252
724	38.6252
725	38.6252
726	38.6252
727	38.6252
728	38.6252
729	38.6252
730	38.6252
731	38.6252
732	38.6252
733	38.6252
734	38.6252
735	38.6252
736	38.6252
737	38.6252
738	38.6252
739	38.6252
740	38.6252
741	38.6252
742	38.6252
743	38.6252
744	38.6252
745	38.6252
746	38.6252
747	38.6252
748	38.6252
749	38.6252
750	38.6252
751	38.6252
752	38.6252
753	38.6252
754	38.6252
755	38.7223
