Ne averages over 40 independent estimates.
Generation	Geometric_mean
1	22.8974
2	22.8974
3	22.8974
4	22.8974
5	32.0155
6	35.839
7	42.7053
8	48.2596
9	77.5754
10	96.2222
11	182.7
12	205.267
13	274.189
14	290.658
15	305.868
16	341.659
17	361.413
18	365.558
19	449.738
20	529.486
21	542.626
22	566.894
23	620.839
24	652.079
25	771.583
26	796.279
27	787.77
28	783.512
29	824.056
30	822.129
31	817.328
32	829.965
33	843.939
34	863.307
35	877.953
36	880.342
37	881.842
38	882.336
39	859.995
40	843.834
41	837.237
42	833.784
43	833.015
44	845.412
45	847.442
46	834.128
47	832.909
48	823.859
49	829.549
50	812.022
51	794.555
52	789.444
53	784.302
54	768.627
55	755.429
56	748.878
57	739.593
58	737.075
59	727.754
60	727.15
61	736.194
62	731.348
63	702.982
64	687.639
65	672.704
66	590.949
67	482.769
68	463.728
69	412.292
70	333.55
71	273.84
72	210.08
73	191.299
74	187.705
75	137.264
76	128.575
77	125.291
78	116.319
79	127.622
80	125.769
81	136.179
82	167.986
83	211.589
84	260.234
85	272.27
86	287.609
87	337.057
88	341.8
89	390.535
90	403.001
91	430.985
92	460.346
93	462.527
94	464.885
95	461.695
96	466.95
97	531.529
98	565.506
99	567.32
100	597.079
101	586.886
102	582.543
103	591.671
104	597.666
105	589.158
106	569.171
107	566.316
108	554.97
109	531.674
110	513.408
111	487.503
112	476.146
113	466.549
114	453.814
115	430.025
116	425.527
117	413.803
118	406.028
119	404.511
120	407.738
121	405.808
122	403.877
123	399.816
124	385.812
125	365.67
126	349.751
127	339.029
128	332.126
129	319.346
130	311.389
131	308.244
132	305.054
133	301.765
134	299.643
135	295.167
136	288.122
137	279.476
138	272.425
139	267.263
140	260.196
141	258.098
142	252.335
143	249.326
144	249.935
145	246.634
146	243.199
147	239.252
148	235.019
149	235.295
150	235.089
151	232.859
152	232.103
153	231.629
154	230.938
155	231.242
156	229.918
157	229.231
158	224.52
159	215.648
160	207.499
161	206.162
162	198.943
163	190.532
164	190.026
165	188.969
166	187.995
167	186.663
168	184.309
169	183.09
170	178.187
171	170.425
172	160.224
173	149.561
174	142.363
175	136.09
176	113.903
177	98.8879
178	90.5374
179	89.5481
180	89.6375
181	89.9726
182	89.6014
183	88.3799
184	85.0812
185	83.4407
186	80.915
187	78.3269
188	75.1325
189	68.4577
190	64.2474
191	59.4695
192	53.5161
193	49.9852
194	46.25
195	43.9576
196	42.9503
197	42.3055
198	40.8771
199	39.6418
200	39.3024
201	39.9061
202	39.8813
203	39.6446
204	39.6118
205	39.2862
206	39.3133
207	39.5012
208	39.3003
209	39.1918
210	39.0897
211	39.0881
212	39.2239
213	39.4676
214	39.4453
215	39.4963
216	38.9924
217	38.7543
218	37.9108
219	37.7733
220	37.4707
221	36.8621
222	36.4622
223	36.3148
224	36.0278
225	35.9936
226	35.7719
227	35.8472
228	35.8462
229	35.9392
230	36.1127
231	36.3982
232	36.5261
233	36.4742
234	36.6421
235	36.732
236	37.1875
237	37.3465
238	37.3945
239	37.4782
240	37.6289
241	37.4523
242	37.4144
243	37.2948
244	37.3069
245	37.5182
246	37.747
247	37.8743
248	38.0543
249	38.1347
250	38.0721
251	38.1189
252	38.1259
253	38.303
254	38.3625
255	38.4262
256	38.4523
257	38.4864
258	38.5313
259	38.5072
260	38.3587
261	38.199
262	38.1478
263	37.8985
264	37.6961
265	37.4525
266	37.2806
267	37.2162
268	37.1197
269	37.1022
270	37.0922
271	37.0562
272	36.7687
273	36.7952
274	36.6381
275	36.6563
276	36.845
277	36.9936
278	37.1969
279	37.2057
280	37.2997
281	37.3937
282	37.3914
283	37.5575
284	37.4909
285	37.4923
286	37.4414
287	37.462
288	37.6084
289	37.6317
290	37.8154
291	37.9121
292	38.191
293	38.2048
294	38.2048
295	38.2043
296	38.5039
297	38.5039
298	38.5168
299	38.5312
300	38.5025
301	38.5205
302	38.5306
303	38.5301
304	38.5454
305	38.5641
306	38.5412
307	38.5175
308	38.4597
309	38.4319
310	38.4112
311	38.4215
312	38.4336
313	38.4527
314	38.4749
315	38.5054
316	38.5131
317	38.4606
318	38.4565
319	38.3744
320	38.357
321	38.3267
322	38.265
323	38.1785
324	38.0896
325	37.8676
326	37.5963
327	37.448
328	37.2187
329	37.095
330	37.0913
331	37.0496
332	37.0738
333	37.0477
334	37.1089
335	37.0843
336	37.1657
337	37.2569
338	37.2175
339	37.2514
340	37.2755
341	37.3175
342	37.3173
343	37.3173
344	37.3287
345	37.296
346	37.2332
347	37.1974
348	37.2089
349	37.2089
350	37.2263
351	37.2754
352	37.3269
353	37.3116
354	37.3564
355	37.3462
356	37.3402
357	37.323
358	37.2851
359	37.2027
360	37.1026
361	36.9937
362	36.9898
363	36.9898
364	36.9898
365	36.9898
366	36.9869
367	36.9597
368	36.9597
369	36.9443
370	36.9395
371	36.9437
372	37.0712
373	37.1194
374	37.2785
375	37.3769
376	37.4871
377	37.5847
378	37.6102
379	37.7139
380	37.7074
381	37.8527
382	37.9128
383	37.9668
384	37.9668
385	38.1261
386	38.2352
387	38.4312
388	38.4747
389	38.6012
390	38.7445
391	38.84
392	38.8917
393	38.8969
394	38.9332
395	38.9495
396	38.9517
397	38.9892
398	38.9949
399	39.013
400	39.013
401	39.013
402	39.0219
403	39.0219
404	39.0216
405	39.0108
406	39.0131
407	39.0278
408	39.0278
409	39.0491
410	39.0546
411	39.0783
412	39.1287
413	39.1604
414	39.2723
415	39.2723
416	39.4161
417	39.6182
418	39.7192
419	39.8231
420	39.9231
421	39.9226
422	39.9304
423	39.9304
424	39.9494
425	39.9494
426	39.9617
427	39.9669
428	39.982
429	39.982
430	39.963
431	39.963
432	39.9488
433	39.9184
434	39.8824
435	39.8246
436	39.7679
437	39.7272
438	39.6842
439	39.681
440	39.6903
441	39.6695
442	39.7963
443	39.765
444	39.7899
445	39.7914
446	39.7697
447	39.763
448	39.8013
449	39.8533
450	39.9252
451	39.9403
452	39.9403
453	39.9403
454	39.9205
455	39.8994
456	39.8833
457	39.9121
458	40.012
459	40.0414
460	40.1065
461	40.1065
462	40.1065
463	40.1065
464	40.1761
465	40.4021
466	40.5407
467	40.6116
468	40.6116
469	40.6687
470	40.6687
471	40.6687
472	40.6687
473	40.6687
474	40.6687
475	40.665
476	40.6465
477	40.6412
478	40.6133
479	40.6161
480	40.6161
481	40.6129
482	40.6129
483	40.6129
484	40.6129
485	40.6129
486	40.6129
487	40.6129
488	40.6129
489	40.6129
490	40.6129
491	40.6129
492	40.6129
493	40.6129
494	40.6129
495	40.6129
496	40.6129
497	40.6129
498	40.6129
499	40.6129
500	40.6129
501	40.6129
502	40.6129
503	40.6129
504	40.6129
505	40.6129
506	40.6129
507	40.6129
508	40.6129
509	40.6129
510	40.6129
511	40.6129
512	40.6129
513	40.6129
514	40.6129
515	40.6129
516	40.6129
517	40.6129
518	40.6129
519	40.6129
520	40.6129
521	40.6129
522	40.6129
523	40.6129
524	40.6129
525	40.6129
526	40.6129
527	40.6129
528	40.6129
529	40.6129
530	40.6129
531	40.6129
532	40.6129
533	40.6129
534	40.6129
535	40.6129
536	40.6129
537	40.6129
538	40.6129
539	40.6129
540	40.6129
541	40.6129
542	40.6129
543	40.6129
544	40.6129
545	40.6129
546	40.6129
547	40.6129
548	40.6129
549	40.6129
550	40.6129
551	40.6129
552	40.6129
553	40.6129
554	40.6129
555	40.6129
556	40.6129
557	40.6129
558	40.6129
559	40.6129
560	40.6129
561	40.6129
562	40.6129
563	40.6129
564	40.6129
565	40.6129
566	40.6129
567	40.6129
568	40.6129
569	40.6129
570	40.6129
571	40.6129
572	40.6129
573	40.6129
574	40.6129
575	40.6129
576	40.6129
577	40.6129
578	40.6129
579	40.6129
580	40.6129
581	40.6129
582	40.6129
583	40.6129
584	40.6129
585	40.6129
586	40.6129
587	40.6129
588	40.6129
589	40.6129
590	40.6129
591	40.6129
592	40.6129
593	40.6129
594	40.6129
595	40.6129
596	40.6129
597	40.6129
598	40.6129
599	40.6129
600	40.6129
601	40.6129
602	40.6129
603	40.6129
604	40.6129
605	40.6129
606	40.6129
607	40.6129
608	40.6129
609	40.6129
610	40.6129
611	40.6129
612	40.6129
613	40.6129
614	40.6129
615	40.6129
616	40.6129
617	40.6129
618	40.6129
619	40.6129
620	40.6129
621	40.6129
622	40.6129
623	40.6129
624	40.6129
625	40.6129
626	40.6129
627	40.6129
628	40.6129
629	40.6129
630	40.6129
631	40.6129
632	40.6129
633	40.6129
634	40.6129
635	40.6129
636	40.6129
637	40.6129
638	40.6129
639	40.6129
640	40.6129
641	40.6129
642	40.6129
643	40.6129
644	40.6129
645	40.6129
646	40.6129
647	40.6129
648	40.6129
649	40.6129
650	40.6129
651	40.6129
652	40.6129
653	40.6129
654	40.6129
655	40.6129
656	40.6129
657	40.6129
658	40.6129
659	40.6129
660	40.6129
661	40.6129
662	40.6129
663	40.6129
664	40.6129
665	40.6129
666	40.6129
667	40.6129
668	40.6129
669	40.6129
670	40.6129
671	40.6129
672	40.6129
673	40.6129
674	40.6129
675	40.6129
676	40.6129
677	40.6129
678	40.6129
679	40.6129
680	40.6129
681	40.6129
682	40.6129
683	40.6129
684	40.6129
685	40.6129
686	40.6129
687	40.6129
688	40.6129
689	40.6129
690	40.6129
691	40.6129
692	40.6129
693	40.6129
694	40.6129
695	40.6129
696	40.6129
697	40.6129
698	40.6129
699	40.6129
700	40.6129
701	40.6129
702	40.6129
703	40.6129
704	40.6129
705	40.6129
706	40.6129
707	40.6129
708	40.6129
709	40.6129
710	40.6129
711	40.6129
712	40.6129
713	40.6129
714	40.6129
715	40.6129
716	40.6129
717	40.6129
718	40.6129
719	40.6129
720	40.6129
721	40.6129
722	40.6129
723	40.6129
724	40.6129
725	40.6129
726	40.6129
727	40.6129
728	40.6129
729	40.6129
730	40.6129
731	40.6129
732	40.6129
733	40.6129
734	40.6129
735	40.6129
736	40.6129
737	40.6129
738	40.6129
739	40.6129
740	40.6129
741	40.6129
742	40.6129
743	40.6129
744	40.6129
745	40.6129
746	40.6129
747	40.6129
748	40.6129
749	40.6129
750	40.6129
751	40.6129
752	40.6129
753	40.6129
754	40.6129
755	40.7792
