Ne averages over 40 independent estimates.
Generation	Geometric_mean
1	25.5293
2	25.5293
3	25.5293
4	25.5293
5	32.172
6	30.9279
7	34.6195
8	38.0619
9	42.4259
10	62.5302
11	96.9621
12	167.702
13	206.122
14	245.283
15	289.559
16	288.77
17	396.693
18	434.188
19	440.844
20	649.544
21	678.695
22	747.047
23	940.702
24	1003.03
25	1107.19
26	1136.36
27	1260.79
28	1313.19
29	1385.33
30	1437.1
31	1472.74
32	1473.78
33	1490.19
34	1495.18
35	1522.27
36	1515.48
37	1526.26
38	1532.53
39	1550.4
40	1532.18
41	1524.98
42	1478.44
43	1453.55
44	1464.44
45	1471.7
46	1502.72
47	1537.32
48	1575.37
49	1601.12
50	1601.37
51	1622.85
52	1614.32
53	1594.07
54	1567.42
55	1532.72
56	1504.86
57	1486.47
58	1353.49
59	1320.46
60	1305.52
61	1303.71
62	1301.19
63	1326.69
64	1345.61
65	1330.37
66	1429.03
67	1316.63
68	1241.18
69	1107.85
70	961.44
71	938.133
72	888.086
73	818.551
74	788.384
75	740.111
76	660.278
77	605.387
78	594.351
79	535.854
80	535.662
81	572.709
82	556.822
83	550.878
84	537.609
85	568.895
86	657.465
87	661.27
88	695.479
89	748.301
90	778.972
91	783.827
92	821.654
93	866.028
94	953.775
95	945.189
96	865.927
97	864.138
98	863.442
99	900.899
100	876.253
101	840.257
102	867.824
103	865.985
104	877.731
105	884.542
106	860.571
107	855.416
108	842.178
109	838.6
110	816.355
111	798.56
112	776.96
113	775.379
114	769.422
115	780.97
116	791.302
117	775.818
118	764.369
119	726.331
120	703.098
121	684.203
122	639.782
123	610.432
124	579.233
125	573.012
126	544.154
127	512.158
128	505.049
129	481.483
130	461.816
131	439.046
132	411.602
133	399.18
134	394.825
135	390.105
136	376.091
137	380.371
138	371.009
139	368.896
140	371.72
141	376.283
142	378.809
143	376.1
144	372.607
145	370.185
146	363.215
147	355.182
148	343.775
149	330.485
150	324.695
151	322.744
152	318.01
153	316.944
154	316.814
155	316.741
156	320.917
157	323.311
158	325.487
159	328.886
160	329.437
161	329.519
162	322.618
163	317.649
164	312.713
165	309.776
166	303.367
167	299.775
168	291.323
169	259.669
170	234.937
171	201.655
172	168.033
173	154.527
174	143.008
175	127.032
176	115.313
177	112.648
178	111.409
179	104.846
180	95.7827
181	89.4967
182	75.1701
183	65.4623
184	61.4289
185	59.8548
186	55.9814
187	50.3571
188	48.0685
189	46.0596
190	43.264
191	40.5308
192	39.262
193	37.9048
194	35.7288
195	34.8044
196	34.2401
197	33.9574
198	32.6848
199	31.7798
200	31.0813
201	30.5494
202	29.7251
203	28.1322
204	26.7655
205	25.757
206	24.5006
207	24.3568
208	24.2893
209	24.0914
210	23.8569
211	24.0443
212	24.0274
213	24.4323
214	24.6848
215	24.7962
216	24.6674
217	24.5534
218	24.561
219	24.6142
220	24.6392
221	24.6483
222	24.4863
223	24.6063
224	24.5575
225	24.4497
226	24.4099
227	24.2002
228	24.1412
229	24.0649
230	23.9961
231	24.0555
232	24.1314
233	24.2025
234	24.2373
235	24.2199
236	24.2092
237	24.1948
238	24.0739
239	24.0566
240	23.9991
241	23.9169
242	23.8976
243	23.9147
244	23.9535
245	24.0081
246	23.994
247	23.9952
248	23.9448
249	23.943
250	23.9429
251	23.9439
252	24.0011
253	24.109
254	24.1742
255	24.4535
256	24.5111
257	24.5076
258	24.5076
259	24.4959
260	24.4619
261	24.462
262	24.4346
263	24.4124
264	24.4127
265	24.4003
266	24.4105
267	24.3962
268	24.394
269	24.3973
270	24.4076
271	24.4235
272	24.4311
273	24.4374
274	24.4025
275	24.4481
276	24.4569
277	24.4719
278	24.4988
279	24.4898
280	24.5038
281	24.4875
282	24.4617
283	24.4533
284	24.4443
285	24.4386
286	24.4548
287	24.4984
288	24.5218
289	24.5415
290	24.5142
291	24.5139
292	24.5049
293	24.4742
294	24.5158
295	24.5581
296	24.5431
297	24.6331
298	24.6331
299	24.6187
300	24.6187
301	24.6198
302	24.6379
303	24.6358
304	24.6358
305	24.6358
306	24.6178
307	24.4731
308	24.4409
309	24.3398
310	24.1387
311	24.0764
312	23.8327
313	23.828
314	23.8716
315	23.9086
316	23.9244
317	24.0318
318	24.1069
319	24.1069
320	24.1772
321	24.2004
322	24.2191
323	24.273
324	24.2599
325	24.2746
326	24.2621
327	24.2492
328	24.2395
329	24.2123
330	24.1759
331	24.1391
332	24.1037
333	24.0842
334	24.0995
335	24.0995
336	24.1135
337	24.1135
338	24.1135
339	24.1291
340	24.1291
341	24.1291
342	24.1217
343	24.1199
344	24.1149
345	24.1149
346	24.1149
347	24.1149
348	24.1149
349	24.1149
350	24.1048
351	24.1048
352	24.1004
353	24.0922
354	24.0841
355	24.0837
356	24.0798
357	24.0795
358	24.0736
359	24.0736
360	24.0674
361	24.0837
362	24.1586
363	24.2751
364	24.2752
365	24.2779
366	24.3712
367	24.4082
368	24.4502
369	24.4532
370	24.509
371	24.5132
372	24.511
373	24.511
374	24.511
375	24.5061
376	24.5061
377	24.5061
378	24.4992
379	24.4992
380	24.4723
381	24.4723
382	24.4628
383	24.4552
384	24.4515
385	24.4357
386	24.4289
387	24.4305
388	24.4592
389	24.479
390	24.4928
391	24.5437
392	24.5793
393	24.6232
394	24.6735
395	24.699
396	24.7252
397	24.7252
398	24.7592
399	24.8616
400	24.8887
401	24.9433
402	24.9433
403	24.9433
404	24.9433
405	24.9433
406	24.8923
407	24.8923
408	24.8395
409	24.7827
410	24.6773
411	24.587
412	24.5422
413	24.4902
414	24.4902
415	24.4486
416	24.4486
417	24.4524
418	24.4524
419	24.4524
420	24.4524
421	24.4518
422	24.4518
423	24.4558
424	24.4561
425	24.4561
426	24.4678
427	24.4678
428	24.4678
429	24.4678
430	24.4683
431	24.4683
432	24.4683
433	24.4683
434	24.4683
435	24.4683
436	24.4683
437	24.4683
438	24.4683
439	24.4751
440	24.4751
441	24.4751
442	24.4751
443	24.5181
444	24.5181
445	24.5181
446	24.5387
447	24.5558
448	24.5558
449	24.5558
450	24.5558
451	24.5558
452	24.5441
453	24.5441
454	24.5441
455	24.5441
456	24.5519
457	24.5519
458	24.5519
459	24.5519
460	24.5519
461	24.5519
462	24.5519
463	24.5406
464	24.5645
465	24.5645
466	24.5645
467	24.5741
468	24.6093
469	24.6585
470	24.6367
471	24.6509
472	24.6748
473	24.6656
474	24.6656
475	24.671
476	24.6869
477	24.7105
478	24.7255
479	24.735
480	24.7298
481	24.7382
482	24.7537
483	24.7537
484	24.754
485	24.7549
486	24.7549
487	24.7549
488	24.7549
489	24.7549
490	24.7549
491	24.7549
492	24.7549
493	24.7549
494	24.7549
495	24.7549
496	24.7549
497	24.7549
498	24.7549
499	24.7549
500	24.7549
501	24.7549
502	24.7549
503	24.7549
504	24.7549
505	24.7549
506	24.7549
507	24.7549
508	24.7549
509	24.7549
510	24.7549
511	24.7549
512	24.7549
513	24.7549
514	24.7549
515	24.7549
516	24.7549
517	24.7549
518	24.7549
519	24.7549
520	24.7549
521	24.7549
522	24.7549
523	24.7549
524	24.7549
525	24.7549
526	24.7549
527	24.7549
528	24.7549
529	24.7549
530	24.7549
531	24.7549
532	24.7549
533	24.7549
534	24.7549
535	24.7549
536	24.7549
537	24.7549
538	24.7549
539	24.7549
540	24.7549
541	24.7549
542	24.7549
543	24.7549
544	24.7549
545	24.7549
546	24.7549
547	24.7549
548	24.7549
549	24.7549
550	24.7549
551	24.7549
552	24.7549
553	24.7549
554	24.7549
555	24.7549
556	24.7549
557	24.7549
558	24.7549
559	24.7549
560	24.7549
561	24.7549
562	24.7549
563	24.7549
564	24.7549
565	24.7549
566	24.7549
567	24.7549
568	24.7549
569	24.7549
570	24.7549
571	24.7549
572	24.7549
573	24.7549
574	24.7549
575	24.7549
576	24.7549
577	24.7549
578	24.7549
579	24.7549
580	24.7549
581	24.7549
582	24.7549
583	24.7549
584	24.7549
585	24.7549
586	24.7549
587	24.7549
588	24.7549
589	24.7549
590	24.7549
591	24.7549
592	24.7549
593	24.7549
594	24.7549
595	24.7549
596	24.7549
597	24.7549
598	24.7549
599	24.7549
600	24.7549
601	24.7549
602	24.7549
603	24.7549
604	24.7549
605	24.7549
606	24.7549
607	24.7549
608	24.7549
609	24.7549
610	24.7549
611	24.7549
612	24.7549
613	24.7549
614	24.7549
615	24.7549
616	24.7549
617	24.7549
618	24.7549
619	24.7549
620	24.7549
621	24.7549
622	24.7549
623	24.7549
624	24.7549
625	24.7549
626	24.7549
627	24.7549
628	24.7549
629	24.7549
630	24.7549
631	24.7549
632	24.7549
633	24.7549
634	24.7549
635	24.7549
636	24.7549
637	24.7549
638	24.7549
639	24.7549
640	24.7549
641	24.7549
642	24.7549
643	24.7549
644	24.7549
645	24.7549
646	24.7549
647	24.7549
648	24.7549
649	24.7549
650	24.7549
651	24.7549
652	24.7549
653	24.7549
654	24.7549
655	24.7549
656	24.7549
657	24.7549
658	24.7549
659	24.7549
660	24.7549
661	24.7549
662	24.7549
663	24.7549
664	24.7549
665	24.7549
666	24.7549
667	24.7549
668	24.7549
669	24.7549
670	24.7549
671	24.7549
672	24.7549
673	24.7549
674	24.7549
675	24.7549
676	24.7549
677	24.7549
678	24.7549
679	24.7549
680	24.7549
681	24.7549
682	24.7549
683	24.7549
684	24.7549
685	24.7549
686	24.7549
687	24.7549
688	24.7549
689	24.7549
690	24.7549
691	24.7549
692	24.7549
693	24.7549
694	24.7549
695	24.7549
696	24.7549
697	24.7549
698	24.7549
699	24.7549
700	24.7549
701	24.7549
702	24.7549
703	24.7549
704	24.7549
705	24.7549
706	24.7549
707	24.7549
708	24.7549
709	24.7549
710	24.7549
711	24.7549
712	24.7549
713	24.7549
714	24.7549
715	24.7549
716	24.7549
717	24.7549
718	24.7549
719	24.7549
720	24.7549
721	24.7549
722	24.7549
723	24.7549
724	24.7549
725	24.7549
726	24.7549
727	24.7549
728	24.7549
729	24.7549
730	24.7549
731	24.7549
732	24.7549
733	24.7549
734	24.7549
735	24.7549
736	24.7549
737	24.7549
738	24.7549
739	24.7549
740	24.7549
741	24.7549
742	24.7549
743	24.7549
744	24.7549
745	24.7549
746	24.7549
747	24.7549
748	24.7549
749	24.7549
750	24.7549
751	24.7549
752	24.7549
753	24.7549
754	24.7549
755	25.2215
