Ne averages over 40 independent estimates.
Generation	Geometric_mean
1	27.1249
2	27.1249
3	27.1249
4	27.1249
5	27.0466
6	28.7675
7	32.7703
8	40.9234
9	72.9354
10	119.841
11	190.416
12	314.547
13	345.942
14	346.649
15	388.681
16	448.527
17	491.98
18	479.499
19	555.808
20	646.26
21	660.197
22	671.084
23	727.437
24	784.556
25	840.095
26	857.248
27	901.414
28	976.564
29	1028.98
30	1037.72
31	1052.81
32	1049.7
33	1051.81
34	1051.64
35	1058.66
36	1068.69
37	1068.84
38	1094.27
39	1084.64
40	1068.52
41	1073.21
42	1075.11
43	1073.74
44	1087.76
45	1080.39
46	1076.88
47	1089.35
48	1116.11
49	1103.26
50	1094.86
51	1095.53
52	1089.26
53	1084.11
54	1074.39
55	1070.48
56	1079.52
57	1069.61
58	1039.21
59	1028.75
60	993.154
61	974.003
62	891.869
63	878.227
64	804.788
65	804.091
66	788.848
67	662.234
68	628.909
69	593.123
70	552.896
71	529.68
72	525.539
73	468.884
74	497.564
75	430.897
76	439.09
77	440.514
78	434.213
79	343.996
80	310.522
81	352.796
82	373.096
83	379.166
84	370.894
85	376.281
86	372.463
87	399.574
88	436.279
89	509.626
90	540.716
91	637.182
92	640.724
93	650.936
94	650.515
95	659.864
96	719.485
97	733.598
98	755.726
99	725.803
100	732.541
101	725.377
102	730.891
103	712.936
104	696.518
105	678.408
106	672.426
107	661.702
108	656.294
109	643.148
110	631.381
111	597.511
112	577.083
113	553.889
114	538.931
115	546.043
116	555.958
117	552.847
118	535.484
119	519.744
120	502.231
121	495.806
122	492.73
123	461.544
124	456.079
125	431.738
126	419.169
127	411.446
128	408.903
129	408.266
130	403.212
131	405.028
132	397.885
133	390.086
134	381.49
135	369.359
136	364.81
137	359.225
138	358.582
139	354.82
140	351.396
141	352.492
142	354.948
143	356.488
144	360.326
145	360.851
146	354.398
147	348.71
148	334.617
149	325.588
150	320.371
151	315.379
152	310.118
153	303.665
154	301.41
155	298.762
156	299.712
157	302.114
158	299.808
159	296.122
160	288.931
161	283.265
162	284.954
163	279.822
164	276.183
165	268.75
166	262.818
167	253.287
168	244.692
169	228.754
170	206.457
171	182.374
172	161.66
173	150.656
174	141.05
175	137.092
176	133.995
177	132.872
178	130.107
179	120.728
180	115.938
181	106.659
182	96.1158
183	83.3827
184	77.9452
185	73.4635
186	70.4545
187	68.9666
188	64.3987
189	60.9055
190	57.571
191	54.9946
192	52.1762
193	46.2265
194	44.6063
195	42.5452
196	41.0575
197	40.6937
198	39.6833
199	38.005
200	37.6485
201	37.0213
202	36.4517
203	34.5441
204	33.7698
205	33.5468
206	33.2675
207	32.5103
208	32.3809
209	32.3878
210	32.2097
211	32.1334
212	31.97
213	32.0622
214	32.1138
215	32.2261
216	32.0235
217	31.9793
218	30.6881
219	30.086
220	29.529
221	29.5425
222	29.2199
223	28.6549
224	28.5775
225	28.4836
226	28.351
227	28.3744
228	28.4754
229	28.8345
230	28.815
231	28.7381
232	28.5459
233	28.2577
234	28.2265
235	28.081
236	28.1426
237	27.9972
238	27.931
239	27.9573
240	28.0944
241	28.2003
242	28.3012
243	28.4136
244	28.4872
245	28.6214
246	28.618
247	28.812
248	28.8423
249	28.9511
250	29.0941
251	29.169
252	29.331
253	29.3631
254	29.4158
255	29.4799
256	29.4866
257	29.5174
258	29.5705
259	29.5366
260	29.4653
261	29.4166
262	29.3718
263	29.3009
264	29.1374
265	29.0592
266	28.9598
267	28.9531
268	28.8899
269	28.8898
270	28.9441
271	28.9287
272	28.8703
273	28.8906
274	28.8664
275	28.9229
276	29.092
277	29.1566
278	29.2146
279	29.2192
280	29.2273
281	29.2273
282	29.2222
283	29.2227
284	29.2227
285	29.2165
286	29.1139
287	29.048
288	28.9985
289	28.978
290	28.9714
291	28.8574
292	28.8541
293	28.7497
294	28.6919
295	28.5805
296	28.5235
297	28.4517
298	28.4517
299	28.4517
300	28.3944
301	28.3944
302	28.4045
303	28.4053
304	28.408
305	28.4131
306	28.4068
307	28.4068
308	28.4023
309	28.5048
310	28.5533
311	28.816
312	28.9831
313	29.302
314	29.582
315	29.6555
316	29.7043
317	29.7056
318	29.7197
319	29.7325
320	29.728
321	29.82
322	29.9006
323	30.1029
324	30.2116
325	30.3301
326	30.4065
327	30.4193
328	30.4193
329	30.4193
330	30.4867
331	30.4867
332	30.4867
333	30.4867
334	30.4867
335	30.4867
336	30.4903
337	30.5607
338	30.5551
339	30.5551
340	30.7597
341	30.8274
342	30.8274
343	30.9056
344	30.9039
345	30.8963
346	30.8951
347	30.8951
348	30.8951
349	30.872
350	30.8443
351	30.8443
352	30.8443
353	30.8195
354	30.8386
355	30.8074
356	30.7873
357	30.7804
358	30.7804
359	30.7876
360	30.7876
361	30.7876
362	30.7876
363	30.7876
364	30.8661
365	30.9405
366	30.9555
367	30.9555
368	30.9738
369	30.9711
370	30.8978
371	30.8783
372	30.8894
373	30.7702
374	30.6993
375	30.6132
376	30.3985
377	30.3386
378	30.3386
379	30.3386
380	30.3386
381	30.4455
382	30.4606
383	30.5795
384	30.5653
385	30.6082
386	30.6636
387	30.6073
388	30.5772
389	30.5744
390	30.5744
391	30.5821
392	30.5891
393	30.5974
394	30.6028
395	30.616
396	30.6373
397	30.6574
398	30.7052
399	30.726
400	30.726
401	30.726
402	30.726
403	30.726
404	30.7246
405	30.7246
406	30.7223
407	30.7223
408	30.7205
409	30.7205
410	30.7205
411	30.7205
412	30.7187
413	30.7135
414	30.7187
415	30.6333
416	30.6096
417	30.4873
418	30.4182
419	30.3511
420	30.2978
421	30.1208
422	30.0027
423	29.8632
424	29.8288
425	29.7429
426	29.69
427	29.7442
428	29.7486
429	29.7486
430	29.7523
431	29.6019
432	29.591
433	29.488
434	29.4744
435	29.479
436	29.479
437	29.479
438	29.4378
439	29.3941
440	29.2908
441	29.211
442	29.211
443	29.211
444	29.2791
445	29.2461
446	29.3165
447	29.3148
448	29.2734
449	29.2815
450	29.2198
451	29.1811
452	29.1816
453	29.2079
454	29.6032
455	29.5976
456	29.6242
457	29.658
458	29.6704
459	29.6915
460	29.7205
461	29.7205
462	29.7586
463	29.8771
464	30.0395
465	30.1082
466	30.16
467	30.16
468	30.1563
469	30.0613
470	30.1072
471	30.1063
472	30.1063
473	30.1037
474	30.0933
475	30.084
476	30.0114
477	29.912
478	29.912
479	29.912
480	29.925
481	29.9549
482	29.9549
483	29.9549
484	29.9549
485	29.9549
486	29.9549
487	29.9549
488	29.9549
489	29.9549
490	29.9549
491	29.9549
492	29.9549
493	29.9549
494	29.9549
495	29.9549
496	29.9549
497	29.9549
498	29.9549
499	29.9549
500	29.9549
501	29.9549
502	29.9549
503	29.9549
504	29.9549
505	29.9549
506	29.9549
507	29.9549
508	29.9549
509	29.9549
510	29.9549
511	29.9549
512	29.9549
513	29.9549
514	29.9549
515	29.9549
516	29.9549
517	29.9549
518	29.9549
519	29.9549
520	29.9549
521	29.9549
522	29.9549
523	29.9549
524	29.9549
525	29.9549
526	29.9549
527	29.9549
528	29.9549
529	29.9549
530	29.9549
531	29.9549
532	29.9549
533	29.9549
534	29.9549
535	29.9549
536	29.9549
537	29.9549
538	29.9549
539	29.9549
540	29.9549
541	29.9549
542	29.9549
543	29.9549
544	29.9549
545	29.9549
546	29.9549
547	29.9549
548	29.9549
549	29.9549
550	29.9549
551	29.9549
552	29.9549
553	29.9549
554	29.9549
555	29.9549
556	29.9549
557	29.9549
558	29.9549
559	29.9549
560	29.9549
561	29.9549
562	29.9549
563	29.9549
564	29.9549
565	29.9549
566	29.9549
567	29.9549
568	29.9549
569	29.9549
570	29.9549
571	29.9549
572	29.9549
573	29.9549
574	29.9549
575	29.9549
576	29.9549
577	29.9549
578	29.9549
579	29.9549
580	29.9549
581	29.9549
582	29.9549
583	29.9549
584	29.9549
585	29.9549
586	29.9549
587	29.9549
588	29.9549
589	29.9549
590	29.9549
591	29.9549
592	29.9549
593	29.9549
594	29.9549
595	29.9549
596	29.9549
597	29.9549
598	29.9549
599	29.9549
600	29.9549
601	29.9549
602	29.9549
603	29.9549
604	29.9549
605	29.9549
606	29.9549
607	29.9549
608	29.9549
609	29.9549
610	29.9549
611	29.9549
612	29.9549
613	29.9549
614	29.9549
615	29.9549
616	29.9549
617	29.9549
618	29.9549
619	29.9549
620	29.9549
621	29.9549
622	29.9549
623	29.9549
624	29.9549
625	29.9549
626	29.9549
627	29.9549
628	29.9549
629	29.9549
630	29.9549
631	29.9549
632	29.9549
633	29.9549
634	29.9549
635	29.9549
636	29.9549
637	29.9549
638	29.9549
639	29.9549
640	29.9549
641	29.9549
642	29.9549
643	29.9549
644	29.9549
645	29.9549
646	29.9549
647	29.9549
648	29.9549
649	29.9549
650	29.9549
651	29.9549
652	29.9549
653	29.9549
654	29.9549
655	29.9549
656	29.9549
657	29.9549
658	29.9549
659	29.9549
660	29.9549
661	29.9549
662	29.9549
663	29.9549
664	29.9549
665	29.9549
666	29.9549
667	29.9549
668	29.9549
669	29.9549
670	29.9549
671	29.9549
672	29.9549
673	29.9549
674	29.9549
675	29.9549
676	29.9549
677	29.9549
678	29.9549
679	29.9549
680	29.9549
681	29.9549
682	29.9549
683	29.9549
684	29.9549
685	29.9549
686	29.9549
687	29.9549
688	29.9549
689	29.9549
690	29.9549
691	29.9549
692	29.9549
693	29.9549
694	29.9549
695	29.9549
696	29.9549
697	29.9549
698	29.9549
699	29.9549
700	29.9549
701	29.9549
702	29.9549
703	29.9549
704	29.9549
705	29.9549
706	29.9549
707	29.9549
708	29.9549
709	29.9549
710	29.9549
711	29.9549
712	29.9549
713	29.9549
714	29.9549
715	29.9549
716	29.9549
717	29.9549
718	29.9549
719	29.9549
720	29.9549
721	29.9549
722	29.9549
723	29.9549
724	29.9549
725	29.9549
726	29.9549
727	29.9549
728	29.9549
729	29.9549
730	29.9549
731	29.9549
732	29.9549
733	29.9549
734	29.9549
735	29.9549
736	29.9549
737	29.9549
738	29.9549
739	29.9549
740	29.9549
741	29.9549
742	29.9549
743	29.9549
744	29.9549
745	29.9549
746	29.9549
747	29.9549
748	29.9549
749	29.9549
750	29.9549
751	29.9549
752	29.9549
753	29.9549
754	29.9549
755	29.6625
