Ne averages over 40 independent estimates.
Generation	Geometric_mean
1	27.8682
2	27.8682
3	27.8682
4	27.8682
5	27.3918
6	26.6672
7	29.2884
8	34.7077
9	65.5271
10	114.707
11	230.585
12	276.208
13	373.82
14	373.274
15	441.537
16	505.105
17	591.699
18	605.302
19	617.623
20	664.334
21	681.744
22	742.313
23	811.349
24	812.762
25	827.376
26	831.334
27	930.453
28	981.352
29	1006.05
30	1010
31	992.194
32	1008.62
33	1069.88
34	1130.01
35	1139.46
36	1176.09
37	1207.29
38	1231.86
39	1253.31
40	1264.68
41	1228.39
42	1218.03
43	1205.45
44	1192.49
45	1170.8
46	1166.64
47	1146.22
48	1138.07
49	1126.76
50	1111.46
51	1088.28
52	1081.36
53	1098.65
54	1102.81
55	1064.55
56	1004.6
57	975.441
58	960.247
59	955.876
60	950.445
61	877.288
62	861.741
63	754.477
64	741.784
65	730.214
66	669.709
67	682.03
68	682.233
69	599.227
70	565.402
71	493.631
72	475.631
73	470.68
74	487.549
75	465.599
76	414.457
77	387.98
78	367.082
79	372.85
80	373.18
81	405.744
82	407.484
83	405.612
84	436.193
85	434.565
86	480.455
87	503.138
88	563.207
89	608.476
90	754.048
91	796.894
92	828.864
93	836.661
94	897.969
95	891.317
96	882.345
97	889.534
98	878.092
99	870.745
100	868.356
101	863.932
102	864.669
103	856.123
104	851.458
105	855.017
106	862.307
107	868.702
108	849.876
109	838.997
110	831.683
111	805.409
112	781.598
113	762.503
114	759.123
115	745.498
116	719.202
117	703.805
118	691.568
119	675.709
120	625.97
121	575.227
122	555.923
123	551.664
124	533.327
125	517.774
126	491.156
127	477.276
128	465.42
129	455.458
130	445.264
131	450.144
132	447.796
133	439.975
134	429.588
135	413.302
136	410.578
137	410.033
138	401.415
139	391.161
140	371.949
141	359.365
142	350.696
143	346.423
144	344.637
145	338.616
146	335.966
147	334.507
148	336.402
149	335.684
150	335.333
151	334.218
152	330.623
153	330.305
154	332.254
155	329.315
156	327.788
157	326.699
158	316.24
159	303.086
160	286.314
161	278.581
162	275.181
163	277.702
164	280.626
165	276.506
166	275.889
167	270.698
168	257.249
169	241.629
170	232.355
171	227.6
172	223.589
173	218.888
174	205.281
175	189.154
176	173.847
177	161.242
178	146.021
179	130.164
180	109.733
181	94.2987
182	84.3646
183	77.3252
184	71.788
185	67.8112
186	65.3682
187	63.7392
188	61.653
189	57.8039
190	55.0119
191	51.9044
192	48.7185
193	46.454
194	41.5135
195	36.7276
196	36.7564
197	36.3375
198	35.9855
199	34.261
200	32.3284
201	31.6035
202	31.3707
203	30.8756
204	30.944
205	30.2741
206	28.9994
207	27.9439
208	27.0657
209	27.1556
210	27.2683
211	27.2174
212	26.994
213	26.7952
214	26.8021
215	26.7676
216	26.4637
217	26.0045
218	26.0943
219	26.0812
220	25.8254
221	25.6212
222	25.4974
223	25.2026
224	24.9024
225	24.5811
226	24.2995
227	24.4609
228	24.4665
229	24.6095
230	24.5468
231	24.5428
232	24.3879
233	24.379
234	24.4314
235	25.3475
236	26.1378
237	26.2927
238	26.3261
239	26.3303
240	26.5167
241	26.7488
242	26.904
243	26.9899
244	27.0202
245	27.0815
246	27.067
247	27.1409
248	27.1305
249	27.1527
250	27.1602
251	27.1543
252	27.1543
253	27.1591
254	27.1392
255	27.1081
256	27.0984
257	27.0928
258	27.076
259	27.1083
260	27.1191
261	27.1531
262	27.2417
263	27.28
264	27.301
265	27.3273
266	27.3327
267	27.3327
268	27.3312
269	27.4045
270	27.4039
271	27.4697
272	27.463
273	27.5096
274	27.6591
275	27.7896
276	27.9164
277	27.9272
278	27.9664
279	27.9562
280	27.97
281	27.9665
282	28.01
283	28.0272
284	28.0147
285	28.0147
286	28.0146
287	28.0606
288	28.0745
289	28.1097
290	28.1367
291	28.1462
292	28.1783
293	28.1817
294	28.156
295	28.1862
296	28.248
297	28.3059
298	28.5223
299	28.6038
300	28.5896
301	28.6923
302	28.9841
303	29.1827
304	29.3053
305	29.4711
306	29.6472
307	29.6622
308	29.6622
309	29.6622
310	29.6622
311	29.7018
312	29.7018
313	29.7446
314	29.8235
315	29.8433
316	29.9135
317	29.931
318	29.9554
319	29.969
320	29.9177
321	29.8856
322	29.8647
323	29.8458
324	29.7934
325	29.7795
326	29.7662
327	29.7509
328	29.7396
329	29.7088
330	29.7089
331	29.6991
332	29.7036
333	29.6944
334	29.6179
335	29.5969
336	29.6056
337	29.5755
338	29.5939
339	29.5882
340	29.5882
341	29.6129
342	29.6053
343	29.5996
344	29.5232
345	29.383
346	29.3999
347	29.406
348	29.3411
349	29.3472
350	29.3622
351	29.3753
352	29.3639
353	29.3739
354	29.4192
355	29.3796
356	29.4072
357	29.3999
358	29.427
359	29.5041
360	29.3967
361	29.4022
362	29.3652
363	29.2594
364	29.2221
365	29.244
366	29.3508
367	29.3464
368	29.3634
369	29.3751
370	29.3751
371	29.3309
372	29.3143
373	29.2722
374	29.197
375	29.1443
376	29.121
377	29.1173
378	29.1271
379	29.1393
380	29.1516
381	29.1368
382	29.1385
383	29.1292
384	29.1222
385	29.1383
386	29.1608
387	29.1794
388	29.1659
389	29.1659
390	29.1792
391	29.1853
392	29.1853
393	29.1853
394	29.1789
395	29.1711
396	29.1733
397	29.1733
398	29.1733
399	29.1733
400	29.1622
401	29.1622
402	29.1622
403	29.1622
404	29.1775
405	29.1854
406	29.1534
407	29.1534
408	29.1419
409	29.1297
410	29.1267
411	29.1274
412	29.1332
413	29.0663
414	29.046
415	28.9917
416	28.9627
417	28.9352
418	28.9406
419	28.9569
420	28.9396
421	28.8973
422	28.8239
423	28.6794
424	28.3862
425	28.1952
426	28.1095
427	28.0522
428	27.9883
429	27.9779
430	27.9031
431	27.8472
432	27.8491
433	27.8491
434	27.8491
435	27.8491
436	27.8491
437	27.8563
438	27.8684
439	27.8786
440	27.8864
441	27.8656
442	27.8656
443	27.8773
444	27.8773
445	27.8639
446	27.8639
447	27.8403
448	27.8348
449	27.8255
450	27.8255
451	27.8233
452	27.8098
453	27.8098
454	27.8098
455	27.8098
456	27.8098
457	27.7841
458	27.7342
459	27.5959
460	27.55
461	27.5201
462	27.5201
463	27.503
464	27.5477
465	27.6148
466	27.6269
467	27.6486
468	27.6499
469	27.6878
470	27.6878
471	27.6878
472	27.6878
473	27.6878
474	27.6878
475	27.7025
476	27.7258
477	27.7444
478	27.7661
479	27.7738
480	27.7843
481	27.8357
482	27.8497
483	27.8627
484	27.851
485	27.8341
486	27.8145
487	27.8145
488	27.8145
489	27.8145
490	27.8145
491	27.8145
492	27.8145
493	27.8145
494	27.8145
495	27.8145
496	27.8145
497	27.8145
498	27.8145
499	27.8145
500	27.8145
501	27.8145
502	27.8145
503	27.8145
504	27.8145
505	27.8145
506	27.8145
507	27.8145
508	27.8145
509	27.8145
510	27.8145
511	27.8145
512	27.8145
513	27.8145
514	27.8145
515	27.8145
516	27.8145
517	27.8145
518	27.8145
519	27.8145
520	27.8145
521	27.8145
522	27.8145
523	27.8145
524	27.8145
525	27.8145
526	27.8145
527	27.8145
528	27.8145
529	27.8145
530	27.8145
531	27.8145
532	27.8145
533	27.8145
534	27.8145
535	27.8145
536	27.8145
537	27.8145
538	27.8145
539	27.8145
540	27.8145
541	27.8145
542	27.8145
543	27.8145
544	27.8145
545	27.8145
546	27.8145
547	27.8145
548	27.8145
549	27.8145
550	27.8145
551	27.8145
552	27.8145
553	27.8145
554	27.8145
555	27.8145
556	27.8145
557	27.8145
558	27.8145
559	27.8145
560	27.8145
561	27.8145
562	27.8145
563	27.8145
564	27.8145
565	27.8145
566	27.8145
567	27.8145
568	27.8145
569	27.8145
570	27.8145
571	27.8145
572	27.8145
573	27.8145
574	27.8145
575	27.8145
576	27.8145
577	27.8145
578	27.8145
579	27.8145
580	27.8145
581	27.8145
582	27.8145
583	27.8145
584	27.8145
585	27.8145
586	27.8145
587	27.8145
588	27.8145
589	27.8145
590	27.8145
591	27.8145
592	27.8145
593	27.8145
594	27.8145
595	27.8145
596	27.8145
597	27.8145
598	27.8145
599	27.8145
600	27.8145
601	27.8145
602	27.8145
603	27.8145
604	27.8145
605	27.8145
606	27.8145
607	27.8145
608	27.8145
609	27.8145
610	27.8145
611	27.8145
612	27.8145
613	27.8145
614	27.8145
615	27.8145
616	27.8145
617	27.8145
618	27.8145
619	27.8145
620	27.8145
621	27.8145
622	27.8145
623	27.8145
624	27.8145
625	27.8145
626	27.8145
627	27.8145
628	27.8145
629	27.8145
630	27.8145
631	27.8145
632	27.8145
633	27.8145
634	27.8145
635	27.8145
636	27.8145
637	27.8145
638	27.8145
639	27.8145
640	27.8145
641	27.8145
642	27.8145
643	27.8145
644	27.8145
645	27.8145
646	27.8145
647	27.8145
648	27.8145
649	27.8145
650	27.8145
651	27.8145
652	27.8145
653	27.8145
654	27.8145
655	27.8145
656	27.8145
657	27.8145
658	27.8145
659	27.8145
660	27.8145
661	27.8145
662	27.8145
663	27.8145
664	27.8145
665	27.8145
666	27.8145
667	27.8145
668	27.8145
669	27.8145
670	27.8145
671	27.8145
672	27.8145
673	27.8145
674	27.8145
675	27.8145
676	27.8145
677	27.8145
678	27.8145
679	27.8145
680	27.8145
681	27.8145
682	27.8145
683	27.8145
684	27.8145
685	27.8145
686	27.8145
687	27.8145
688	27.8145
689	27.8145
690	27.8145
691	27.8145
692	27.8145
693	27.8145
694	27.8145
695	27.8145
696	27.8145
697	27.8145
698	27.8145
699	27.8145
700	27.8145
701	27.8145
702	27.8145
703	27.8145
704	27.8145
705	27.8145
706	27.8145
707	27.8145
708	27.8145
709	27.8145
710	27.8145
711	27.8145
712	27.8145
713	27.8145
714	27.8145
715	27.8145
716	27.8145
717	27.8145
718	27.8145
719	27.8145
720	27.8145
721	27.8145
722	27.8145
723	27.8145
724	27.8145
725	27.8145
726	27.8145
727	27.8145
728	27.8145
729	27.8145
730	27.8145
731	27.8145
732	27.8145
733	27.8145
734	27.8145
735	27.8145
736	27.8145
737	27.8145
738	27.8145
739	27.8145
740	27.8145
741	27.8145
742	27.8145
743	27.8145
744	27.8145
745	27.8145
746	27.8145
747	27.8145
748	27.8145
749	27.8145
750	27.8145
751	27.8145
752	27.8145
753	27.8145
754	27.8145
755	27.2522
