Ne averages over 40 independent estimates.
Generation	Geometric_mean
1	22.9965
2	22.9965
3	22.9965
4	22.9965
5	41.2378
6	38.1118
7	41.6591
8	43.4967
9	53.934
10	81.292
11	183.669
12	237.743
13	293.463
14	310.404
15	344.794
16	343.577
17	373.287
18	400.462
19	436.199
20	449.466
21	475.159
22	500.693
23	685.105
24	694.821
25	711.375
26	737.768
27	773.522
28	806.93
29	1001.17
30	1023.43
31	1047.47
32	1054.86
33	1066.51
34	1069.85
35	1068.53
36	1070.82
37	1050.5
38	1046.99
39	1036.86
40	1028.06
41	1035.4
42	1033.29
43	1026.77
44	1014.92
45	1042.05
46	1068.15
47	1084.09
48	1089.71
49	1057.95
50	1038.61
51	1015.21
52	1010.17
53	969.865
54	964.595
55	963.425
56	969.018
57	870.892
58	871.427
59	858.985
60	854.769
61	849.301
62	818.306
63	799.138
64	801.703
65	776.916
66	700.486
67	664.323
68	568.02
69	521.377
70	515.767
71	415.074
72	420.601
73	404.572
74	350.911
75	337.558
76	337.363
77	325.374
78	309.798
79	308.124
80	349.803
81	336.731
82	308.154
83	371.679
84	355.822
85	342.682
86	362.701
87	391.707
88	407.044
89	406.221
90	424.645
91	440.061
92	492.968
93	488.916
94	598.551
95	611.945
96	630.424
97	659.784
98	663.978
99	677.803
100	680.184
101	674.884
102	666.664
103	656.91
104	658.045
105	656.179
106	644.723
107	650.492
108	650.751
109	640.254
110	632.348
111	628.611
112	626.937
113	627.441
114	612.369
115	604.705
116	582.654
117	557.438
118	532.979
119	505.236
120	481.665
121	466.211
122	448.637
123	442.674
124	430.309
125	424.17
126	415.726
127	415.617
128	404.193
129	402.991
130	402.72
131	393.772
132	388.845
133	384.718
134	379.758
135	375.792
136	366.822
137	358.848
138	354.919
139	349.426
140	348.69
141	353.641
142	353.331
143	356.171
144	358.113
145	357.309
146	357.348
147	362.895
148	360.046
149	349.759
150	340.803
151	335.249
152	330.546
153	317.134
154	313.166
155	299.884
156	291.629
157	283.791
158	273.219
159	265.137
160	257.816
161	250.226
162	242.596
163	236.908
164	232.919
165	227.23
166	221.181
167	216.694
168	210.725
169	202.473
170	199.024
171	179.552
172	162.657
173	149.966
174	144.394
175	139.823
176	127.354
177	113.596
178	97.8946
179	89.5666
180	82.5189
181	73.4721
182	69.8716
183	70.0114
184	67.2339
185	66.8229
186	64.8688
187	64.9303
188	65.05
189	64.8528
190	62.0524
191	60.1537
192	57.4396
193	54.8543
194	54.0285
195	52.4788
196	51.8046
197	50.837
198	50.4035
199	47.2668
200	42.949
201	40.6478
202	38.8705
203	38.0508
204	37.5095
205	36.8883
206	34.3061
207	33.93
208	32.6476
209	32.2887
210	31.8786
211	32.4661
212	32.4507
213	32.6889
214	33.4454
215	33.6588
216	33.4177
217	33.3764
218	33.0867
219	32.9203
220	32.9274
221	33.069
222	33.2838
223	33.6614
224	33.8764
225	33.6581
226	34.1329
227	34.1019
228	33.9449
229	33.8897
230	33.8805
231	34.0011
232	33.8038
233	33.5647
234	33.4545
235	33.6035
236	33.6042
237	33.6346
238	33.7607
239	33.717
240	33.4731
241	33.3151
242	33.4006
243	33.325
244	33.2341
245	33.173
246	33.1119
247	33.2553
248	33.3536
249	33.416
250	33.4341
251	33.4134
252	33.3704
253	33.3774
254	33.5065
255	33.5305
256	33.5745
257	33.5304
258	33.4953
259	33.4435
260	33.3154
261	33.0867
262	33.0402
263	32.8399
264	32.822
265	32.7617
266	32.7617
267	32.7527
268	32.7938
269	32.9352
270	33.0258
271	33.0281
272	33.0282
273	33.0771
274	33.1502
275	33.2528
276	33.2044
277	33.1737
278	33.1546
279	33.1775
280	33.143
281	33.2283
282	33.1608
283	33.148
284	33.0649
285	33.0079
286	32.9602
287	32.7606
288	32.7606
289	32.6967
290	32.6967
291	32.7536
292	32.7705
293	32.8436
294	33.0053
295	33.0108
296	33.1719
297	33.2489
298	33.3123
299	33.3258
300	33.3471
301	33.349
302	33.4011
303	33.4134
304	33.4125
305	33.4002
306	33.4082
307	33.5723
308	33.5527
309	33.6854
310	33.6689
311	33.6521
312	33.709
313	33.6902
314	33.6928
315	33.762
316	33.7875
317	33.8162
318	33.7933
319	33.8019
320	33.8019
321	33.8892
322	33.9555
323	34.0141
324	34.0111
325	34.0111
326	34.0136
327	34.0242
328	34.0051
329	33.9768
330	33.9665
331	33.9665
332	33.9552
333	33.9552
334	33.9552
335	33.9364
336	33.9396
337	33.9396
338	33.9396
339	33.9396
340	33.9022
341	33.9352
342	33.9506
343	33.9611
344	33.95
345	33.9278
346	33.9443
347	33.9443
348	33.9443
349	33.9398
350	33.9434
351	33.9877
352	33.9749
353	34.1802
354	34.208
355	34.3073
356	34.4555
357	34.6593
358	34.7866
359	34.7857
360	34.8705
361	34.9757
362	34.969
363	35.0078
364	35.0542
365	35.1187
366	35.203
367	35.2069
368	35.2069
369	35.1791
370	35.2936
371	35.3532
372	35.2457
373	35.428
374	35.5678
375	35.5671
376	35.5671
377	35.6098
378	35.6511
379	35.6511
380	35.6789
381	35.6789
382	35.6734
383	35.6437
384	35.6204
385	35.5941
386	35.563
387	35.5249
388	35.5249
389	35.5263
390	35.5263
391	35.5263
392	35.5198
393	35.5223
394	35.5514
395	35.5845
396	35.5904
397	35.5976
398	35.6083
399	35.6243
400	35.6635
401	35.7447
402	35.7388
403	35.8048
404	35.834
405	35.8392
406	35.7771
407	35.7771
408	35.7771
409	35.7742
410	35.7742
411	35.7743
412	35.7719
413	35.7719
414	35.7681
415	35.7568
416	35.6864
417	35.6057
418	35.6057
419	35.4834
420	35.3577
421	35.2373
422	35.2373
423	35.2528
424	35.2236
425	35.2538
426	35.3178
427	35.4003
428	35.4171
429	35.4731
430	35.5514
431	35.699
432	35.699
433	35.7725
434	35.7675
435	35.7675
436	35.7996
437	35.7996
438	35.7996
439	35.7996
440	35.7823
441	35.788
442	35.7258
443	35.7031
444	35.6799
445	35.6242
446	35.6031
447	35.6024
448	35.6871
449	35.8474
450	35.8967
451	35.9205
452	35.9504
453	35.9504
454	35.9401
455	35.9858
456	35.9103
457	35.8692
458	35.8719
459	35.8751
460	35.7934
461	35.7059
462	35.6295
463	35.6295
464	35.6295
465	35.6295
466	35.6295
467	35.6604
468	35.6604
469	35.6573
470	35.7016
471	35.7364
472	35.8071
473	35.836
474	35.836
475	35.836
476	35.836
477	35.836
478	35.8348
479	35.8348
480	35.8348
481	35.8348
482	35.835
483	35.835
484	35.835
485	35.835
486	35.835
487	35.835
488	35.835
489	35.835
490	35.835
491	35.835
492	35.835
493	35.835
494	35.835
495	35.835
496	35.835
497	35.835
498	35.835
499	35.835
500	35.835
501	35.835
502	35.835
503	35.835
504	35.835
505	35.835
506	35.835
507	35.835
508	35.835
509	35.835
510	35.835
511	35.835
512	35.835
513	35.835
514	35.835
515	35.835
516	35.835
517	35.835
518	35.835
519	35.835
520	35.835
521	35.835
522	35.835
523	35.835
524	35.835
525	35.835
526	35.835
527	35.835
528	35.835
529	35.835
530	35.835
531	35.835
532	35.835
533	35.835
534	35.835
535	35.835
536	35.835
537	35.835
538	35.835
539	35.835
540	35.835
541	35.835
542	35.835
543	35.835
544	35.835
545	35.835
546	35.835
547	35.835
548	35.835
549	35.835
550	35.835
551	35.835
552	35.835
553	35.835
554	35.835
555	35.835
556	35.835
557	35.835
558	35.835
559	35.835
560	35.835
561	35.835
562	35.835
563	35.835
564	35.835
565	35.835
566	35.835
567	35.835
568	35.835
569	35.835
570	35.835
571	35.835
572	35.835
573	35.835
574	35.835
575	35.835
576	35.835
577	35.835
578	35.835
579	35.835
580	35.835
581	35.835
582	35.835
583	35.835
584	35.835
585	35.835
586	35.835
587	35.835
588	35.835
589	35.835
590	35.835
591	35.835
592	35.835
593	35.835
594	35.835
595	35.835
596	35.835
597	35.835
598	35.835
599	35.835
600	35.835
601	35.835
602	35.835
603	35.835
604	35.835
605	35.835
606	35.835
607	35.835
608	35.835
609	35.835
610	35.835
611	35.835
612	35.835
613	35.835
614	35.835
615	35.835
616	35.835
617	35.835
618	35.835
619	35.835
620	35.835
621	35.835
622	35.835
623	35.835
624	35.835
625	35.835
626	35.835
627	35.835
628	35.835
629	35.835
630	35.835
631	35.835
632	35.835
633	35.835
634	35.835
635	35.835
636	35.835
637	35.835
638	35.835
639	35.835
640	35.835
641	35.835
642	35.835
643	35.835
644	35.835
645	35.835
646	35.835
647	35.835
648	35.835
649	35.835
650	35.835
651	35.835
652	35.835
653	35.835
654	35.835
655	35.835
656	35.835
657	35.835
658	35.835
659	35.835
660	35.835
661	35.835
662	35.835
663	35.835
664	35.835
665	35.835
666	35.835
667	35.835
668	35.835
669	35.835
670	35.835
671	35.835
672	35.835
673	35.835
674	35.835
675	35.835
676	35.835
677	35.835
678	35.835
679	35.835
680	35.835
681	35.835
682	35.835
683	35.835
684	35.835
685	35.835
686	35.835
687	35.835
688	35.835
689	35.835
690	35.835
691	35.835
692	35.835
693	35.835
694	35.835
695	35.835
696	35.835
697	35.835
698	35.835
699	35.835
700	35.835
701	35.835
702	35.835
703	35.835
704	35.835
705	35.835
706	35.835
707	35.835
708	35.835
709	35.835
710	35.835
711	35.835
712	35.835
713	35.835
714	35.835
715	35.835
716	35.835
717	35.835
718	35.835
719	35.835
720	35.835
721	35.835
722	35.835
723	35.835
724	35.835
725	35.835
726	35.835
727	35.835
728	35.835
729	35.835
730	35.835
731	35.835
732	35.835
733	35.835
734	35.835
735	35.835
736	35.835
737	35.835
738	35.835
739	35.835
740	35.835
741	35.835
742	35.835
743	35.835
744	35.835
745	35.835
746	35.835
747	35.835
748	35.835
749	35.835
750	35.835
751	35.835
752	35.835
753	35.835
754	35.835
755	37.0624
