Ne averages over 40 independent estimates.
Generation	Geometric_mean
1	27.2145
2	27.2145
3	27.2145
4	27.2145
5	33.5488
6	29.3194
7	33.977
8	40.6928
9	45.6649
10	128.313
11	216.3
12	270.998
13	358.404
14	347.33
15	336.377
16	332.737
17	424.97
18	456.067
19	524.595
20	713.739
21	751.123
22	792.656
23	923.166
24	949.239
25	960.947
26	971.078
27	981.886
28	999.968
29	1037.85
30	1057.6
31	1087.76
32	1107.94
33	1105.65
34	1102.27
35	1040.57
36	1004.29
37	988.556
38	979.607
39	974.383
40	978.579
41	990.918
42	1015.4
43	1024.93
44	1029.73
45	1063.57
46	1114.14
47	1155.13
48	1157.06
49	1164.29
50	1158.82
51	1162.46
52	1153.11
53	1121.18
54	1088.43
55	1025.58
56	995.651
57	999.459
58	1042.16
59	1075.47
60	1031.49
61	965.472
62	959.747
63	932.448
64	882.038
65	858.914
66	745.274
67	649.49
68	590.128
69	591.854
70	583.194
71	523.21
72	463.799
73	396.881
74	368.88
75	350.702
76	345.37
77	310.693
78	303.682
79	342.553
80	357.416
81	349.806
82	386.219
83	435.027
84	458.061
85	474.181
86	548.417
87	572.224
88	610.753
89	611.376
90	773.581
91	784.424
92	857.213
93	922.532
94	933.39
95	929.695
96	950.5
97	928.704
98	919.298
99	885.27
100	867.89
101	858.981
102	873.861
103	863.753
104	863.146
105	863.439
106	854.713
107	848.162
108	841.031
109	832.44
110	819.946
111	806.182
112	802.549
113	777.033
114	752.832
115	736.421
116	718.448
117	705.299
118	695.335
119	656.917
120	642.189
121	604.693
122	596.242
123	564.017
124	540.432
125	524.111
126	514.331
127	489.211
128	469.773
129	462.554
130	447.134
131	434.969
132	421.681
133	412.227
134	407.77
135	397.324
136	389.79
137	382.568
138	372.808
139	354.024
140	343.588
141	333.883
142	328.605
143	326.042
144	322.581
145	321.209
146	319.175
147	317.24
148	311.184
149	304.066
150	304.998
151	305.342
152	304.562
153	304.575
154	302.595
155	300.636
156	301.896
157	299.344
158	292.204
159	283.258
160	281.053
161	278.817
162	277.714
163	266.66
164	259.509
165	254.722
166	256.53
167	255.834
168	254.621
169	252.365
170	249.32
171	247.649
172	248.008
173	244.645
174	239.094
175	231.317
176	218.134
177	206.478
178	187.287
179	171.031
180	162.761
181	151.79
182	148.243
183	134.549
184	115.592
185	112.592
186	106.121
187	104.248
188	100.824
189	98.1103
190	87.3617
191	84.7745
192	80.8457
193	80.1998
194	76.6843
195	71.8434
196	63.0204
197	55.0976
198	46.4405
199	41.9421
200	37.2232
201	34.0202
202	31.3522
203	29.941
204	28.8483
205	28.3045
206	27.7034
207	27.458
208	27.4727
209	27.6645
210	27.7836
211	27.9644
212	28.2094
213	28.6545
214	28.7047
215	28.825
216	28.9343
217	28.9818
218	29.1228
219	29.3419
220	29.6106
221	29.7518
222	29.7504
223	29.7056
224	29.5748
225	29.473
226	29.3189
227	29.0361
228	28.7369
229	28.3167
230	28.357
231	28.4035
232	28.3007
233	28.4504
234	28.549
235	28.4786
236	28.5456
237	28.5793
238	28.5903
239	28.6767
240	28.6988
241	28.6102
242	28.5949
243	28.5088
244	28.5009
245	28.5608
246	28.5124
247	28.5028
248	28.4542
249	28.4154
250	28.3735
251	28.3608
252	28.3896
253	28.4037
254	28.3926
255	28.6316
256	28.6314
257	28.6451
258	28.6502
259	29.6294
260	30.1686
261	31.0202
262	30.9942
263	31.0044
264	31.0514
265	31.2061
266	31.476
267	31.7203
268	31.7765
269	31.8021
270	31.8064
271	31.8075
272	31.7252
273	31.6485
274	31.6794
275	31.932
276	32.1194
277	32.1819
278	32.3172
279	32.4154
280	32.4226
281	32.5471
282	32.5471
283	32.5389
284	32.5309
285	32.4981
286	32.4585
287	32.4558
288	32.3321
289	32.3511
290	32.365
291	32.3669
292	32.4768
293	32.4953
294	32.4123
295	32.3623
296	32.3517
297	32.2895
298	32.3156
299	32.3432
300	32.4055
301	32.4172
302	32.4489
303	32.4226
304	32.4368
305	32.4199
306	32.3852
307	32.362
308	32.362
309	32.3701
310	32.3668
311	32.3725
312	32.336
313	32.3549
314	32.3362
315	32.2994
316	32.3526
317	32.3722
318	32.4968
319	32.5807
320	32.544
321	32.5365
322	32.5423
323	32.524
324	32.5226
325	32.5178
326	32.4513
327	32.5285
328	32.5911
329	32.6043
330	32.8471
331	33.0159
332	33.2236
333	33.22
334	33.2217
335	33.1905
336	33.1632
337	33.081
338	33.0066
339	32.9478
340	32.8828
341	32.8287
342	32.754
343	32.7716
344	32.7682
345	32.7485
346	32.7428
347	32.7495
348	32.7428
349	32.7481
350	32.7645
351	32.6725
352	32.5584
353	32.2691
354	32.2178
355	32.2171
356	32.218
357	32.2202
358	32.2202
359	32.2712
360	32.2753
361	32.3005
362	32.3407
363	32.3407
364	32.3396
365	32.3396
366	32.3319
367	32.3315
368	32.3315
369	32.3242
370	32.341
371	32.341
372	32.3437
373	32.3437
374	32.3437
375	32.339
376	32.334
377	32.3253
378	32.3288
379	32.3502
380	32.3956
381	32.4473
382	32.4751
383	32.5154
384	32.5159
385	32.5159
386	32.5159
387	32.4806
388	32.4797
389	32.4115
390	32.3455
391	32.3116
392	32.2194
393	32.2118
394	32.2211
395	32.21
396	32.2632
397	32.2565
398	32.2663
399	32.2518
400	32.2688
401	32.2571
402	32.2244
403	32.2098
404	32.2136
405	32.2166
406	32.3223
407	32.3661
408	32.385
409	32.4027
410	32.3954
411	32.3954
412	32.3746
413	32.3625
414	32.291
415	32.2485
416	32.2224
417	32.193
418	32.193
419	32.1344
420	32.1393
421	32.0488
422	31.9811
423	31.8275
424	31.8075
425	31.8075
426	31.7021
427	31.6661
428	31.5622
429	31.5252
430	31.4927
431	31.4887
432	31.4887
433	31.4926
434	31.5217
435	31.5178
436	31.4757
437	31.5028
438	31.486
439	31.4078
440	31.4117
441	31.362
442	31.3542
443	31.3781
444	31.3781
445	31.3762
446	31.3762
447	31.378
448	31.4086
449	31.5013
450	31.5092
451	31.4977
452	31.5008
453	31.5055
454	31.5048
455	31.5048
456	31.511
457	31.511
458	31.535
459	31.5848
460	31.6347
461	31.8115
462	31.8747
463	31.8769
464	31.8829
465	31.8806
466	31.8877
467	31.9007
468	31.9742
469	31.967
470	32.0989
471	32.1338
472	32.1365
473	32.1678
474	32.2313
475	32.2313
476	32.2313
477	32.252
478	32.252
479	32.252
480	32.2515
481	32.2515
482	32.2515
483	32.2655
484	32.2743
485	32.2757
486	32.2779
487	32.2779
488	32.2779
489	32.2779
490	32.2779
491	32.2779
492	32.2779
493	32.2779
494	32.2779
495	32.2779
496	32.2779
497	32.2779
498	32.2779
499	32.2779
500	32.2779
501	32.2779
502	32.2779
503	32.2779
504	32.2779
505	32.2779
506	32.2779
507	32.2779
508	32.2779
509	32.2779
510	32.2779
511	32.2779
512	32.2779
513	32.2779
514	32.2779
515	32.2779
516	32.2779
517	32.2779
518	32.2779
519	32.2779
520	32.2779
521	32.2779
522	32.2779
523	32.2779
524	32.2779
525	32.2779
526	32.2779
527	32.2779
528	32.2779
529	32.2779
530	32.2779
531	32.2779
532	32.2779
533	32.2779
534	32.2779
535	32.2779
536	32.2779
537	32.2779
538	32.2779
539	32.2779
540	32.2779
541	32.2779
542	32.2779
543	32.2779
544	32.2779
545	32.2779
546	32.2779
547	32.2779
548	32.2779
549	32.2779
550	32.2779
551	32.2779
552	32.2779
553	32.2779
554	32.2779
555	32.2779
556	32.2779
557	32.2779
558	32.2779
559	32.2779
560	32.2779
561	32.2779
562	32.2779
563	32.2779
564	32.2779
565	32.2779
566	32.2779
567	32.2779
568	32.2779
569	32.2779
570	32.2779
571	32.2779
572	32.2779
573	32.2779
574	32.2779
575	32.2779
576	32.2779
577	32.2779
578	32.2779
579	32.2779
580	32.2779
581	32.2779
582	32.2779
583	32.2779
584	32.2779
585	32.2779
586	32.2779
587	32.2779
588	32.2779
589	32.2779
590	32.2779
591	32.2779
592	32.2779
593	32.2779
594	32.2779
595	32.2779
596	32.2779
597	32.2779
598	32.2779
599	32.2779
600	32.2779
601	32.2779
602	32.2779
603	32.2779
604	32.2779
605	32.2779
606	32.2779
607	32.2779
608	32.2779
609	32.2779
610	32.2779
611	32.2779
612	32.2779
613	32.2779
614	32.2779
615	32.2779
616	32.2779
617	32.2779
618	32.2779
619	32.2779
620	32.2779
621	32.2779
622	32.2779
623	32.2779
624	32.2779
625	32.2779
626	32.2779
627	32.2779
628	32.2779
629	32.2779
630	32.2779
631	32.2779
632	32.2779
633	32.2779
634	32.2779
635	32.2779
636	32.2779
637	32.2779
638	32.2779
639	32.2779
640	32.2779
641	32.2779
642	32.2779
643	32.2779
644	32.2779
645	32.2779
646	32.2779
647	32.2779
648	32.2779
649	32.2779
650	32.2779
651	32.2779
652	32.2779
653	32.2779
654	32.2779
655	32.2779
656	32.2779
657	32.2779
658	32.2779
659	32.2779
660	32.2779
661	32.2779
662	32.2779
663	32.2779
664	32.2779
665	32.2779
666	32.2779
667	32.2779
668	32.2779
669	32.2779
670	32.2779
671	32.2779
672	32.2779
673	32.2779
674	32.2779
675	32.2779
676	32.2779
677	32.2779
678	32.2779
679	32.2779
680	32.2779
681	32.2779
682	32.2779
683	32.2779
684	32.2779
685	32.2779
686	32.2779
687	32.2779
688	32.2779
689	32.2779
690	32.2779
691	32.2779
692	32.2779
693	32.2779
694	32.2779
695	32.2779
696	32.2779
697	32.2779
698	32.2779
699	32.2779
700	32.2779
701	32.2779
702	32.2779
703	32.2779
704	32.2779
705	32.2779
706	32.2779
707	32.2779
708	32.2779
709	32.2779
710	32.2779
711	32.2779
712	32.2779
713	32.2779
714	32.2779
715	32.2779
716	32.2779
717	32.2779
718	32.2779
719	32.2779
720	32.2779
721	32.2779
722	32.2779
723	32.2779
724	32.2779
725	32.2779
726	32.2779
727	32.2779
728	32.2779
729	32.2779
730	32.2779
731	32.2779
732	32.2779
733	32.2779
734	32.2779
735	32.2779
736	32.2779
737	32.2779
738	32.2779
739	32.2779
740	32.2779
741	32.2779
742	32.2779
743	32.2779
744	32.2779
745	32.2779
746	32.2779
747	32.2779
748	32.2779
749	32.2779
750	32.2779
751	32.2779
752	32.2779
753	32.2779
754	32.2779
755	32.9175
