Ne averages over 40 independent estimates.
Generation	Geometric_mean
1	26.7519
2	26.7519
3	26.7519
4	26.7519
5	30.8141
6	33.6742
7	34.0679
8	41.0868
9	72.0999
10	81.0325
11	166.99
12	234.49
13	286.056
14	322.063
15	326.401
16	464.035
17	494.277
18	505.011
19	531.914
20	552.494
21	554.648
22	567.96
23	650.17
24	715.98
25	717.111
26	773.513
27	969.096
28	1037.07
29	1076.35
30	1172.39
31	1200.79
32	1203.68
33	1191.28
34	1161
35	1180.08
36	1222.22
37	1258.61
38	1326.38
39	1354.18
40	1367.05
41	1354.77
42	1384.08
43	1386.17
44	1382.01
45	1375.59
46	1385.61
47	1390.88
48	1384.08
49	1375.24
50	1372.35
51	1356.21
52	1324.78
53	1307.34
54	1209.11
55	1195.97
56	1198.1
57	1190.45
58	1174.39
59	1133.66
60	1064.75
61	910.718
62	829.738
63	812.28
64	785.551
65	757.966
66	759.294
67	675.342
68	626.221
69	645.862
70	563.181
71	515.306
72	465.854
73	477.853
74	507.616
75	553.153
76	535.601
77	534.526
78	547.173
79	551.725
80	558.688
81	557.239
82	663.287
83	680.344
84	769.655
85	788.293
86	915.056
87	994.31
88	993.478
89	997.752
90	991.491
91	1001.77
92	1012.79
93	1024.96
94	1022.32
95	1084.2
96	1121.81
97	1116.46
98	1106.56
99	1106.61
100	1103.81
101	1109.01
102	1114.98
103	1121.64
104	1121.04
105	1102.64
106	1074
107	1039.25
108	980.013
109	947.174
110	907.092
111	868.235
112	857.112
113	838.647
114	813.612
115	807.384
116	786.379
117	748.319
118	725.548
119	707.476
120	694.371
121	680.982
122	665.066
123	647.566
124	626.982
125	590.682
126	563.376
127	542.988
128	517.027
129	519.251
130	518.125
131	507.387
132	502.46
133	494.234
134	492.761
135	485.974
136	477.908
137	463.949
138	458.166
139	445.601
140	429.17
141	414.607
142	406.259
143	388.069
144	382.991
145	378.872
146	372.532
147	372.668
148	375.533
149	378.953
150	376.519
151	377.239
152	375.333
153	374.145
154	370.51
155	369.555
156	369.004
157	365.928
158	365.908
159	365.19
160	368.669
161	368.865
162	370.902
163	375.428
164	362.422
165	360.097
166	350.942
167	346.406
168	341.974
169	328.495
170	315.781
171	303.045
172	297.394
173	292.485
174	279.025
175	271.855
176	248.534
177	232.212
178	195.35
179	177.064
180	169.647
181	163.453
182	157.245
183	148.111
184	138.106
185	127.807
186	111.523
187	103.367
188	92.4826
189	80.7072
190	73.1005
191	60.7805
192	55.5648
193	51.4081
194	48.0736
195	45.6761
196	45.2195
197	43.195
198	39.3779
199	36.0595
200	32.7261
201	31.7182
202	29.8166
203	28.3559
204	28.3874
205	27.1306
206	27.162
207	26.6746
208	26.6104
209	26.5281
210	26.3948
211	26.1327
212	26.0228
213	26.0056
214	26.0744
215	26.1756
216	26.2441
217	26.2457
218	26.1797
219	25.8055
220	25.6324
221	25.5282
222	25.4868
223	25.4995
224	25.2298
225	25.153
226	25.2791
227	25.3333
228	25.3598
229	25.3112
230	25.1326
231	24.9751
232	24.7556
233	24.6223
234	24.5069
235	24.429
236	24.2849
237	24.0751
238	23.9673
239	23.9536
240	23.9477
241	24.067
242	23.9331
243	23.9742
244	24.0401
245	24.3029
246	24.5501
247	24.5959
248	24.7486
249	24.5921
250	24.3729
251	24.4647
252	24.525
253	24.54
254	24.5977
255	24.5923
256	24.5906
257	24.5941
258	24.5941
259	24.5941
260	24.6001
261	24.6058
262	24.6467
263	24.6573
264	24.6572
265	24.713
266	24.7769
267	24.7769
268	24.8618
269	24.9881
270	25.1527
271	25.3055
272	25.3299
273	25.3081
274	25.3773
275	25.2816
276	25.3157
277	25.3401
278	25.3565
279	25.3372
280	25.3484
281	25.4095
282	25.4111
283	25.4203
284	25.4222
285	25.4347
286	25.4589
287	25.4461
288	25.452
289	25.4612
290	25.4582
291	25.4282
292	25.3488
293	25.2254
294	25.2239
295	25.1567
296	25.085
297	25.0933
298	25.0974
299	25.1048
300	25.1048
301	25.1477
302	25.1562
303	25.0992
304	25.0961
305	25.1578
306	25.1747
307	25.2153
308	25.2877
309	25.3516
310	25.3438
311	25.3247
312	25.2572
313	25.2436
314	25.2083
315	25.1562
316	25.1562
317	25.1404
318	25.1368
319	25.1259
320	25.2323
321	25.5612
322	25.7841
323	26.2236
324	26.2236
325	26.2254
326	26.2272
327	26.2271
328	26.1832
329	26.0602
330	25.923
331	25.923
332	25.923
333	25.8968
334	25.84
335	25.8412
336	25.8716
337	25.8505
338	25.8585
339	25.8808
340	25.8829
341	25.8957
342	25.9272
343	25.9809
344	25.9809
345	25.9909
346	25.9909
347	25.9798
348	25.9729
349	25.9765
350	25.9679
351	25.9637
352	25.9458
353	25.9557
354	25.9438
355	25.9421
356	25.9683
357	25.982
358	26.0329
359	26.0456
360	26.0513
361	26.0592
362	26.0712
363	26.0897
364	26.1186
365	26.1178
366	26.1227
367	26.1263
368	26.1284
369	26.1316
370	26.1592
371	26.1715
372	26.1358
373	26.152
374	26.1715
375	26.1275
376	26.1275
377	26.1108
378	26.0256
379	25.9973
380	25.9393
381	25.9444
382	25.9584
383	25.953
384	25.9246
385	25.9246
386	25.9164
387	25.9164
388	25.9109
389	25.9041
390	25.9041
391	25.9625
392	25.9611
393	26.052
394	26.0647
395	26.0738
396	26.0894
397	26.1435
398	26.1118
399	26.1519
400	26.1479
401	26.1582
402	26.2745
403	26.3602
404	26.4561
405	26.5227
406	26.5564
407	26.5629
408	26.5471
409	26.5453
410	26.5351
411	26.5191
412	26.507
413	26.5192
414	26.5275
415	26.5517
416	26.5517
417	26.5517
418	26.5517
419	26.5517
420	26.5198
421	26.5006
422	26.4279
423	26.3246
424	26.2463
425	26.2138
426	26.1736
427	26.1736
428	26.1625
429	26.1186
430	26.1281
431	26.1121
432	26.0967
433	26.0967
434	26.059
435	26.059
436	26.0398
437	25.994
438	25.9359
439	25.8861
440	25.871
441	25.8445
442	25.8404
443	25.8404
444	25.8432
445	25.8502
446	25.861
447	25.8432
448	25.8603
449	25.8361
450	25.8751
451	25.8937
452	25.9098
453	25.9332
454	25.9499
455	25.9434
456	25.9381
457	25.9754
458	26.0505
459	26.0919
460	26.1405
461	26.1881
462	26.2267
463	26.2699
464	26.327
465	26.4513
466	26.5393
467	26.5289
468	26.5283
469	26.5163
470	26.5502
471	26.5502
472	26.477
473	26.3604
474	26.3604
475	26.3604
476	26.3547
477	26.3533
478	26.3309
479	26.3206
480	26.3206
481	26.3118
482	26.3089
483	26.3089
484	26.3089
485	26.2961
486	26.2961
487	26.2961
488	26.2961
489	26.2961
490	26.2961
491	26.2961
492	26.2961
493	26.2961
494	26.2961
495	26.2961
496	26.2961
497	26.2961
498	26.2961
499	26.2961
500	26.2961
501	26.2961
502	26.2961
503	26.2961
504	26.2961
505	26.2961
506	26.2961
507	26.2961
508	26.2961
509	26.2961
510	26.2961
511	26.2961
512	26.2961
513	26.2961
514	26.2961
515	26.2961
516	26.2961
517	26.2961
518	26.2961
519	26.2961
520	26.2961
521	26.2961
522	26.2961
523	26.2961
524	26.2961
525	26.2961
526	26.2961
527	26.2961
528	26.2961
529	26.2961
530	26.2961
531	26.2961
532	26.2961
533	26.2961
534	26.2961
535	26.2961
536	26.2961
537	26.2961
538	26.2961
539	26.2961
540	26.2961
541	26.2961
542	26.2961
543	26.2961
544	26.2961
545	26.2961
546	26.2961
547	26.2961
548	26.2961
549	26.2961
550	26.2961
551	26.2961
552	26.2961
553	26.2961
554	26.2961
555	26.2961
556	26.2961
557	26.2961
558	26.2961
559	26.2961
560	26.2961
561	26.2961
562	26.2961
563	26.2961
564	26.2961
565	26.2961
566	26.2961
567	26.2961
568	26.2961
569	26.2961
570	26.2961
571	26.2961
572	26.2961
573	26.2961
574	26.2961
575	26.2961
576	26.2961
577	26.2961
578	26.2961
579	26.2961
580	26.2961
581	26.2961
582	26.2961
583	26.2961
584	26.2961
585	26.2961
586	26.2961
587	26.2961
588	26.2961
589	26.2961
590	26.2961
591	26.2961
592	26.2961
593	26.2961
594	26.2961
595	26.2961
596	26.2961
597	26.2961
598	26.2961
599	26.2961
600	26.2961
601	26.2961
602	26.2961
603	26.2961
604	26.2961
605	26.2961
606	26.2961
607	26.2961
608	26.2961
609	26.2961
610	26.2961
611	26.2961
612	26.2961
613	26.2961
614	26.2961
615	26.2961
616	26.2961
617	26.2961
618	26.2961
619	26.2961
620	26.2961
621	26.2961
622	26.2961
623	26.2961
624	26.2961
625	26.2961
626	26.2961
627	26.2961
628	26.2961
629	26.2961
630	26.2961
631	26.2961
632	26.2961
633	26.2961
634	26.2961
635	26.2961
636	26.2961
637	26.2961
638	26.2961
639	26.2961
640	26.2961
641	26.2961
642	26.2961
643	26.2961
644	26.2961
645	26.2961
646	26.2961
647	26.2961
648	26.2961
649	26.2961
650	26.2961
651	26.2961
652	26.2961
653	26.2961
654	26.2961
655	26.2961
656	26.2961
657	26.2961
658	26.2961
659	26.2961
660	26.2961
661	26.2961
662	26.2961
663	26.2961
664	26.2961
665	26.2961
666	26.2961
667	26.2961
668	26.2961
669	26.2961
670	26.2961
671	26.2961
672	26.2961
673	26.2961
674	26.2961
675	26.2961
676	26.2961
677	26.2961
678	26.2961
679	26.2961
680	26.2961
681	26.2961
682	26.2961
683	26.2961
684	26.2961
685	26.2961
686	26.2961
687	26.2961
688	26.2961
689	26.2961
690	26.2961
691	26.2961
692	26.2961
693	26.2961
694	26.2961
695	26.2961
696	26.2961
697	26.2961
698	26.2961
699	26.2961
700	26.2961
701	26.2961
702	26.2961
703	26.2961
704	26.2961
705	26.2961
706	26.2961
707	26.2961
708	26.2961
709	26.2961
710	26.2961
711	26.2961
712	26.2961
713	26.2961
714	26.2961
715	26.2961
716	26.2961
717	26.2961
718	26.2961
719	26.2961
720	26.2961
721	26.2961
722	26.2961
723	26.2961
724	26.2961
725	26.2961
726	26.2961
727	26.2961
728	26.2961
729	26.2961
730	26.2961
731	26.2961
732	26.2961
733	26.2961
734	26.2961
735	26.2961
736	26.2961
737	26.2961
738	26.2961
739	26.2961
740	26.2961
741	26.2961
742	26.2961
743	26.2961
744	26.2961
745	26.2961
746	26.2961
747	26.2961
748	26.2961
749	26.2961
750	26.2961
751	26.2961
752	26.2961
753	26.2961
754	26.2961
755	25.9568
