Ne averages over 40 independent estimates.
Generation	Geometric_mean
1	28.4427
2	28.4427
3	28.4427
4	28.4427
5	31.9244
6	33.4602
7	35.1356
8	40.1141
9	64.3651
10	80.4713
11	151.23
12	175.908
13	340.647
14	364.914
15	354.437
16	362.942
17	472.246
18	521.292
19	616.342
20	732.869
21	872.08
22	897.181
23	934.91
24	965.086
25	979.897
26	990.255
27	1078.03
28	1093.77
29	1131.69
30	1174.66
31	1180.15
32	1186.3
33	1250.64
34	1282.04
35	1332.74
36	1347.97
37	1351.09
38	1336.89
39	1350.25
40	1361.28
41	1358.97
42	1352.58
43	1337.47
44	1326.26
45	1301.78
46	1304.68
47	1271.59
48	1260.91
49	1281.39
50	1306.45
51	1287.08
52	1292.31
53	1267.53
54	1221.09
55	1097.16
56	1058.77
57	1040.09
58	1012.14
59	1009.94
60	1009.65
61	1007.8
62	926.834
63	1009.9
64	897.119
65	836.074
66	827.329
67	730.064
68	612.311
69	597.651
70	556.078
71	515.446
72	499.572
73	499.246
74	570.825
75	572.586
76	538.912
77	513.137
78	486.853
79	439.933
80	495.278
81	589.143
82	621.496
83	675.779
84	731.953
85	736.557
86	773.196
87	790.945
88	800.692
89	788.246
90	774.75
91	768.194
92	771.227
93	809.989
94	823.266
95	848.737
96	865.75
97	871.442
98	875.897
99	885.536
100	891.975
101	900.568
102	903.272
103	906.987
104	907.878
105	925.574
106	937.413
107	926.417
108	910.714
109	896.173
110	880.784
111	853.238
112	816.964
113	814.218
114	809.481
115	809.991
116	810.982
117	809.297
118	786.99
119	776.229
120	705.143
121	681.849
122	665.754
123	648.312
124	650.885
125	635.84
126	635.559
127	633.16
128	631.602
129	630.155
130	623.623
131	604.523
132	578.934
133	571.735
134	536.724
135	517.041
136	492.914
137	475.956
138	461.229
139	437.9
140	418.557
141	402.344
142	387.947
143	371.625
144	357.92
145	354.613
146	353.852
147	352.309
148	348.256
149	336.806
150	333.956
151	332.216
152	332.487
153	336.955
154	338.414
155	337.58
156	334.234
157	330.451
158	327.748
159	321.952
160	317.043
161	313.844
162	311.671
163	304.556
164	291.046
165	276.976
166	273.301
167	247.11
168	227.673
169	211.185
170	208.2
171	206.767
172	202.781
173	183.491
174	165.952
175	146.707
176	132.781
177	128.903
178	126.706
179	123.057
180	118.172
181	109.212
182	103.93
183	100.981
184	101.457
185	101.349
186	98.4247
187	94.6866
188	90.0946
189	85.3708
190	82.7966
191	80.716
192	78.587
193	75.4615
194	69.6632
195	57.9457
196	49.6853
197	46.7862
198	45.1648
199	43.0738
200	41.6743
201	40.2155
202	38.7637
203	37.5298
204	36.7543
205	35.1658
206	32.3788
207	29.1064
208	27.3866
209	26.4693
210	25.4701
211	24.5994
212	24.1358
213	24.2278
214	24.3932
215	24.3871
216	24.3794
217	24.3615
218	24.2187
219	23.7692
220	23.5515
221	23.3565
222	23.4428
223	23.3771
224	23.6274
225	23.8827
226	24.4359
227	24.7695
228	24.7335
229	24.7331
230	24.7848
231	25.0296
232	25.3898
233	26.1786
234	26.676
235	26.8938
236	26.9017
237	26.9564
238	27.0308
239	27.1085
240	27.303
241	27.4319
242	27.5754
243	27.6593
244	27.5904
245	27.6175
246	27.623
247	27.578
248	27.6268
249	27.5917
250	27.5918
251	27.5473
252	27.5571
253	27.5334
254	27.485
255	27.4415
256	27.4238
257	27.5487
258	27.8422
259	27.7257
260	27.6822
261	27.6527
262	27.6533
263	27.6561
264	27.6644
265	27.6609
266	27.6609
267	27.6609
268	27.6078
269	27.5531
270	27.507
271	27.4038
272	27.1813
273	27.1784
274	27.1267
275	27.1202
276	27.1171
277	27.0961
278	27.0959
279	27.0741
280	27.0843
281	27.0868
282	27.0872
283	27.0955
284	27.0176
285	27.0338
286	27.0168
287	27.0029
288	27.0012
289	26.9832
290	26.9679
291	26.9583
292	26.9724
293	26.9814
294	26.9824
295	26.9824
296	26.9868
297	26.9868
298	26.9908
299	26.995
300	27.0095
301	27.0182
302	27.0384
303	27.041
304	27.0226
305	27.0226
306	27.0029
307	26.9566
308	26.9497
309	26.9347
310	26.8973
311	26.9065
312	26.9115
313	26.9323
314	26.9439
315	26.9385
316	26.9385
317	26.9235
318	26.9064
319	26.9125
320	26.8992
321	26.8992
322	26.9172
323	26.957
324	26.9633
325	26.9924
326	27.0059
327	26.9815
328	26.9553
329	26.9393
330	26.9381
331	26.9536
332	26.9491
333	26.9455
334	26.9409
335	26.9441
336	26.9358
337	26.9578
338	26.9802
339	27.0069
340	27.0086
341	27.0074
342	27.0045
343	26.9961
344	27.0108
345	26.9732
346	26.9636
347	26.9472
348	26.9398
349	26.9484
350	26.9649
351	26.9782
352	26.9705
353	26.9641
354	26.9473
355	26.9462
356	26.9401
357	26.9529
358	26.9529
359	26.9588
360	26.968
361	26.982
362	26.9547
363	26.9299
364	26.9299
365	26.9131
366	26.9154
367	26.9154
368	26.9034
369	26.9802
370	27.0512
371	27.133
372	27.1686
373	27.1657
374	27.2578
375	27.2578
376	27.2632
377	27.2792
378	27.3072
379	27.2807
380	27.2724
381	27.2774
382	27.2702
383	27.2738
384	27.2969
385	27.3006
386	27.3015
387	27.3015
388	27.3015
389	27.3015
390	27.2981
391	27.2981
392	27.3429
393	27.3856
394	27.4586
395	27.4788
396	27.4788
397	27.4798
398	27.4532
399	27.4532
400	27.4532
401	27.426
402	27.426
403	27.3064
404	27.3064
405	27.2891
406	27.2672
407	27.2141
408	27.1298
409	27.0957
410	27.0957
411	27.0841
412	27.0841
413	27.0856
414	27.1091
415	27.1461
416	27.1736
417	27.2296
418	27.2502
419	27.2662
420	27.2628
421	27.2573
422	27.2536
423	27.3189
424	27.3226
425	27.381
426	27.4445
427	27.4445
428	27.4445
429	27.4445
430	27.4445
431	27.4445
432	27.4445
433	27.4284
434	27.4263
435	27.4125
436	27.301
437	27.2883
438	27.2883
439	27.1017
440	27.1196
441	27.0373
442	26.8597
443	26.6547
444	26.6819
445	26.7469
446	26.7469
447	26.7443
448	26.742
449	26.7382
450	26.7382
451	26.7171
452	26.6643
453	26.6643
454	26.6589
455	26.6245
456	26.616
457	26.6018
458	26.6244
459	26.6244
460	26.6244
461	26.6244
462	26.6244
463	26.6191
464	26.6191
465	26.6182
466	26.6238
467	26.6238
468	26.6273
469	26.6467
470	26.6379
471	26.6379
472	26.6308
473	26.5715
474	26.527
475	26.5056
476	26.4918
477	26.4813
478	26.5138
479	26.5138
480	26.7252
481	26.7284
482	26.7284
483	26.7714
484	26.7626
485	26.7482
486	26.7482
487	26.7482
488	26.7482
489	26.7482
490	26.7482
491	26.7482
492	26.7482
493	26.7482
494	26.7482
495	26.7482
496	26.7482
497	26.7482
498	26.7482
499	26.7482
500	26.7482
501	26.7482
502	26.7482
503	26.7482
504	26.7482
505	26.7482
506	26.7482
507	26.7482
508	26.7482
509	26.7482
510	26.7482
511	26.7482
512	26.7482
513	26.7482
514	26.7482
515	26.7482
516	26.7482
517	26.7482
518	26.7482
519	26.7482
520	26.7482
521	26.7482
522	26.7482
523	26.7482
524	26.7482
525	26.7482
526	26.7482
527	26.7482
528	26.7482
529	26.7482
530	26.7482
531	26.7482
532	26.7482
533	26.7482
534	26.7482
535	26.7482
536	26.7482
537	26.7482
538	26.7482
539	26.7482
540	26.7482
541	26.7482
542	26.7482
543	26.7482
544	26.7482
545	26.7482
546	26.7482
547	26.7482
548	26.7482
549	26.7482
550	26.7482
551	26.7482
552	26.7482
553	26.7482
554	26.7482
555	26.7482
556	26.7482
557	26.7482
558	26.7482
559	26.7482
560	26.7482
561	26.7482
562	26.7482
563	26.7482
564	26.7482
565	26.7482
566	26.7482
567	26.7482
568	26.7482
569	26.7482
570	26.7482
571	26.7482
572	26.7482
573	26.7482
574	26.7482
575	26.7482
576	26.7482
577	26.7482
578	26.7482
579	26.7482
580	26.7482
581	26.7482
582	26.7482
583	26.7482
584	26.7482
585	26.7482
586	26.7482
587	26.7482
588	26.7482
589	26.7482
590	26.7482
591	26.7482
592	26.7482
593	26.7482
594	26.7482
595	26.7482
596	26.7482
597	26.7482
598	26.7482
599	26.7482
600	26.7482
601	26.7482
602	26.7482
603	26.7482
604	26.7482
605	26.7482
606	26.7482
607	26.7482
608	26.7482
609	26.7482
610	26.7482
611	26.7482
612	26.7482
613	26.7482
614	26.7482
615	26.7482
616	26.7482
617	26.7482
618	26.7482
619	26.7482
620	26.7482
621	26.7482
622	26.7482
623	26.7482
624	26.7482
625	26.7482
626	26.7482
627	26.7482
628	26.7482
629	26.7482
630	26.7482
631	26.7482
632	26.7482
633	26.7482
634	26.7482
635	26.7482
636	26.7482
637	26.7482
638	26.7482
639	26.7482
640	26.7482
641	26.7482
642	26.7482
643	26.7482
644	26.7482
645	26.7482
646	26.7482
647	26.7482
648	26.7482
649	26.7482
650	26.7482
651	26.7482
652	26.7482
653	26.7482
654	26.7482
655	26.7482
656	26.7482
657	26.7482
658	26.7482
659	26.7482
660	26.7482
661	26.7482
662	26.7482
663	26.7482
664	26.7482
665	26.7482
666	26.7482
667	26.7482
668	26.7482
669	26.7482
670	26.7482
671	26.7482
672	26.7482
673	26.7482
674	26.7482
675	26.7482
676	26.7482
677	26.7482
678	26.7482
679	26.7482
680	26.7482
681	26.7482
682	26.7482
683	26.7482
684	26.7482
685	26.7482
686	26.7482
687	26.7482
688	26.7482
689	26.7482
690	26.7482
691	26.7482
692	26.7482
693	26.7482
694	26.7482
695	26.7482
696	26.7482
697	26.7482
698	26.7482
699	26.7482
700	26.7482
701	26.7482
702	26.7482
703	26.7482
704	26.7482
705	26.7482
706	26.7482
707	26.7482
708	26.7482
709	26.7482
710	26.7482
711	26.7482
712	26.7482
713	26.7482
714	26.7482
715	26.7482
716	26.7482
717	26.7482
718	26.7482
719	26.7482
720	26.7482
721	26.7482
722	26.7482
723	26.7482
724	26.7482
725	26.7482
726	26.7482
727	26.7482
728	26.7482
729	26.7482
730	26.7482
731	26.7482
732	26.7482
733	26.7482
734	26.7482
735	26.7482
736	26.7482
737	26.7482
738	26.7482
739	26.7482
740	26.7482
741	26.7482
742	26.7482
743	26.7482
744	26.7482
745	26.7482
746	26.7482
747	26.7482
748	26.7482
749	26.7482
750	26.7482
751	26.7482
752	26.7482
753	26.7482
754	26.7482
755	26.2396
