Ne averages over 40 independent estimates.
Generation	Geometric_mean
1	26.1724
2	26.1724
3	26.1724
4	26.1724
5	26.1179
6	28.3304
7	30.9375
8	36.212
9	53.8391
10	61.2941
11	164.283
12	310.098
13	333.573
14	336.37
15	403.347
16	569.745
17	559.55
18	613.264
19	702.658
20	943.388
21	971.462
22	984.166
23	1117.21
24	1216.11
25	1244.74
26	1315.22
27	1319.68
28	1290.07
29	1305.9
30	1304.88
31	1300.85
32	1296.27
33	1344.34
34	1353.99
35	1365.81
36	1360.05
37	1362.14
38	1360.42
39	1359.31
40	1381.32
41	1394.25
42	1416.44
43	1406.99
44	1398.07
45	1381.03
46	1375.71
47	1394.25
48	1414.06
49	1424.62
50	1438.57
51	1472.6
52	1470.91
53	1440.36
54	1397.62
55	1350.01
56	1343.32
57	1360.57
58	1362.84
59	1388.92
60	1377.36
61	1367.68
62	1334.84
63	1225.61
64	1202.77
65	1206.09
66	1074.64
67	1036.76
68	1021.51
69	978.395
70	924.367
71	909.677
72	843.225
73	841.837
74	825.108
75	735.571
76	666.21
77	636.842
78	697.311
79	713.122
80	729.022
81	747.569
82	709.606
83	713.203
84	802.054
85	835.64
86	815.229
87	833.126
88	989.626
89	981.063
90	988.796
91	1002.52
92	1017.4
93	1044.09
94	1101.54
95	1147.61
96	1187.74
97	1170.73
98	1151.35
99	1125.35
100	1106.14
101	1122.9
102	1180.73
103	1158.5
104	1121.14
105	1105.26
106	1047.61
107	1034.24
108	1022.29
109	1044.06
110	1047.54
111	1043.23
112	1016.05
113	995.546
114	964.566
115	897.592
116	836.331
117	782.944
118	771.702
119	752.939
120	704.55
121	699.864
122	693.608
123	681.472
124	663.595
125	623.992
126	580.451
127	569.856
128	555.895
129	526.227
130	506.511
131	505.632
132	500.619
133	489.682
134	484.092
135	480.89
136	477.089
137	479.913
138	467.074
139	457.042
140	439.752
141	431.154
142	429.105
143	423.107
144	417.636
145	415.715
146	406.806
147	401.621
148	395.567
149	386.49
150	385.32
151	383.406
152	381.177
153	382.039
154	375.801
155	371.164
156	366.271
157	361.866
158	361.508
159	360.979
160	357.67
161	355.366
162	342.55
163	331.663
164	317.759
165	306.928
166	281.406
167	255.787
168	245.128
169	231.047
170	228.501
171	215.89
172	195.345
173	180.067
174	163.937
175	140.233
176	125.257
177	111.661
178	99.7996
179	90.4311
180	83.964
181	81.5493
182	77.5903
183	73.5878
184	69.7448
185	64.2136
186	61.3738
187	60.8869
188	59.4573
189	55.5558
190	51.636
191	49.4985
192	46.848
193	44.1741
194	42.4779
195	41.7685
196	40.8187
197	40.4225
198	37.7916
199	36.474
200	33.4329
201	28.6971
202	26.2329
203	23.9855
204	23.0687
205	22.3561
206	21.5684
207	21.1518
208	21.0178
209	20.9106
210	20.6192
211	20.4718
212	20.5197
213	20.6886
214	20.776
215	20.7731
216	20.7649
217	20.7394
218	20.7514
219	20.7139
220	20.6468
221	20.5333
222	20.5114
223	20.5126
224	20.5744
225	20.5903
226	20.5747
227	20.6542
228	20.6641
229	20.6277
230	20.9607
231	21.0074
232	21.6585
233	22.0676
234	22.0977
235	22.4273
236	22.4594
237	22.4352
238	22.3293
239	22.2167
240	22.1888
241	22.0538
242	21.8944
243	21.8867
244	21.8818
245	21.8298
246	21.9013
247	21.8894
248	21.875
249	21.8314
250	21.6978
251	21.7426
252	21.8207
253	21.8179
254	21.7865
255	21.8105
256	21.7118
257	21.6953
258	21.7109
259	21.7377
260	21.7454
261	21.7952
262	21.8287
263	21.8917
264	21.8831
265	21.9252
266	21.9705
267	21.959
268	21.944
269	21.9509
270	21.9543
271	21.9657
272	21.9657
273	21.9804
274	21.9609
275	21.9562
276	21.9463
277	21.948
278	21.9629
279	21.9632
280	21.9329
281	21.9279
282	21.9293
283	21.9306
284	21.9306
285	21.9306
286	21.9306
287	21.9306
288	21.9306
289	21.9306
290	21.9306
291	21.9048
292	21.9048
293	21.9048
294	21.9048
295	21.9048
296	21.9048
297	21.867
298	21.8228
299	21.8228
300	21.8228
301	21.8228
302	21.8098
303	21.7366
304	21.7149
305	21.7149
306	21.7256
307	21.7274
308	21.7307
309	21.733
310	21.7495
311	21.754
312	21.7605
313	21.7658
314	21.7688
315	21.7683
316	21.7759
317	21.7772
318	21.7772
319	21.7682
320	21.7625
321	21.7502
322	21.7226
323	21.6836
324	21.6678
325	21.6678
326	21.5467
327	21.4979
328	21.4748
329	21.4372
330	21.4372
331	21.4258
332	21.4258
333	21.4258
334	21.3792
335	21.3206
336	21.2806
337	21.2344
338	21.1958
339	21.1174
340	21.1319
341	21.0398
342	20.9964
343	21.0046
344	21.0267
345	21.0536
346	21.0637
347	21.0717
348	21.0831
349	21.0815
350	21.0967
351	21.1282
352	21.1397
353	21.1582
354	21.1671
355	21.1733
356	21.1782
357	21.1791
358	21.1781
359	21.1813
360	21.1779
361	21.2518
362	21.3082
363	21.4591
364	21.5378
365	21.6107
366	21.6088
367	21.6
368	21.6013
369	21.6051
370	21.5755
371	21.5729
372	21.6789
373	21.7153
374	21.7525
375	21.7969
376	21.7969
377	21.8001
378	21.8001
379	21.7828
380	21.7097
381	21.658
382	21.6601
383	21.6885
384	21.7147
385	21.7353
386	21.8335
387	21.882
388	21.8821
389	21.9346
390	21.9605
391	21.9943
392	21.9947
393	22.002
394	22.002
395	21.9664
396	21.9664
397	21.9365
398	21.9365
399	21.9365
400	21.9365
401	21.9365
402	21.9365
403	21.9365
404	21.9364
405	21.9354
406	21.9354
407	21.9354
408	21.9354
409	21.9378
410	21.9431
411	21.9398
412	21.9211
413	21.9237
414	21.9136
415	21.898
416	21.9055
417	21.9406
418	21.9273
419	21.9472
420	21.9649
421	21.9793
422	21.9745
423	22.0364
424	22.0689
425	22.0923
426	22.077
427	22.1547
428	22.1215
429	22.0806
430	22.0075
431	21.9196
432	21.9196
433	21.9089
434	21.9014
435	21.9183
436	21.9183
437	21.9264
438	21.9264
439	21.9415
440	21.9415
441	21.9519
442	21.9687
443	21.9574
444	21.9582
445	21.944
446	21.9316
447	21.8987
448	21.8286
449	21.8183
450	21.7243
451	21.7175
452	21.7175
453	21.7413
454	21.7738
455	21.7738
456	21.7738
457	21.7656
458	21.7628
459	21.7619
460	21.7619
461	21.7373
462	21.7383
463	21.7674
464	21.7879
465	21.8023
466	21.8178
467	21.8178
468	21.8252
469	21.837
470	21.8515
471	21.8521
472	21.8578
473	21.8674
474	21.8777
475	21.8875
476	21.8875
477	21.8875
478	21.8875
479	21.8875
480	21.8875
481	21.8875
482	21.8908
483	21.8908
484	21.8908
485	21.8908
486	21.8908
487	21.8908
488	21.8908
489	21.8908
490	21.8908
491	21.8908
492	21.8908
493	21.8908
494	21.8908
495	21.8908
496	21.8908
497	21.8908
498	21.8908
499	21.8908
500	21.8908
501	21.8908
502	21.8908
503	21.8908
504	21.8908
505	21.8908
506	21.8908
507	21.8908
508	21.8908
509	21.8908
510	21.8908
511	21.8908
512	21.8908
513	21.8908
514	21.8908
515	21.8908
516	21.8908
517	21.8908
518	21.8908
519	21.8908
520	21.8908
521	21.8908
522	21.8908
523	21.8908
524	21.8908
525	21.8908
526	21.8908
527	21.8908
528	21.8908
529	21.8908
530	21.8908
531	21.8908
532	21.8908
533	21.8908
534	21.8908
535	21.8908
536	21.8908
537	21.8908
538	21.8908
539	21.8908
540	21.8908
541	21.8908
542	21.8908
543	21.8908
544	21.8908
545	21.8908
546	21.8908
547	21.8908
548	21.8908
549	21.8908
550	21.8908
551	21.8908
552	21.8908
553	21.8908
554	21.8908
555	21.8908
556	21.8908
557	21.8908
558	21.8908
559	21.8908
560	21.8908
561	21.8908
562	21.8908
563	21.8908
564	21.8908
565	21.8908
566	21.8908
567	21.8908
568	21.8908
569	21.8908
570	21.8908
571	21.8908
572	21.8908
573	21.8908
574	21.8908
575	21.8908
576	21.8908
577	21.8908
578	21.8908
579	21.8908
580	21.8908
581	21.8908
582	21.8908
583	21.8908
584	21.8908
585	21.8908
586	21.8908
587	21.8908
588	21.8908
589	21.8908
590	21.8908
591	21.8908
592	21.8908
593	21.8908
594	21.8908
595	21.8908
596	21.8908
597	21.8908
598	21.8908
599	21.8908
600	21.8908
601	21.8908
602	21.8908
603	21.8908
604	21.8908
605	21.8908
606	21.8908
607	21.8908
608	21.8908
609	21.8908
610	21.8908
611	21.8908
612	21.8908
613	21.8908
614	21.8908
615	21.8908
616	21.8908
617	21.8908
618	21.8908
619	21.8908
620	21.8908
621	21.8908
622	21.8908
623	21.8908
624	21.8908
625	21.8908
626	21.8908
627	21.8908
628	21.8908
629	21.8908
630	21.8908
631	21.8908
632	21.8908
633	21.8908
634	21.8908
635	21.8908
636	21.8908
637	21.8908
638	21.8908
639	21.8908
640	21.8908
641	21.8908
642	21.8908
643	21.8908
644	21.8908
645	21.8908
646	21.8908
647	21.8908
648	21.8908
649	21.8908
650	21.8908
651	21.8908
652	21.8908
653	21.8908
654	21.8908
655	21.8908
656	21.8908
657	21.8908
658	21.8908
659	21.8908
660	21.8908
661	21.8908
662	21.8908
663	21.8908
664	21.8908
665	21.8908
666	21.8908
667	21.8908
668	21.8908
669	21.8908
670	21.8908
671	21.8908
672	21.8908
673	21.8908
674	21.8908
675	21.8908
676	21.8908
677	21.8908
678	21.8908
679	21.8908
680	21.8908
681	21.8908
682	21.8908
683	21.8908
684	21.8908
685	21.8908
686	21.8908
687	21.8908
688	21.8908
689	21.8908
690	21.8908
691	21.8908
692	21.8908
693	21.8908
694	21.8908
695	21.8908
696	21.8908
697	21.8908
698	21.8908
699	21.8908
700	21.8908
701	21.8908
702	21.8908
703	21.8908
704	21.8908
705	21.8908
706	21.8908
707	21.8908
708	21.8908
709	21.8908
710	21.8908
711	21.8908
712	21.8908
713	21.8908
714	21.8908
715	21.8908
716	21.8908
717	21.8908
718	21.8908
719	21.8908
720	21.8908
721	21.8908
722	21.8908
723	21.8908
724	21.8908
725	21.8908
726	21.8908
727	21.8908
728	21.8908
729	21.8908
730	21.8908
731	21.8908
732	21.8908
733	21.8908
734	21.8908
735	21.8908
736	21.8908
737	21.8908
738	21.8908
739	21.8908
740	21.8908
741	21.8908
742	21.8908
743	21.8908
744	21.8908
745	21.8908
746	21.8908
747	21.8908
748	21.8908
749	21.8908
750	21.8908
751	21.8908
752	21.8908
753	21.8908
754	21.8908
755	22.3301
