Ne averages over 40 independent estimates.
Generation	Geometric_mean
1	24.0347
2	24.0347
3	24.0347
4	24.0347
5	31.9586
6	31.637
7	37.8294
8	42.7444
9	60.5174
10	107.578
11	184.612
12	255.39
13	264.509
14	276.835
15	298.63
16	305.336
17	384.364
18	384.878
19	457.689
20	461.223
21	486.491
22	623.576
23	636.358
24	655.745
25	790.845
26	811.488
27	1020.48
28	1106.05
29	1134.68
30	1224.07
31	1280.3
32	1321.5
33	1325.6
34	1333.04
35	1330.09
36	1326.37
37	1317.38
38	1307.27
39	1315.27
40	1309.46
41	1309.14
42	1285.72
43	1271.1
44	1255.66
45	1225.61
46	1229.69
47	1223.71
48	1218.94
49	1223.83
50	1213.26
51	1172.95
52	1175.84
53	1188.45
54	1200.66
55	1128.99
56	1083.29
57	1058.62
58	1035.3
59	1013.71
60	994.565
61	971.083
62	964.398
63	959.669
64	941.355
65	953.559
66	942.159
67	941.742
68	826.428
69	732.065
70	704.671
71	658.744
72	637.227
73	649.589
74	605.195
75	564.791
76	489.365
77	446.24
78	381.514
79	409.631
80	370.94
81	334.382
82	294.357
83	321.731
84	323.185
85	369.898
86	414.707
87	425.914
88	432.604
89	435.535
90	476.176
91	507.369
92	540.285
93	551.718
94	624.456
95	630.523
96	626.888
97	615.715
98	642.306
99	677.511
100	673.548
101	664.263
102	661.594
103	661.269
104	663.642
105	710.642
106	708.797
107	687.238
108	676.001
109	666.492
110	632.067
111	601.019
112	597.78
113	600.845
114	607.139
115	588.155
116	560.145
117	534.232
118	503.87
119	484.563
120	462.439
121	454.409
122	447.654
123	416.238
124	407.515
125	390.278
126	386.452
127	390.706
128	388.029
129	375.087
130	372.515
131	370.419
132	358.682
133	350.465
134	343.453
135	342.25
136	337.184
137	333.344
138	326.566
139	310.255
140	298.385
141	294.499
142	294.436
143	296.022
144	292.848
145	292.659
146	294.546
147	291.527
148	289.888
149	285.703
150	285.86
151	278.531
152	270.911
153	265.484
154	265.766
155	265.498
156	264.762
157	266.402
158	259.883
159	250.275
160	241.89
161	236.363
162	228.519
163	224.82
164	220.19
165	219.856
166	214.05
167	203.201
168	197.935
169	182.11
170	171.508
171	156.226
172	139.496
173	130.158
174	128.531
175	116.239
176	106.903
177	99.0802
178	92.0539
179	86.8982
180	84.0541
181	80.0876
182	78.4856
183	72.4231
184	65.0247
185	58.4712
186	53.512
187	50.5901
188	46.186
189	43.518
190	42.6083
191	42.6132
192	42.926
193	42.6486
194	41.9049
195	41.7498
196	40.926
197	38.3273
198	35.6317
199	32.9337
200	30.0566
201	29.6305
202	28.9765
203	28.8314
204	28.8909
205	28.85
206	28.8179
207	28.3358
208	28.0376
209	27.7397
210	27.5955
211	27.6752
212	27.2208
213	27.1448
214	26.7981
215	26.6722
216	26.5371
217	26.2675
218	26.1884
219	26.3272
220	26.4063
221	26.4946
222	26.4389
223	26.3483
224	26.4963
225	26.5107
226	27.0946
227	28.2574
228	28.8854
229	29.021
230	29.0859
231	29.1523
232	29.2081
233	29.592
234	29.7096
235	29.8015
236	30.0797
237	30.4341
238	30.6003
239	31.1485
240	31.5917
241	32.0882
242	32.2253
243	32.3805
244	32.3945
245	32.3175
246	32.273
247	32.1588
248	32.0033
249	32.03
250	32.0356
251	32.0487
252	32.0826
253	32.0727
254	32.0727
255	32.0893
256	32.0882
257	32.1061
258	32.1122
259	32.1151
260	32.1132
261	32.1243
262	32.1309
263	32.1247
264	32.141
265	32.0241
266	32.0218
267	31.9288
268	31.8979
269	31.9122
270	31.9223
271	31.9468
272	31.9181
273	31.9155
274	32.0412
275	32.1581
276	32.4067
277	32.6722
278	32.6994
279	32.9644
280	33.1645
281	33.1077
282	33.1309
283	33.084
284	33.0174
285	32.9741
286	32.9562
287	32.8359
288	32.7445
289	32.7157
290	32.7036
291	32.702
292	32.7061
293	32.7159
294	32.7457
295	32.7591
296	32.8194
297	32.8503
298	32.8514
299	32.9108
300	32.944
301	33.0043
302	33.0325
303	33.0129
304	32.9225
305	32.9336
306	32.8337
307	32.7363
308	32.7878
309	32.7795
310	32.8853
311	32.9651
312	32.9808
313	32.9518
314	32.8894
315	32.8766
316	32.8278
317	32.8073
318	32.7227
319	32.688
320	32.6268
321	32.5901
322	32.58
323	32.5847
324	32.5407
325	32.5385
326	32.5385
327	32.3938
328	32.3688
329	32.3519
330	32.3499
331	32.411
332	32.4184
333	32.4184
334	32.4184
335	32.4193
336	32.4193
337	32.4059
338	32.3678
339	32.3795
340	32.3921
341	32.4345
342	32.447
343	32.4392
344	32.4401
345	32.4657
346	32.4719
347	32.4711
348	32.4795
349	32.4912
350	32.4824
351	32.4994
352	32.5059
353	32.5166
354	32.4965
355	32.5403
356	32.4235
357	32.4121
358	32.3818
359	32.3797
360	32.3437
361	32.3395
362	32.2879
363	32.2607
364	32.2442
365	32.2393
366	32.2181
367	32.2003
368	32.1602
369	32.1605
370	32.1598
371	32.1598
372	32.1598
373	32.1598
374	32.1598
375	32.1593
376	32.1593
377	32.1593
378	32.1593
379	32.1593
380	32.1593
381	32.1593
382	32.1593
383	32.1593
384	32.1639
385	32.1707
386	32.1479
387	32.1324
388	32.1339
389	32.1523
390	32.1816
391	32.1829
392	32.1824
393	32.1824
394	32.178
395	32.174
396	32.174
397	32.174
398	32.2048
399	32.3321
400	32.3806
401	32.39
402	32.426
403	32.5992
404	32.6515
405	32.6515
406	32.65
407	32.6625
408	32.6457
409	32.6457
410	32.651
411	32.651
412	32.651
413	32.6486
414	32.6319
415	32.6247
416	32.6175
417	32.6175
418	32.627
419	32.6309
420	32.6285
421	32.6285
422	32.6285
423	32.6308
424	32.6308
425	32.6308
426	32.6308
427	32.6308
428	32.6308
429	32.6308
430	32.6308
431	32.6308
432	32.6308
433	32.6308
434	32.6308
435	32.6299
436	32.6319
437	32.6319
438	32.6319
439	32.6319
440	32.6319
441	32.615
442	32.615
443	32.615
444	32.615
445	32.615
446	32.615
447	32.615
448	32.615
449	32.615
450	32.615
451	32.615
452	32.615
453	32.615
454	32.615
455	32.6177
456	32.6177
457	32.6177
458	32.6177
459	32.6339
460	32.6611
461	32.6611
462	32.6611
463	32.6611
464	32.6611
465	32.6611
466	32.6611
467	32.6611
468	32.6639
469	32.6639
470	32.6421
471	32.6461
472	32.6766
473	32.5753
474	32.5442
475	32.5441
476	32.5478
477	32.5586
478	32.5602
479	32.5594
480	32.5594
481	32.5594
482	32.5603
483	32.5603
484	32.5603
485	32.5603
486	32.5603
487	32.5603
488	32.5603
489	32.5603
490	32.5603
491	32.5603
492	32.5603
493	32.5603
494	32.5603
495	32.5603
496	32.5603
497	32.5603
498	32.5603
499	32.5603
500	32.5603
501	32.5603
502	32.5603
503	32.5603
504	32.5603
505	32.5603
506	32.5603
507	32.5603
508	32.5603
509	32.5603
510	32.5603
511	32.5603
512	32.5603
513	32.5603
514	32.5603
515	32.5603
516	32.5603
517	32.5603
518	32.5603
519	32.5603
520	32.5603
521	32.5603
522	32.5603
523	32.5603
524	32.5603
525	32.5603
526	32.5603
527	32.5603
528	32.5603
529	32.5603
530	32.5603
531	32.5603
532	32.5603
533	32.5603
534	32.5603
535	32.5603
536	32.5603
537	32.5603
538	32.5603
539	32.5603
540	32.5603
541	32.5603
542	32.5603
543	32.5603
544	32.5603
545	32.5603
546	32.5603
547	32.5603
548	32.5603
549	32.5603
550	32.5603
551	32.5603
552	32.5603
553	32.5603
554	32.5603
555	32.5603
556	32.5603
557	32.5603
558	32.5603
559	32.5603
560	32.5603
561	32.5603
562	32.5603
563	32.5603
564	32.5603
565	32.5603
566	32.5603
567	32.5603
568	32.5603
569	32.5603
570	32.5603
571	32.5603
572	32.5603
573	32.5603
574	32.5603
575	32.5603
576	32.5603
577	32.5603
578	32.5603
579	32.5603
580	32.5603
581	32.5603
582	32.5603
583	32.5603
584	32.5603
585	32.5603
586	32.5603
587	32.5603
588	32.5603
589	32.5603
590	32.5603
591	32.5603
592	32.5603
593	32.5603
594	32.5603
595	32.5603
596	32.5603
597	32.5603
598	32.5603
599	32.5603
600	32.5603
601	32.5603
602	32.5603
603	32.5603
604	32.5603
605	32.5603
606	32.5603
607	32.5603
608	32.5603
609	32.5603
610	32.5603
611	32.5603
612	32.5603
613	32.5603
614	32.5603
615	32.5603
616	32.5603
617	32.5603
618	32.5603
619	32.5603
620	32.5603
621	32.5603
622	32.5603
623	32.5603
624	32.5603
625	32.5603
626	32.5603
627	32.5603
628	32.5603
629	32.5603
630	32.5603
631	32.5603
632	32.5603
633	32.5603
634	32.5603
635	32.5603
636	32.5603
637	32.5603
638	32.5603
639	32.5603
640	32.5603
641	32.5603
642	32.5603
643	32.5603
644	32.5603
645	32.5603
646	32.5603
647	32.5603
648	32.5603
649	32.5603
650	32.5603
651	32.5603
652	32.5603
653	32.5603
654	32.5603
655	32.5603
656	32.5603
657	32.5603
658	32.5603
659	32.5603
660	32.5603
661	32.5603
662	32.5603
663	32.5603
664	32.5603
665	32.5603
666	32.5603
667	32.5603
668	32.5603
669	32.5603
670	32.5603
671	32.5603
672	32.5603
673	32.5603
674	32.5603
675	32.5603
676	32.5603
677	32.5603
678	32.5603
679	32.5603
680	32.5603
681	32.5603
682	32.5603
683	32.5603
684	32.5603
685	32.5603
686	32.5603
687	32.5603
688	32.5603
689	32.5603
690	32.5603
691	32.5603
692	32.5603
693	32.5603
694	32.5603
695	32.5603
696	32.5603
697	32.5603
698	32.5603
699	32.5603
700	32.5603
701	32.5603
702	32.5603
703	32.5603
704	32.5603
705	32.5603
706	32.5603
707	32.5603
708	32.5603
709	32.5603
710	32.5603
711	32.5603
712	32.5603
713	32.5603
714	32.5603
715	32.5603
716	32.5603
717	32.5603
718	32.5603
719	32.5603
720	32.5603
721	32.5603
722	32.5603
723	32.5603
724	32.5603
725	32.5603
726	32.5603
727	32.5603
728	32.5603
729	32.5603
730	32.5603
731	32.5603
732	32.5603
733	32.5603
734	32.5603
735	32.5603
736	32.5603
737	32.5603
738	32.5603
739	32.5603
740	32.5603
741	32.5603
742	32.5603
743	32.5603
744	32.5603
745	32.5603
746	32.5603
747	32.5603
748	32.5603
749	32.5603
750	32.5603
751	32.5603
752	32.5603
753	32.5603
754	32.5603
755	31.7567
