Ne averages over 40 independent estimates.
Generation	Geometric_mean
1	23.4152
2	23.4152
3	23.4152
4	23.4152
5	35.7616
6	42.3273
7	54.9348
8	52.4292
9	73.7834
10	140.927
11	222.814
12	397.021
13	399.629
14	465.853
15	483.505
16	481.902
17	493.071
18	507.591
19	506.563
20	573.581
21	596.495
22	595.504
23	604.299
24	661.528
25	657.395
26	668.907
27	675.895
28	687.069
29	695.239
30	708.687
31	712.815
32	700.966
33	711.519
34	725.561
35	722.075
36	671.577
37	671.376
38	669.202
39	672.575
40	659.015
41	659.641
42	608.605
43	611.706
44	620.721
45	625.407
46	672.347
47	669.198
48	665.434
49	666.579
50	670.29
51	711.88
52	709.429
53	700.256
54	686.369
55	676.592
56	666.776
57	666.421
58	648.13
59	648.141
60	618.019
61	585.071
62	527.847
63	499.958
64	453.014
65	409.004
66	360.297
67	338.916
68	223.514
69	197.066
70	194.082
71	180.558
72	176.881
73	149.402
74	141.409
75	134.581
76	123.297
77	123.769
78	110.571
79	117.686
80	116.846
81	134.739
82	180.638
83	184.914
84	183.757
85	204.446
86	221.908
87	249.183
88	276.495
89	287.79
90	313.474
91	318.878
92	320.892
93	332.121
94	358.286
95	359.697
96	401.947
97	402.052
98	417.288
99	417.274
100	416.695
101	418.702
102	417.967
103	407.205
104	400.55
105	388.684
106	392.593
107	389.899
108	391.795
109	386.562
110	392.76
111	398.653
112	402.27
113	405.03
114	403.278
115	401.716
116	400.065
117	398.249
118	393.126
119	385.26
120	374.488
121	368.125
122	361.991
123	358.202
124	346.444
125	337.351
126	335.316
127	329.752
128	320.839
129	322.43
130	308.556
131	298.176
132	294.47
133	289.927
134	281.793
135	276.995
136	272.838
137	264.644
138	261.141
139	263.803
140	257.768
141	255.264
142	247.731
143	242.489
144	238.198
145	234.232
146	226.176
147	221.157
148	216.756
149	212.866
150	211.34
151	211.23
152	214.302
153	219.515
154	227.941
155	231.291
156	231.576
157	231.846
158	229.3
159	229.715
160	227.028
161	213.081
162	207.046
163	205.439
164	204.836
165	202.663
166	201.965
167	199.283
168	199.122
169	199.077
170	198.424
171	196.774
172	192.037
173	188.466
174	186.852
175	184.814
176	179.209
177	176.081
178	162.258
179	158.392
180	152.919
181	150.219
182	153.04
183	148.701
184	135.34
185	122.786
186	114.915
187	108.227
188	108.137
189	108.812
190	108.891
191	107.941
192	107.735
193	105.106
194	99.5531
195	87.4684
196	76.24
197	68.3438
198	60.3406
199	56.1502
200	54.151
201	52.1579
202	51.7891
203	49.6581
204	47.2161
205	45.2119
206	43.9065
207	43.3262
208	43.3878
209	43.6126
210	43.8481
211	44.2182
212	44.4099
213	44.8834
214	44.9791
215	45.3352
216	45.2352
217	45.2869
218	45.4222
219	45.1829
220	44.655
221	44.2046
222	44.0703
223	43.7963
224	43.9332
225	44.6614
226	45.9116
227	47.8191
228	47.7446
229	47.7451
230	47.7127
231	47.6101
232	47.5803
233	47.5656
234	47.5603
235	47.6681
236	47.7734
237	47.7992
238	47.9108
239	48.0634
240	47.9256
241	48.1056
242	48.3594
243	48.4229
244	48.4765
245	48.4791
246	48.3912
247	48.4147
248	48.3864
249	48.3805
250	48.3608
251	48.3235
252	48.323
253	48.4442
254	48.5578
255	49.6523
256	51.312
257	52.5883
258	52.7549
259	52.797
260	53.3617
261	54.5085
262	54.5187
263	54.519
264	54.561
265	54.6153
266	54.6456
267	54.626
268	54.7444
269	54.7679
270	54.824
271	54.8891
272	54.9413
273	55.0232
274	55.0614
275	54.9723
276	55.0404
277	55.099
278	55.2066
279	55.2882
280	55.3707
281	55.4629
282	55.3187
283	55.2841
284	55.0464
285	54.9144
286	54.9259
287	54.8874
288	54.8909
289	54.9323
290	54.9951
291	55.0198
292	55.2216
293	55.112
294	54.9076
295	55.0503
296	55.0249
297	54.9171
298	54.8771
299	54.8454
300	54.7972
301	54.8239
302	54.8084
303	54.7767
304	54.774
305	54.7361
306	54.7082
307	54.7082
308	54.7003
309	54.7003
310	54.6888
311	54.7079
312	54.7948
313	54.9439
314	55.2123
315	55.7052
316	56.0833
317	56.3476
318	56.3476
319	56.2746
320	56.3698
321	56.37
322	56.3191
323	56.2742
324	56.2533
325	56.2451
326	56.2403
327	56.2276
328	56.2133
329	56.2103
330	56.2231
331	56.2859
332	56.4754
333	56.5073
334	56.6557
335	56.6722
336	56.6722
337	56.6722
338	56.6722
339	56.6722
340	56.6722
341	56.6722
342	56.6722
343	56.6722
344	56.6722
345	56.6722
346	56.6722
347	56.6619
348	56.659
349	56.6614
350	56.6614
351	56.6705
352	56.6781
353	56.6806
354	56.6635
355	56.6635
356	56.6635
357	56.6635
358	56.8229
359	56.8352
360	56.9867
361	57.0538
362	57.066
363	57.3389
364	57.6248
365	57.7256
366	57.7443
367	57.8221
368	57.8055
369	58.0431
370	58.1513
371	58.2146
372	58.1252
373	58.1195
374	58.059
375	58.0017
376	57.9789
377	57.9512
378	57.9512
379	57.9378
380	57.8353
381	57.5356
382	57.2083
383	57.2073
384	57.1126
385	57.1236
386	56.9496
387	56.941
388	57.0248
389	57.2515
390	57.3061
391	57.9111
392	58.0635
393	58.5473
394	58.6903
395	58.6903
396	58.7972
397	58.8437
398	58.8896
399	58.9223
400	58.9677
401	59.0023
402	59.1628
403	59.2241
404	59.2333
405	59.221
406	59.2438
407	59.2835
408	59.284
409	59.284
410	59.2752
411	59.2584
412	59.1155
413	58.9622
414	58.7234
415	58.5285
416	58.4164
417	58.3394
418	58.286
419	58.1972
420	58.1972
421	58.2076
422	58.1881
423	58.2258
424	58.2394
425	58.2394
426	58.325
427	58.375
428	58.4551
429	58.4938
430	58.5584
431	58.6822
432	58.7471
433	58.7611
434	58.781
435	58.7648
436	58.7648
437	58.7648
438	58.7788
439	58.7975
440	58.8005
441	58.7834
442	58.8117
443	58.8276
444	58.862
445	58.8818
446	58.8818
447	58.8589
448	58.8589
449	58.9223
450	59.0776
451	59.2307
452	59.3016
453	59.3709
454	59.4478
455	59.5152
456	59.5183
457	59.5183
458	59.6026
459	59.6026
460	59.6026
461	59.7196
462	59.7787
463	59.8888
464	59.9319
465	60.0824
466	60.1118
467	60.1713
468	60.1713
469	60.1713
470	60.1657
471	60.1831
472	60.2077
473	60.2247
474	60.2247
475	60.2247
476	60.2654
477	60.3043
478	60.3043
479	60.2934
480	60.3006
481	60.4113
482	60.4239
483	60.4239
484	60.446
485	60.4732
486	60.489
487	60.489
488	60.489
489	60.489
490	60.489
491	60.489
492	60.489
493	60.489
494	60.489
495	60.489
496	60.489
497	60.489
498	60.489
499	60.489
500	60.489
501	60.489
502	60.489
503	60.489
504	60.489
505	60.489
506	60.489
507	60.489
508	60.489
509	60.489
510	60.489
511	60.489
512	60.489
513	60.489
514	60.489
515	60.489
516	60.489
517	60.489
518	60.489
519	60.489
520	60.489
521	60.489
522	60.489
523	60.489
524	60.489
525	60.489
526	60.489
527	60.489
528	60.489
529	60.489
530	60.489
531	60.489
532	60.489
533	60.489
534	60.489
535	60.489
536	60.489
537	60.489
538	60.489
539	60.489
540	60.489
541	60.489
542	60.489
543	60.489
544	60.489
545	60.489
546	60.489
547	60.489
548	60.489
549	60.489
550	60.489
551	60.489
552	60.489
553	60.489
554	60.489
555	60.489
556	60.489
557	60.489
558	60.489
559	60.489
560	60.489
561	60.489
562	60.489
563	60.489
564	60.489
565	60.489
566	60.489
567	60.489
568	60.489
569	60.489
570	60.489
571	60.489
572	60.489
573	60.489
574	60.489
575	60.489
576	60.489
577	60.489
578	60.489
579	60.489
580	60.489
581	60.489
582	60.489
583	60.489
584	60.489
585	60.489
586	60.489
587	60.489
588	60.489
589	60.489
590	60.489
591	60.489
592	60.489
593	60.489
594	60.489
595	60.489
596	60.489
597	60.489
598	60.489
599	60.489
600	60.489
601	60.489
602	60.489
603	60.489
604	60.489
605	60.489
606	60.489
607	60.489
608	60.489
609	60.489
610	60.489
611	60.489
612	60.489
613	60.489
614	60.489
615	60.489
616	60.489
617	60.489
618	60.489
619	60.489
620	60.489
621	60.489
622	60.489
623	60.489
624	60.489
625	60.489
626	60.489
627	60.489
628	60.489
629	60.489
630	60.489
631	60.489
632	60.489
633	60.489
634	60.489
635	60.489
636	60.489
637	60.489
638	60.489
639	60.489
640	60.489
641	60.489
642	60.489
643	60.489
644	60.489
645	60.489
646	60.489
647	60.489
648	60.489
649	60.489
650	60.489
651	60.489
652	60.489
653	60.489
654	60.489
655	60.489
656	60.489
657	60.489
658	60.489
659	60.489
660	60.489
661	60.489
662	60.489
663	60.489
664	60.489
665	60.489
666	60.489
667	60.489
668	60.489
669	60.489
670	60.489
671	60.489
672	60.489
673	60.489
674	60.489
675	60.489
676	60.489
677	60.489
678	60.489
679	60.489
680	60.489
681	60.489
682	60.489
683	60.489
684	60.489
685	60.489
686	60.489
687	60.489
688	60.489
689	60.489
690	60.489
691	60.489
692	60.489
693	60.489
694	60.489
695	60.489
696	60.489
697	60.489
698	60.489
699	60.489
700	60.489
701	60.489
702	60.489
703	60.489
704	60.489
705	60.489
706	60.489
707	60.489
708	60.489
709	60.489
710	60.489
711	60.489
712	60.489
713	60.489
714	60.489
715	60.489
716	60.489
717	60.489
718	60.489
719	60.489
720	60.489
721	60.489
722	60.489
723	60.489
724	60.489
725	60.489
726	60.489
727	60.489
728	60.489
729	60.489
730	60.489
731	60.489
732	60.489
733	60.489
734	60.489
735	60.489
736	60.489
737	60.489
738	60.489
739	60.489
740	60.489
741	60.489
742	60.489
743	60.489
744	60.489
745	60.489
746	60.489
747	60.489
748	60.489
749	60.489
750	60.489
751	60.489
752	60.489
753	60.489
754	60.489
755	60.2459
