Ne averages over 40 independent estimates.
Generation	Geometric_mean
1	25.4089
2	25.4089
3	25.4089
4	25.4089
5	30.7337
6	32.3945
7	32.614
8	44.6656
9	57.7949
10	105.534
11	219.656
12	278.394
13	287.369
14	315.053
15	338.225
16	409.625
17	493.269
18	509.501
19	735.549
20	770.853
21	787.343
22	784.697
23	893.481
24	929.065
25	1001.55
26	1054.29
27	1087.09
28	1098.39
29	1093.66
30	1073.6
31	1106.56
32	1132.64
33	1116.61
34	1124.73
35	1125.45
36	1157.44
37	1186.71
38	1212.96
39	1199.22
40	1186.22
41	1158.91
42	1129.13
43	1125.85
44	1136.19
45	1176.95
46	1179
47	1176.93
48	1179.05
49	1166.64
50	1164.03
51	1160.98
52	1162.1
53	1130.39
54	1039.65
55	1009.73
56	979.988
57	958.544
58	936.919
59	935.957
60	920.921
61	914.488
62	895.665
63	875.984
64	865.827
65	844.84
66	830.283
67	844.508
68	718.912
69	599.212
70	572.979
71	548.769
72	476.005
73	446.904
74	415.323
75	384.26
76	382.092
77	392.857
78	348.195
79	335.524
80	341.941
81	378.099
82	432.097
83	420.264
84	477.681
85	478.283
86	479.04
87	533.518
88	576.978
89	644.511
90	669.158
91	710.173
92	701.119
93	737.114
94	746.141
95	808.566
96	812.246
97	817.569
98	830.415
99	838.345
100	843.26
101	848.15
102	839.099
103	838.9
104	828.114
105	847.714
106	861.489
107	872.956
108	857.881
109	861.879
110	848.416
111	837.226
112	808.525
113	762.241
114	717.125
115	677.931
116	648.82
117	611.445
118	587.917
119	577.271
120	555.014
121	538.974
122	510.818
123	487.454
124	472.342
125	462.872
126	453.846
127	455.158
128	451.725
129	443.616
130	431.702
131	421.736
132	409.967
133	407.501
134	397.099
135	374.061
136	360.607
137	353.548
138	346.933
139	342.094
140	336.379
141	336.522
142	334.756
143	335.291
144	324.116
145	320.329
146	315.85
147	311.152
148	315.034
149	313.713
150	309.787
151	307.248
152	303.515
153	298.436
154	290.867
155	286.623
156	284.319
157	282.278
158	278.519
159	273.671
160	253.983
161	238.779
162	219.804
163	194.503
164	184.586
165	178.095
166	174.969
167	169.837
168	159.663
169	149.207
170	141.682
171	129.747
172	119.16
173	112.999
174	106.952
175	105.909
176	102.676
177	101.838
178	96.3176
179	90.8731
180	82.5822
181	80.5314
182	78.5228
183	77.4075
184	75.8202
185	72.8691
186	67.8837
187	64.5789
188	60.7219
189	57.3805
190	53.1857
191	51.432
192	50.6971
193	49.1768
194	46.9942
195	45.2986
196	40.5549
197	38.0146
198	37.4359
199	35.804
200	34.7863
201	32.9146
202	31.8746
203	31.6658
204	31.8714
205	31.3518
206	30.6327
207	30.6901
208	29.9161
209	28.9751
210	28.7798
211	27.844
212	27.5936
213	27.5506
214	27.4307
215	27.5584
216	27.558
217	27.7343
218	27.7919
219	28.1774
220	28.2936
221	28.3565
222	28.2738
223	28.498
224	28.5889
225	28.8564
226	28.8627
227	28.964
228	28.7634
229	28.4757
230	28.5259
231	28.3318
232	28.5043
233	28.641
234	28.6975
235	28.7187
236	28.8366
237	29.0025
238	29.1615
239	29.3435
240	29.3885
241	29.2994
242	29.2358
243	29.1586
244	29.1805
245	29.2177
246	29.2069
247	29.3079
248	29.1715
249	28.7274
250	28.5441
251	28.5452
252	28.5395
253	28.5998
254	28.7725
255	28.8599
256	28.8692
257	28.9019
258	28.8654
259	28.7755
260	28.7422
261	28.7356
262	28.7222
263	28.755
264	28.7326
265	28.7326
266	28.7289
267	28.7235
268	28.715
269	28.7225
270	28.7115
271	28.6876
272	28.6876
273	28.6702
274	28.661
275	28.6546
276	28.6546
277	28.6006
278	28.6006
279	28.5564
280	28.57
281	28.5549
282	28.5523
283	28.5523
284	28.5619
285	28.5619
286	28.5196
287	28.4419
288	28.207
289	28.2209
290	28.1911
291	28.1911
292	28.145
293	28.1846
294	28.2136
295	28.2194
296	28.3371
297	28.3451
298	28.4227
299	28.439
300	28.4454
301	28.4779
302	28.4737
303	28.5465
304	28.5728
305	28.6088
306	28.5893
307	28.5207
308	28.3679
309	28.3126
310	28.3428
311	28.3167
312	28.3167
313	28.3049
314	28.2955
315	28.2901
316	28.2901
317	28.2901
318	28.2979
319	28.3078
320	28.3105
321	28.3142
322	28.3128
323	28.3204
324	28.3089
325	28.3086
326	28.3201
327	28.3201
328	28.3201
329	28.3205
330	28.3205
331	28.3205
332	28.3205
333	28.3248
334	28.3362
335	28.3512
336	28.3626
337	28.3803
338	28.3803
339	28.3803
340	28.3803
341	28.3803
342	28.3834
343	28.3769
344	28.37
345	28.3774
346	28.3762
347	28.3887
348	28.4147
349	28.4306
350	28.4384
351	28.4726
352	28.4519
353	28.425
354	28.4123
355	28.4327
356	28.4159
357	28.4166
358	28.4091
359	28.43
360	28.4337
361	28.4289
362	28.4434
363	28.4507
364	28.4509
365	28.4509
366	28.4509
367	28.4509
368	28.4478
369	28.5851
370	28.738
371	28.8293
372	28.8886
373	28.8871
374	28.8952
375	28.8952
376	28.8952
377	28.8952
378	28.8952
379	28.8924
380	28.8924
381	28.8924
382	28.8924
383	28.8924
384	28.8924
385	28.8969
386	28.8969
387	28.9052
388	28.9183
389	28.8367
390	28.8367
391	28.8367
392	28.8388
393	28.8569
394	28.8789
395	29.0338
396	29.0936
397	29.1155
398	29.1597
399	29.1828
400	29.1828
401	29.1944
402	29.1899
403	29.1899
404	29.1926
405	29.1926
406	29.1926
407	29.1961
408	29.1961
409	29.1961
410	29.1961
411	29.1961
412	29.1961
413	29.1961
414	29.1961
415	29.1961
416	29.1961
417	29.2353
418	29.2353
419	29.4814
420	29.5537
421	29.5112
422	29.5066
423	29.5296
424	29.4858
425	29.4915
426	29.493
427	29.4996
428	29.5018
429	29.5018
430	29.5018
431	29.5018
432	29.5018
433	29.5008
434	29.5125
435	29.5243
436	29.5441
437	29.5577
438	29.5602
439	29.5855
440	29.6609
441	29.5683
442	29.6409
443	29.6145
444	29.6533
445	29.7225
446	29.7225
447	29.7225
448	29.7225
449	29.7225
450	29.7225
451	29.7591
452	29.8413
453	29.8413
454	29.8186
455	29.7945
456	29.7945
457	29.7958
458	29.694
459	29.5967
460	29.5967
461	29.4514
462	29.4514
463	29.3441
464	29.3193
465	29.3305
466	29.3294
467	29.3406
468	29.3156
469	29.2803
470	29.2684
471	29.2446
472	29.2446
473	29.2446
474	29.2295
475	29.2107
476	29.2107
477	29.2107
478	29.1965
479	29.1842
480	29.1737
481	29.1777
482	29.1658
483	29.1658
484	29.1658
485	29.1658
486	29.1658
487	29.1658
488	29.1658
489	29.1658
490	29.1658
491	29.1658
492	29.1658
493	29.1658
494	29.1658
495	29.1658
496	29.1658
497	29.1658
498	29.1658
499	29.1658
500	29.1658
501	29.1658
502	29.1658
503	29.1658
504	29.1658
505	29.1658
506	29.1658
507	29.1658
508	29.1658
509	29.1658
510	29.1658
511	29.1658
512	29.1658
513	29.1658
514	29.1658
515	29.1658
516	29.1658
517	29.1658
518	29.1658
519	29.1658
520	29.1658
521	29.1658
522	29.1658
523	29.1658
524	29.1658
525	29.1658
526	29.1658
527	29.1658
528	29.1658
529	29.1658
530	29.1658
531	29.1658
532	29.1658
533	29.1658
534	29.1658
535	29.1658
536	29.1658
537	29.1658
538	29.1658
539	29.1658
540	29.1658
541	29.1658
542	29.1658
543	29.1658
544	29.1658
545	29.1658
546	29.1658
547	29.1658
548	29.1658
549	29.1658
550	29.1658
551	29.1658
552	29.1658
553	29.1658
554	29.1658
555	29.1658
556	29.1658
557	29.1658
558	29.1658
559	29.1658
560	29.1658
561	29.1658
562	29.1658
563	29.1658
564	29.1658
565	29.1658
566	29.1658
567	29.1658
568	29.1658
569	29.1658
570	29.1658
571	29.1658
572	29.1658
573	29.1658
574	29.1658
575	29.1658
576	29.1658
577	29.1658
578	29.1658
579	29.1658
580	29.1658
581	29.1658
582	29.1658
583	29.1658
584	29.1658
585	29.1658
586	29.1658
587	29.1658
588	29.1658
589	29.1658
590	29.1658
591	29.1658
592	29.1658
593	29.1658
594	29.1658
595	29.1658
596	29.1658
597	29.1658
598	29.1658
599	29.1658
600	29.1658
601	29.1658
602	29.1658
603	29.1658
604	29.1658
605	29.1658
606	29.1658
607	29.1658
608	29.1658
609	29.1658
610	29.1658
611	29.1658
612	29.1658
613	29.1658
614	29.1658
615	29.1658
616	29.1658
617	29.1658
618	29.1658
619	29.1658
620	29.1658
621	29.1658
622	29.1658
623	29.1658
624	29.1658
625	29.1658
626	29.1658
627	29.1658
628	29.1658
629	29.1658
630	29.1658
631	29.1658
632	29.1658
633	29.1658
634	29.1658
635	29.1658
636	29.1658
637	29.1658
638	29.1658
639	29.1658
640	29.1658
641	29.1658
642	29.1658
643	29.1658
644	29.1658
645	29.1658
646	29.1658
647	29.1658
648	29.1658
649	29.1658
650	29.1658
651	29.1658
652	29.1658
653	29.1658
654	29.1658
655	29.1658
656	29.1658
657	29.1658
658	29.1658
659	29.1658
660	29.1658
661	29.1658
662	29.1658
663	29.1658
664	29.1658
665	29.1658
666	29.1658
667	29.1658
668	29.1658
669	29.1658
670	29.1658
671	29.1658
672	29.1658
673	29.1658
674	29.1658
675	29.1658
676	29.1658
677	29.1658
678	29.1658
679	29.1658
680	29.1658
681	29.1658
682	29.1658
683	29.1658
684	29.1658
685	29.1658
686	29.1658
687	29.1658
688	29.1658
689	29.1658
690	29.1658
691	29.1658
692	29.1658
693	29.1658
694	29.1658
695	29.1658
696	29.1658
697	29.1658
698	29.1658
699	29.1658
700	29.1658
701	29.1658
702	29.1658
703	29.1658
704	29.1658
705	29.1658
706	29.1658
707	29.1658
708	29.1658
709	29.1658
710	29.1658
711	29.1658
712	29.1658
713	29.1658
714	29.1658
715	29.1658
716	29.1658
717	29.1658
718	29.1658
719	29.1658
720	29.1658
721	29.1658
722	29.1658
723	29.1658
724	29.1658
725	29.1658
726	29.1658
727	29.1658
728	29.1658
729	29.1658
730	29.1658
731	29.1658
732	29.1658
733	29.1658
734	29.1658
735	29.1658
736	29.1658
737	29.1658
738	29.1658
739	29.1658
740	29.1658
741	29.1658
742	29.1658
743	29.1658
744	29.1658
745	29.1658
746	29.1658
747	29.1658
748	29.1658
749	29.1658
750	29.1658
751	29.1658
752	29.1658
753	29.1658
754	29.1658
755	28.9201
