Ne averages over 40 independent estimates.
Generation	Geometric_mean
1	26.5172
2	26.5172
3	26.5172
4	26.5172
5	33.3372
6	29.19
7	34.3744
8	36.1239
9	54.0952
10	109.493
11	182.552
12	231.535
13	315.302
14	316.2
15	323.31
16	377.362
17	508.591
18	524.959
19	578.121
20	642.799
21	766.094
22	776.844
23	846.436
24	998.97
25	1064.27
26	1092.05
27	1119
28	1138.32
29	1136.86
30	1131.25
31	1143.98
32	1144.62
33	1144.47
34	1148.74
35	1175.39
36	1202.18
37	1189.44
38	1198.32
39	1188.74
40	1178.96
41	1185.06
42	1183.01
43	1180.6
44	1190.52
45	1179.47
46	1164.55
47	1157.81
48	1142.88
49	1037.16
50	1004.6
51	978.599
52	979.804
53	945.487
54	891.905
55	899.803
56	902.165
57	884.714
58	891.783
59	950.82
60	983.99
61	1015.69
62	1066.09
63	1112.3
64	1119.53
65	1079.23
66	1033.92
67	961.283
68	910.078
69	870.407
70	808.152
71	681.365
72	635.542
73	580.906
74	578.695
75	488.237
76	428.866
77	406.071
78	403.073
79	387.825
80	352.936
81	324.749
82	317.338
83	349.408
84	406.903
85	435.173
86	496.352
87	504.767
88	595.586
89	612
90	616.132
91	610.358
92	787.198
93	886.179
94	895.714
95	913.528
96	914.354
97	907.816
98	905.178
99	921.216
100	904.86
101	899.531
102	897.447
103	872.925
104	849.329
105	850.073
106	860.124
107	861.324
108	823.273
109	808.498
110	751.364
111	738.946
112	720.55
113	699.5
114	679.821
115	666.318
116	642.172
117	624.924
118	582.996
119	553.561
120	528.911
121	503.977
122	497.626
123	488.36
124	483.922
125	481.527
126	472.411
127	468.041
128	461.206
129	457.241
130	453.841
131	450.01
132	433.74
133	417.319
134	405.522
135	401.97
136	400.355
137	389.006
138	378.97
139	366.878
140	358.937
141	357.471
142	354.214
143	349.656
144	338.739
145	330.675
146	323.402
147	315.614
148	313.939
149	309.707
150	307.466
151	307.488
152	308.12
153	310.46
154	310.441
155	312.128
156	313.934
157	313.106
158	316.684
159	318.059
160	318.996
161	316.583
162	315.901
163	312.49
164	310.881
165	308.977
166	307.238
167	296.712
168	288.114
169	279.065
170	277.35
171	263.512
172	230.239
173	204.073
174	192.893
175	166.705
176	152.115
177	147.462
178	145.546
179	127.327
180	115.972
181	104.569
182	95.6691
183	84.7479
184	80.5776
185	76.8911
186	72.1437
187	68.2111
188	65.8453
189	63.8873
190	62.6824
191	62.4849
192	57.9975
193	55.4798
194	51.9005
195	51.5273
196	50.9374
197	47.617
198	46.5541
199	43.1632
200	39.2992
201	35.4892
202	33.8364
203	31.222
204	29.6541
205	28.4981
206	27.6465
207	27.6017
208	27.7722
209	27.8161
210	27.767
211	27.8491
212	28.0572
213	27.8928
214	27.8699
215	27.7497
216	27.5871
217	27.2294
218	27.1675
219	27.0623
220	27.0259
221	26.854
222	26.8339
223	26.8612
224	26.7092
225	26.198
226	26.1551
227	25.9705
228	25.8818
229	25.8747
230	26.1229
231	26.1553
232	26.2823
233	26.3114
234	26.4434
235	26.6147
236	26.6904
237	26.7787
238	26.9068
239	26.9424
240	26.8917
241	26.9956
242	26.9954
243	26.954
244	27.0375
245	27.0899
246	27.0944
247	27.1013
248	27.1357
249	27.1307
250	27.1018
251	27.052
252	27.0128
253	27.0106
254	26.9922
255	26.9952
256	27.0461
257	27.0995
258	27.1421
259	27.2564
260	27.2684
261	27.2783
262	27.3363
263	27.3476
264	27.326
265	27.3443
266	27.3072
267	27.2967
268	27.6927
269	27.8997
270	27.8895
271	28.1016
272	28.108
273	28.5604
274	29.0764
275	29.301
276	29.352
277	29.6262
278	29.6558
279	29.6526
280	29.638
281	29.6122
282	29.6189
283	29.6511
284	29.7185
285	29.7532
286	29.7646
287	29.7812
288	29.7971
289	29.8073
290	29.8101
291	29.8101
292	29.8135
293	29.8159
294	29.8159
295	29.8159
296	29.8159
297	29.8201
298	29.814
299	29.8111
300	29.8111
301	29.8439
302	29.8029
303	29.8029
304	29.8327
305	29.8659
306	29.7441
307	29.5896
308	29.5677
309	29.5469
310	29.4472
311	29.3877
312	29.3205
313	29.2639
314	29.2962
315	29.3171
316	29.3434
317	29.3513
318	29.3611
319	29.391
320	29.4946
321	29.5211
322	29.5197
323	29.5581
324	29.6319
325	29.7348
326	29.8726
327	29.8708
328	29.8708
329	29.8708
330	29.8765
331	29.8886
332	29.8916
333	29.9095
334	29.9124
335	29.9082
336	29.938
337	29.9399
338	29.9789
339	30.0105
340	30.0885
341	30.0506
342	30.0589
343	30.0912
344	30.0912
345	30.0912
346	30.0149
347	30.0084
348	30.0681
349	30.081
350	30.1696
351	30.2157
352	30.2041
353	30.1979
354	30.203
355	30.1921
356	30.1977
357	30.1876
358	30.1799
359	30.1654
360	30.1591
361	30.15
362	30.1482
363	30.1451
364	30.1499
365	30.1513
366	30.1558
367	30.1558
368	30.0906
369	30.0645
370	30.0253
371	30.0202
372	30.0202
373	30.0264
374	30.0328
375	30.0328
376	30.0328
377	30.0436
378	30.032
379	30.0736
380	30.0907
381	30.1005
382	30.1081
383	30.0983
384	30.0983
385	30.0923
386	30.0705
387	30.0682
388	30.0762
389	30.0762
390	30.0762
391	30.0743
392	30.0741
393	30.1656
394	30.2292
395	30.2575
396	30.2877
397	30.3501
398	30.3793
399	30.5136
400	30.6425
401	30.6883
402	30.7604
403	30.7982
404	30.7861
405	30.8462
406	30.8865
407	30.9134
408	30.9134
409	30.9077
410	30.8775
411	30.8834
412	30.8051
413	30.7322
414	30.7322
415	30.7322
416	30.7322
417	30.7322
418	30.8143
419	30.8143
420	30.9328
421	30.6779
422	30.5508
423	30.7017
424	30.8049
425	30.8772
426	30.9219
427	30.9344
428	30.9999
429	31.0686
430	31.0686
431	31.0664
432	31.0618
433	31.0024
434	30.9968
435	30.9127
436	30.9164
437	30.8893
438	30.8893
439	30.8749
440	30.828
441	30.8059
442	30.7816
443	30.7816
444	30.757
445	30.734
446	30.754
447	30.7809
448	30.7809
449	30.9324
450	30.9673
451	31.0235
452	31.0406
453	31.0406
454	31.0406
455	30.9734
456	30.9734
457	30.975
458	30.9129
459	30.8954
460	30.8291
461	30.8346
462	30.8346
463	30.8432
464	30.8482
465	30.8706
466	30.8927
467	30.8927
468	30.8801
469	30.9046
470	30.8813
471	30.8838
472	31.0405
473	31.1079
474	31.147
475	31.1687
476	31.2456
477	31.2409
478	31.2257
479	31.3054
480	31.3831
481	31.3831
482	31.3831
483	31.4271
484	31.4271
485	31.4271
486	31.4271
487	31.4271
488	31.4271
489	31.4271
490	31.4271
491	31.4271
492	31.4271
493	31.4271
494	31.4271
495	31.4271
496	31.4271
497	31.4271
498	31.4271
499	31.4271
500	31.4271
501	31.4271
502	31.4271
503	31.4271
504	31.4271
505	31.4271
506	31.4271
507	31.4271
508	31.4271
509	31.4271
510	31.4271
511	31.4271
512	31.4271
513	31.4271
514	31.4271
515	31.4271
516	31.4271
517	31.4271
518	31.4271
519	31.4271
520	31.4271
521	31.4271
522	31.4271
523	31.4271
524	31.4271
525	31.4271
526	31.4271
527	31.4271
528	31.4271
529	31.4271
530	31.4271
531	31.4271
532	31.4271
533	31.4271
534	31.4271
535	31.4271
536	31.4271
537	31.4271
538	31.4271
539	31.4271
540	31.4271
541	31.4271
542	31.4271
543	31.4271
544	31.4271
545	31.4271
546	31.4271
547	31.4271
548	31.4271
549	31.4271
550	31.4271
551	31.4271
552	31.4271
553	31.4271
554	31.4271
555	31.4271
556	31.4271
557	31.4271
558	31.4271
559	31.4271
560	31.4271
561	31.4271
562	31.4271
563	31.4271
564	31.4271
565	31.4271
566	31.4271
567	31.4271
568	31.4271
569	31.4271
570	31.4271
571	31.4271
572	31.4271
573	31.4271
574	31.4271
575	31.4271
576	31.4271
577	31.4271
578	31.4271
579	31.4271
580	31.4271
581	31.4271
582	31.4271
583	31.4271
584	31.4271
585	31.4271
586	31.4271
587	31.4271
588	31.4271
589	31.4271
590	31.4271
591	31.4271
592	31.4271
593	31.4271
594	31.4271
595	31.4271
596	31.4271
597	31.4271
598	31.4271
599	31.4271
600	31.4271
601	31.4271
602	31.4271
603	31.4271
604	31.4271
605	31.4271
606	31.4271
607	31.4271
608	31.4271
609	31.4271
610	31.4271
611	31.4271
612	31.4271
613	31.4271
614	31.4271
615	31.4271
616	31.4271
617	31.4271
618	31.4271
619	31.4271
620	31.4271
621	31.4271
622	31.4271
623	31.4271
624	31.4271
625	31.4271
626	31.4271
627	31.4271
628	31.4271
629	31.4271
630	31.4271
631	31.4271
632	31.4271
633	31.4271
634	31.4271
635	31.4271
636	31.4271
637	31.4271
638	31.4271
639	31.4271
640	31.4271
641	31.4271
642	31.4271
643	31.4271
644	31.4271
645	31.4271
646	31.4271
647	31.4271
648	31.4271
649	31.4271
650	31.4271
651	31.4271
652	31.4271
653	31.4271
654	31.4271
655	31.4271
656	31.4271
657	31.4271
658	31.4271
659	31.4271
660	31.4271
661	31.4271
662	31.4271
663	31.4271
664	31.4271
665	31.4271
666	31.4271
667	31.4271
668	31.4271
669	31.4271
670	31.4271
671	31.4271
672	31.4271
673	31.4271
674	31.4271
675	31.4271
676	31.4271
677	31.4271
678	31.4271
679	31.4271
680	31.4271
681	31.4271
682	31.4271
683	31.4271
684	31.4271
685	31.4271
686	31.4271
687	31.4271
688	31.4271
689	31.4271
690	31.4271
691	31.4271
692	31.4271
693	31.4271
694	31.4271
695	31.4271
696	31.4271
697	31.4271
698	31.4271
699	31.4271
700	31.4271
701	31.4271
702	31.4271
703	31.4271
704	31.4271
705	31.4271
706	31.4271
707	31.4271
708	31.4271
709	31.4271
710	31.4271
711	31.4271
712	31.4271
713	31.4271
714	31.4271
715	31.4271
716	31.4271
717	31.4271
718	31.4271
719	31.4271
720	31.4271
721	31.4271
722	31.4271
723	31.4271
724	31.4271
725	31.4271
726	31.4271
727	31.4271
728	31.4271
729	31.4271
730	31.4271
731	31.4271
732	31.4271
733	31.4271
734	31.4271
735	31.4271
736	31.4271
737	31.4271
738	31.4271
739	31.4271
740	31.4271
741	31.4271
742	31.4271
743	31.4271
744	31.4271
745	31.4271
746	31.4271
747	31.4271
748	31.4271
749	31.4271
750	31.4271
751	31.4271
752	31.4271
753	31.4271
754	31.4271
755	31.2662
