Ne averages over 40 independent estimates.
Generation	Geometric_mean
1	25.6863
2	25.6863
3	25.6863
4	25.6863
5	31.798
6	28.5943
7	34.3445
8	36.3618
9	36.0505
10	71.2741
11	125.995
12	177.449
13	264.05
14	263.37
15	304.807
16	364.931
17	415.937
18	439.344
19	599.566
20	641.458
21	706.079
22	749.862
23	786.539
24	994.426
25	1023.08
26	1080.97
27	1098.97
28	1177.4
29	1334.04
30	1390.92
31	1427.87
32	1446.18
33	1475.89
34	1481.3
35	1478.21
36	1520.61
37	1586.53
38	1589.23
39	1592.66
40	1651.75
41	1753.4
42	1718.42
43	1728.38
44	1716.35
45	1702.6
46	1708.89
47	1690.21
48	1682.95
49	1693.92
50	1679.56
51	1480.8
52	1462.16
53	1458.43
54	1452.94
55	1461.92
56	1441.03
57	1429.71
58	1368.28
59	1386.1
60	1364.6
61	1341.64
62	1297.05
63	1081.43
64	1084.9
65	1083.2
66	1049.77
67	984.762
68	1011.77
69	1058.11
70	1049.27
71	873.034
72	862.493
73	860.657
74	823.469
75	904.381
76	865.853
77	845.654
78	914.487
79	898.069
80	885.183
81	875.275
82	874.178
83	1068.3
84	1056.74
85	1075.11
86	1063.08
87	1054.54
88	1128.86
89	1095.95
90	1179.39
91	1217.31
92	1227.5
93	1212.38
94	1223.15
95	1238.59
96	1248.92
97	1269.74
98	1327.33
99	1370.74
100	1358.01
101	1352.56
102	1297.55
103	1231.57
104	1220.99
105	1212.97
106	1232.05
107	1232.26
108	1240.82
109	1244.61
110	1205.18
111	1170.46
112	1103.96
113	1047.54
114	1041.93
115	1037.11
116	1045.06
117	1017.18
118	958.477
119	921.784
120	868.726
121	836.686
122	800.667
123	771.368
124	728.953
125	690.261
126	635.887
127	609.815
128	597.279
129	578.491
130	550.529
131	531.676
132	513.675
133	479.231
134	461.749
135	440.626
136	427.005
137	419.337
138	415.009
139	415.536
140	406.861
141	409.556
142	409.072
143	410.252
144	411.579
145	408.788
146	406.063
147	391.364
148	385.204
149	377.525
150	365.989
151	359.598
152	348.348
153	342.443
154	338.943
155	339.852
156	339.277
157	338.36
158	328.963
159	325.212
160	325.388
161	327.748
162	327.349
163	324.547
164	320.204
165	315.779
166	314.846
167	301.39
168	273.595
169	258.687
170	226.456
171	199.5
172	180.744
173	171.901
174	162.978
175	151.945
176	132.065
177	124.076
178	117.386
179	107.16
180	96.1782
181	85.1073
182	78.002
183	72.0722
184	65.4383
185	61.0517
186	60.9169
187	59.3245
188	54.3302
189	51.0612
190	46.838
191	43.1341
192	41.1699
193	38.47
194	35.6163
195	34.2062
196	32.3996
197	30.9886
198	30.0172
199	28.1266
200	26.7036
201	25.3049
202	24.2021
203	22.115
204	21.8796
205	21.0709
206	21.289
207	21.15
208	20.9108
209	20.8813
210	20.893
211	20.9539
212	20.9126
213	21.0015
214	21.023
215	21.19
216	21.2491
217	21.4178
218	21.4044
219	21.3524
220	21.2611
221	21.0637
222	20.9304
223	20.8852
224	20.7972
225	20.6857
226	20.7129
227	20.7072
228	20.8706
229	21.0487
230	20.9868
231	20.958
232	20.8134
233	20.6517
234	20.555
235	20.5595
236	20.4933
237	20.6377
238	20.6474
239	20.7282
240	20.7499
241	20.7014
242	20.4704
243	20.6381
244	20.648
245	20.6419
246	20.6348
247	20.6191
248	20.5995
249	20.5919
250	20.5835
251	20.7008
252	20.8756
253	21.0861
254	21.2256
255	21.3899
256	21.5964
257	21.5916
258	21.5876
259	21.5555
260	21.5484
261	21.5261
262	21.5254
263	21.5359
264	21.5419
265	21.6601
266	21.6695
267	21.7849
268	22.0212
269	22.266
270	22.7482
271	22.7646
272	22.8023
273	22.8117
274	22.8063
275	22.758
276	22.758
277	22.7577
278	22.7565
279	22.7486
280	22.7152
281	22.694
282	22.6977
283	22.6977
284	22.6624
285	22.6396
286	22.6393
287	22.6393
288	22.6393
289	22.6404
290	22.6404
291	22.6416
292	22.6334
293	22.6313
294	22.6067
295	22.5995
296	22.5578
297	22.5135
298	22.4866
299	22.4866
300	22.4824
301	22.4583
302	22.4583
303	22.5578
304	22.5578
305	22.5984
306	22.6421
307	22.6471
308	22.6978
309	22.9141
310	22.9324
311	23.083
312	23.397
313	23.7114
314	24.0369
315	24.2048
316	24.2552
317	24.4285
318	24.4633
319	24.5212
320	24.5464
321	24.5027
322	24.4706
323	24.4195
324	24.4306
325	24.4516
326	24.4586
327	24.4569
328	24.4569
329	24.4382
330	24.4097
331	24.3935
332	24.3758
333	24.3758
334	24.3628
335	24.3664
336	24.3642
337	24.3779
338	24.381
339	24.3845
340	24.3786
341	24.3497
342	24.3258
343	24.3117
344	24.2384
345	24.218
346	24.2206
347	24.2385
348	24.2272
349	24.2417
350	24.2405
351	24.2424
352	24.2374
353	24.2348
354	24.2289
355	24.226
356	24.2243
357	24.2221
358	24.2235
359	24.1933
360	24.1933
361	24.1315
362	24.0955
363	24.028
364	24.028
365	23.9596
366	23.9199
367	23.8823
368	23.8813
369	23.8813
370	23.8813
371	23.8813
372	23.8813
373	23.8813
374	23.8823
375	23.8823
376	23.8879
377	23.8879
378	23.8922
379	23.9028
380	23.9126
381	23.9308
382	23.9465
383	23.9397
384	23.9435
385	23.9462
386	23.9429
387	23.9429
388	23.9391
389	23.8996
390	23.9108
391	23.9231
392	23.9157
393	23.9128
394	23.9112
395	23.9173
396	23.8958
397	23.883
398	23.883
399	23.8777
400	23.8255
401	23.7813
402	23.744
403	23.744
404	23.7472
405	23.7669
406	23.7723
407	23.7813
408	23.782
409	23.782
410	23.782
411	23.7943
412	23.7943
413	23.7943
414	23.8038
415	23.786
416	23.7657
417	23.7451
418	23.7324
419	23.6962
420	23.7083
421	23.7083
422	23.8031
423	23.9419
424	23.9438
425	24.0389
426	24.1282
427	24.1641
428	24.1641
429	24.1641
430	24.1641
431	24.1932
432	24.1324
433	24.1697
434	24.2298
435	24.26
436	24.2843
437	24.2897
438	24.2446
439	24.2446
440	24.2576
441	24.2537
442	24.2504
443	24.2379
444	24.2388
445	24.2352
446	24.2333
447	24.2479
448	24.2479
449	24.2479
450	24.2479
451	24.2441
452	24.2436
453	24.2382
454	24.2291
455	24.2168
456	24.2168
457	24.2168
458	24.2164
459	24.2164
460	24.2133
461	24.2133
462	24.2133
463	24.2133
464	24.2133
465	24.2133
466	24.2133
467	24.2133
468	24.2133
469	24.2133
470	24.2161
471	24.2161
472	24.2134
473	24.2134
474	24.2141
475	24.2086
476	24.2086
477	24.2086
478	24.2116
479	24.1938
480	24.1827
481	24.1835
482	24.1626
483	24.1626
484	24.1626
485	24.1626
486	24.1599
487	24.1599
488	24.1599
489	24.1599
490	24.1599
491	24.1599
492	24.1599
493	24.1599
494	24.1599
495	24.1599
496	24.1599
497	24.1599
498	24.1599
499	24.1599
500	24.1599
501	24.1599
502	24.1599
503	24.1599
504	24.1599
505	24.1599
506	24.1599
507	24.1599
508	24.1599
509	24.1599
510	24.1599
511	24.1599
512	24.1599
513	24.1599
514	24.1599
515	24.1599
516	24.1599
517	24.1599
518	24.1599
519	24.1599
520	24.1599
521	24.1599
522	24.1599
523	24.1599
524	24.1599
525	24.1599
526	24.1599
527	24.1599
528	24.1599
529	24.1599
530	24.1599
531	24.1599
532	24.1599
533	24.1599
534	24.1599
535	24.1599
536	24.1599
537	24.1599
538	24.1599
539	24.1599
540	24.1599
541	24.1599
542	24.1599
543	24.1599
544	24.1599
545	24.1599
546	24.1599
547	24.1599
548	24.1599
549	24.1599
550	24.1599
551	24.1599
552	24.1599
553	24.1599
554	24.1599
555	24.1599
556	24.1599
557	24.1599
558	24.1599
559	24.1599
560	24.1599
561	24.1599
562	24.1599
563	24.1599
564	24.1599
565	24.1599
566	24.1599
567	24.1599
568	24.1599
569	24.1599
570	24.1599
571	24.1599
572	24.1599
573	24.1599
574	24.1599
575	24.1599
576	24.1599
577	24.1599
578	24.1599
579	24.1599
580	24.1599
581	24.1599
582	24.1599
583	24.1599
584	24.1599
585	24.1599
586	24.1599
587	24.1599
588	24.1599
589	24.1599
590	24.1599
591	24.1599
592	24.1599
593	24.1599
594	24.1599
595	24.1599
596	24.1599
597	24.1599
598	24.1599
599	24.1599
600	24.1599
601	24.1599
602	24.1599
603	24.1599
604	24.1599
605	24.1599
606	24.1599
607	24.1599
608	24.1599
609	24.1599
610	24.1599
611	24.1599
612	24.1599
613	24.1599
614	24.1599
615	24.1599
616	24.1599
617	24.1599
618	24.1599
619	24.1599
620	24.1599
621	24.1599
622	24.1599
623	24.1599
624	24.1599
625	24.1599
626	24.1599
627	24.1599
628	24.1599
629	24.1599
630	24.1599
631	24.1599
632	24.1599
633	24.1599
634	24.1599
635	24.1599
636	24.1599
637	24.1599
638	24.1599
639	24.1599
640	24.1599
641	24.1599
642	24.1599
643	24.1599
644	24.1599
645	24.1599
646	24.1599
647	24.1599
648	24.1599
649	24.1599
650	24.1599
651	24.1599
652	24.1599
653	24.1599
654	24.1599
655	24.1599
656	24.1599
657	24.1599
658	24.1599
659	24.1599
660	24.1599
661	24.1599
662	24.1599
663	24.1599
664	24.1599
665	24.1599
666	24.1599
667	24.1599
668	24.1599
669	24.1599
670	24.1599
671	24.1599
672	24.1599
673	24.1599
674	24.1599
675	24.1599
676	24.1599
677	24.1599
678	24.1599
679	24.1599
680	24.1599
681	24.1599
682	24.1599
683	24.1599
684	24.1599
685	24.1599
686	24.1599
687	24.1599
688	24.1599
689	24.1599
690	24.1599
691	24.1599
692	24.1599
693	24.1599
694	24.1599
695	24.1599
696	24.1599
697	24.1599
698	24.1599
699	24.1599
700	24.1599
701	24.1599
702	24.1599
703	24.1599
704	24.1599
705	24.1599
706	24.1599
707	24.1599
708	24.1599
709	24.1599
710	24.1599
711	24.1599
712	24.1599
713	24.1599
714	24.1599
715	24.1599
716	24.1599
717	24.1599
718	24.1599
719	24.1599
720	24.1599
721	24.1599
722	24.1599
723	24.1599
724	24.1599
725	24.1599
726	24.1599
727	24.1599
728	24.1599
729	24.1599
730	24.1599
731	24.1599
732	24.1599
733	24.1599
734	24.1599
735	24.1599
736	24.1599
737	24.1599
738	24.1599
739	24.1599
740	24.1599
741	24.1599
742	24.1599
743	24.1599
744	24.1599
745	24.1599
746	24.1599
747	24.1599
748	24.1599
749	24.1599
750	24.1599
751	24.1599
752	24.1599
753	24.1599
754	24.1599
755	24.6005
