Ne averages over 40 independent estimates.
Generation	Geometric_mean
1	27.6455
2	27.6455
3	27.6455
4	27.6455
5	27.3074
6	22.3355
7	27.7908
8	34.0344
9	49.0234
10	151.233
11	185.418
12	252.693
13	330.293
14	402.758
15	489.075
16	554.452
17	627.507
18	628.461
19	626.552
20	649.451
21	660.941
22	784.079
23	789.957
24	778.686
25	839.563
26	874.676
27	1083.3
28	1169.81
29	1260.99
30	1408.75
31	1467.16
32	1485.22
33	1514.29
34	1518.33
35	1497.91
36	1471.62
37	1463.92
38	1458.26
39	1462.27
40	1421.45
41	1404.15
42	1397.66
43	1386.23
44	1399.4
45	1399.48
46	1394.64
47	1395.63
48	1405.05
49	1455.25
50	1477.92
51	1504.49
52	1519.28
53	1524.35
54	1551.56
55	1490.29
56	1475.17
57	1483.77
58	1466.34
59	1399.67
60	1337.16
61	1309.38
62	1293.13
63	1203.18
64	1178.58
65	1032.65
66	983.226
67	866.227
68	819.135
69	716.31
70	636.417
71	602.708
72	620.789
73	631.095
74	637.172
75	710.367
76	705.072
77	619.933
78	636.696
79	704.246
80	761.623
81	818.062
82	881.077
83	982.322
84	965.717
85	936.795
86	982.522
87	1050.94
88	1069.12
89	1106.78
90	1116.66
91	1095.55
92	1082
93	1074.69
94	1084.55
95	1123.11
96	1168.11
97	1191.04
98	1196.93
99	1205.46
100	1224.72
101	1209.21
102	1207.21
103	1181.98
104	1182.4
105	1171.45
106	1118.97
107	1085.32
108	1067.17
109	1043.97
110	1054.51
111	1069.38
112	1045.68
113	998.818
114	968.43
115	950
116	952.2
117	941.746
118	888.529
119	845.164
120	806.446
121	779.357
122	763.065
123	748.704
124	738.947
125	739.861
126	734.012
127	707.425
128	691.059
129	656.002
130	626.128
131	583.781
132	558.134
133	534.109
134	512.253
135	483.151
136	465.046
137	452.98
138	460.18
139	469.96
140	467.997
141	461.05
142	459.658
143	460.714
144	458.726
145	460.074
146	462.4
147	454.331
148	442.756
149	432.506
150	419.381
151	417.098
152	422.162
153	416.417
154	412.236
155	400.108
156	380.064
157	371.929
158	369.588
159	356.762
160	349.934
161	344.031
162	332.801
163	327.424
164	318.577
165	312.837
166	307.591
167	302.294
168	296.902
169	284.456
170	270.745
171	266.765
172	260.502
173	256.784
174	246.764
175	226.021
176	215.923
177	206.556
178	193.432
179	188.186
180	168.118
181	157.879
182	128.799
183	113.466
184	104.687
185	101.439
186	95.2527
187	89.2388
188	81.4136
189	75.6482
190	71.3785
191	65.0122
192	61.16
193	54.7166
194	50.1746
195	47.1364
196	44.5317
197	42.0923
198	41.3098
199	40.1249
200	37.1548
201	34.9092
202	31.4023
203	28.3658
204	25.8494
205	25.0398
206	25.0377
207	25.0364
208	24.6891
209	24.6922
210	24.9918
211	25.0107
212	24.896
213	24.7713
214	25.0088
215	25.0162
216	25.1479
217	25.3346
218	25.358
219	25.5744
220	25.5569
221	25.5699
222	25.6262
223	25.6694
224	25.8327
225	25.7594
226	25.4567
227	25.0377
228	24.9161
229	24.8274
230	24.6871
231	24.5317
232	24.6251
233	24.73
234	24.9225
235	25.0806
236	25.3276
237	25.3562
238	25.4522
239	25.5665
240	25.6897
241	25.7105
242	25.6928
243	25.7053
244	25.6997
245	25.7055
246	25.7407
247	25.6819
248	25.7186
249	25.6832
250	25.6789
251	25.6825
252	25.6642
253	25.6642
254	25.568
255	25.6304
256	25.703
257	25.7053
258	25.7269
259	25.8112
260	25.8793
261	25.8616
262	25.79
263	25.6173
264	25.5575
265	25.4657
266	25.4246
267	25.4136
268	25.4136
269	25.4226
270	25.4222
271	25.4066
272	25.3793
273	25.3577
274	25.3394
275	25.3332
276	25.3298
277	25.3437
278	25.3437
279	25.3437
280	25.3615
281	25.4084
282	25.515
283	25.5192
284	25.527
285	25.5672
286	25.6094
287	25.5743
288	25.5128
289	25.4842
290	25.4805
291	25.3993
292	25.4501
293	25.6795
294	25.6327
295	25.6768
296	25.6719
297	25.6761
298	25.6657
299	25.6596
300	25.6599
301	25.6335
302	25.6351
303	25.6351
304	25.6361
305	25.6361
306	25.6361
307	25.6911
308	25.7374
309	25.8236
310	25.8333
311	25.8597
312	25.8784
313	25.889
314	25.9221
315	25.99
316	26.0225
317	26.0225
318	26.0221
319	26.0148
320	25.9709
321	25.9438
322	25.9279
323	25.9237
324	25.9149
325	25.9149
326	25.915
327	25.8908
328	25.8697
329	25.8697
330	25.8697
331	25.8464
332	25.8219
333	25.8211
334	25.8296
335	25.7945
336	25.8032
337	25.7712
338	25.7695
339	25.7525
340	25.7382
341	25.7273
342	25.6135
343	25.439
344	25.4143
345	25.4339
346	25.4339
347	25.4283
348	25.4233
349	25.4247
350	25.4247
351	25.4267
352	25.4267
353	25.451
354	25.463
355	25.4838
356	25.5057
357	25.506
358	25.4951
359	25.548
360	25.5268
361	25.537
362	25.5686
363	25.5689
364	25.5689
365	25.5864
366	25.6165
367	25.6407
368	25.6891
369	25.6847
370	25.722
371	25.7206
372	25.7485
373	25.779
374	25.779
375	25.8065
376	25.8065
377	25.8065
378	25.79
379	25.7912
380	25.7912
381	25.7921
382	25.7921
383	25.7921
384	25.7808
385	25.7674
386	25.758
387	25.7692
388	25.7705
389	25.7687
390	25.7687
391	25.7687
392	25.7505
393	25.7292
394	25.7344
395	25.719
396	25.719
397	25.6845
398	25.6853
399	25.6732
400	25.6805
401	25.6742
402	25.6742
403	25.6723
404	25.6646
405	25.6646
406	25.658
407	25.6569
408	25.6109
409	25.6138
410	25.6215
411	25.6204
412	25.6422
413	25.6999
414	25.7099
415	25.6275
416	25.5755
417	25.5755
418	25.5537
419	25.5747
420	25.5488
421	25.4374
422	25.2838
423	25.1019
424	25.0193
425	25.009
426	25.0065
427	24.996
428	24.9761
429	24.9695
430	24.9623
431	24.9822
432	25.0677
433	25.0946
434	25.1118
435	25.1138
436	25.1236
437	25.1224
438	25.1148
439	25.1168
440	25.114
441	25.114
442	25.108
443	25.108
444	25.108
445	25.1064
446	25.1064
447	25.0283
448	25.0283
449	25.0032
450	24.9627
451	24.9627
452	24.9397
453	24.9182
454	24.8926
455	24.8688
456	24.8752
457	24.8924
458	24.9088
459	24.9122
460	24.9381
461	24.9381
462	24.9387
463	24.9387
464	24.9387
465	24.9387
466	24.9342
467	24.9342
468	24.9438
469	24.9796
470	25.0501
471	25.1482
472	25.2239
473	25.276
474	25.2898
475	25.3163
476	25.3196
477	25.3196
478	25.3196
479	25.3196
480	25.3196
481	25.3196
482	25.3196
483	25.3196
484	25.3196
485	25.3196
486	25.3196
487	25.3196
488	25.3196
489	25.3196
490	25.3196
491	25.3196
492	25.3196
493	25.3196
494	25.3196
495	25.3196
496	25.3196
497	25.3196
498	25.3196
499	25.3196
500	25.3196
501	25.3196
502	25.3196
503	25.3196
504	25.3196
505	25.3196
506	25.3196
507	25.3196
508	25.3196
509	25.3196
510	25.3196
511	25.3196
512	25.3196
513	25.3196
514	25.3196
515	25.3196
516	25.3196
517	25.3196
518	25.3196
519	25.3196
520	25.3196
521	25.3196
522	25.3196
523	25.3196
524	25.3196
525	25.3196
526	25.3196
527	25.3196
528	25.3196
529	25.3196
530	25.3196
531	25.3196
532	25.3196
533	25.3196
534	25.3196
535	25.3196
536	25.3196
537	25.3196
538	25.3196
539	25.3196
540	25.3196
541	25.3196
542	25.3196
543	25.3196
544	25.3196
545	25.3196
546	25.3196
547	25.3196
548	25.3196
549	25.3196
550	25.3196
551	25.3196
552	25.3196
553	25.3196
554	25.3196
555	25.3196
556	25.3196
557	25.3196
558	25.3196
559	25.3196
560	25.3196
561	25.3196
562	25.3196
563	25.3196
564	25.3196
565	25.3196
566	25.3196
567	25.3196
568	25.3196
569	25.3196
570	25.3196
571	25.3196
572	25.3196
573	25.3196
574	25.3196
575	25.3196
576	25.3196
577	25.3196
578	25.3196
579	25.3196
580	25.3196
581	25.3196
582	25.3196
583	25.3196
584	25.3196
585	25.3196
586	25.3196
587	25.3196
588	25.3196
589	25.3196
590	25.3196
591	25.3196
592	25.3196
593	25.3196
594	25.3196
595	25.3196
596	25.3196
597	25.3196
598	25.3196
599	25.3196
600	25.3196
601	25.3196
602	25.3196
603	25.3196
604	25.3196
605	25.3196
606	25.3196
607	25.3196
608	25.3196
609	25.3196
610	25.3196
611	25.3196
612	25.3196
613	25.3196
614	25.3196
615	25.3196
616	25.3196
617	25.3196
618	25.3196
619	25.3196
620	25.3196
621	25.3196
622	25.3196
623	25.3196
624	25.3196
625	25.3196
626	25.3196
627	25.3196
628	25.3196
629	25.3196
630	25.3196
631	25.3196
632	25.3196
633	25.3196
634	25.3196
635	25.3196
636	25.3196
637	25.3196
638	25.3196
639	25.3196
640	25.3196
641	25.3196
642	25.3196
643	25.3196
644	25.3196
645	25.3196
646	25.3196
647	25.3196
648	25.3196
649	25.3196
650	25.3196
651	25.3196
652	25.3196
653	25.3196
654	25.3196
655	25.3196
656	25.3196
657	25.3196
658	25.3196
659	25.3196
660	25.3196
661	25.3196
662	25.3196
663	25.3196
664	25.3196
665	25.3196
666	25.3196
667	25.3196
668	25.3196
669	25.3196
670	25.3196
671	25.3196
672	25.3196
673	25.3196
674	25.3196
675	25.3196
676	25.3196
677	25.3196
678	25.3196
679	25.3196
680	25.3196
681	25.3196
682	25.3196
683	25.3196
684	25.3196
685	25.3196
686	25.3196
687	25.3196
688	25.3196
689	25.3196
690	25.3196
691	25.3196
692	25.3196
693	25.3196
694	25.3196
695	25.3196
696	25.3196
697	25.3196
698	25.3196
699	25.3196
700	25.3196
701	25.3196
702	25.3196
703	25.3196
704	25.3196
705	25.3196
706	25.3196
707	25.3196
708	25.3196
709	25.3196
710	25.3196
711	25.3196
712	25.3196
713	25.3196
714	25.3196
715	25.3196
716	25.3196
717	25.3196
718	25.3196
719	25.3196
720	25.3196
721	25.3196
722	25.3196
723	25.3196
724	25.3196
725	25.3196
726	25.3196
727	25.3196
728	25.3196
729	25.3196
730	25.3196
731	25.3196
732	25.3196
733	25.3196
734	25.3196
735	25.3196
736	25.3196
737	25.3196
738	25.3196
739	25.3196
740	25.3196
741	25.3196
742	25.3196
743	25.3196
744	25.3196
745	25.3196
746	25.3196
747	25.3196
748	25.3196
749	25.3196
750	25.3196
751	25.3196
752	25.3196
753	25.3196
754	25.3196
755	25.4512
