Ne averages over 40 independent estimates.
Generation	Geometric_mean
1	26.0027
2	26.0027
3	26.0027
4	26.0027
5	33.1384
6	30.4322
7	34.8991
8	42.0058
9	60.696
10	110.132
11	166.866
12	231.323
13	282.133
14	318.913
15	335.306
16	370.88
17	384.828
18	392.495
19	442.725
20	534.329
21	587.254
22	680.836
23	691.585
24	724.209
25	730.471
26	717.491
27	843.46
28	990.408
29	1073.49
30	1095.83
31	1092.38
32	1098.11
33	1088.73
34	1067.35
35	1074.49
36	1086.01
37	1101.82
38	1121.71
39	1125.92
40	1157.64
41	1150.69
42	1154.75
43	1168.9
44	1182.93
45	1167.67
46	1148.72
47	1133.69
48	1150.39
49	1176.58
50	1179.08
51	1189.22
52	1172.55
53	1171.73
54	1176.71
55	1187.51
56	1189.24
57	1180.17
58	1164.87
59	1138.57
60	1116.67
61	1097.5
62	986.027
63	916.932
64	894.184
65	902.849
66	897.183
67	812.719
68	760.644
69	734.178
70	679.133
71	685.437
72	562.78
73	550.41
74	505.357
75	496.662
76	444.511
77	399.355
78	299.646
79	296.997
80	317.444
81	350.923
82	335.169
83	313.672
84	336.743
85	384.369
86	435.133
87	464.853
88	469.586
89	486.394
90	672.414
91	721.638
92	789.403
93	804.483
94	795.716
95	792.484
96	791.188
97	790.004
98	780.119
99	767.604
100	731.888
101	704.23
102	717.645
103	724.025
104	722.193
105	711.659
106	723.807
107	726.586
108	743.706
109	745.054
110	731.977
111	726.426
112	714.921
113	710.603
114	739.386
115	716.122
116	697.166
117	668.963
118	654.067
119	633.047
120	596.571
121	590.182
122	543.301
123	527.564
124	504.313
125	474.712
126	458.113
127	448.825
128	445.352
129	436.487
130	421.732
131	417.623
132	420.342
133	420.663
134	407.794
135	403.419
136	396.239
137	391.177
138	385.271
139	374.632
140	369.154
141	354.092
142	347.381
143	341.236
144	346.352
145	349.181
146	350.055
147	344.631
148	341.228
149	337.542
150	338.444
151	337.095
152	339.815
153	342.425
154	333.283
155	330.107
156	329.338
157	323.816
158	319.714
159	314.627
160	305.839
161	298.083
162	282.571
163	275.543
164	255.195
165	240.257
166	227.048
167	207.43
168	194.95
169	193.893
170	182.706
171	166.411
172	156.203
173	147.343
174	137.659
175	130.353
176	122.021
177	116.515
178	114.549
179	113.483
180	112.879
181	105.217
182	96.3348
183	92.009
184	81.3503
185	73.7297
186	65.3114
187	58.0945
188	52.065
189	47.4764
190	43.4651
191	42.6204
192	40.7252
193	39.2272
194	35.2165
195	33.1969
196	31.9035
197	31.5787
198	31.0473
199	30.8943
200	30.9241
201	31.0465
202	31.3077
203	31.5878
204	31.36
205	31.5077
206	31.5288
207	31.546
208	31.1476
209	30.99
210	30.6601
211	30.5343
212	30.6253
213	30.5202
214	30.5652
215	30.7139
216	30.791
217	30.8246
218	30.7851
219	30.8052
220	31.0174
221	30.9893
222	31.1303
223	31.2621
224	31.5575
225	31.7678
226	31.9733
227	32.0993
228	32.0167
229	31.8971
230	31.8719
231	32.0107
232	32.0249
233	31.8877
234	31.6806
235	31.4747
236	31.3905
237	31.3107
238	31.301
239	30.97
240	31.0085
241	30.8851
242	30.8412
243	30.8458
244	30.8581
245	30.8952
246	30.8966
247	30.9283
248	30.9446
249	31.0516
250	31.0792
251	31.1021
252	31.223
253	31.3171
254	31.2586
255	31.4174
256	31.6239
257	31.6188
258	31.7921
259	31.7875
260	31.7586
261	31.684
262	31.648
263	31.6839
264	31.7302
265	31.7882
266	31.8597
267	32.1309
268	32.5039
269	32.6747
270	32.8483
271	32.748
272	32.7315
273	32.7122
274	32.6943
275	32.6604
276	32.8801
277	33.1383
278	33.3193
279	33.2866
280	33.4842
281	33.4295
282	33.3974
283	33.3608
284	33.3532
285	33.3452
286	33.3459
287	33.3439
288	33.3464
289	33.3453
290	33.4172
291	33.4524
292	33.531
293	33.6478
294	33.7599
295	33.8037
296	33.9753
297	33.9964
298	34.0577
299	34.1066
300	34.1104
301	34.108
302	34.1248
303	34.1468
304	34.1824
305	34.4141
306	34.5619
307	34.6775
308	34.6615
309	34.6655
310	34.6729
311	34.6654
312	34.7494
313	34.7538
314	34.7204
315	34.6554
316	34.6649
317	34.6396
318	34.6519
319	34.645
320	34.5985
321	34.3791
322	33.9752
323	33.848
324	33.778
325	33.8163
326	33.8163
327	33.8186
328	33.8587
329	33.8028
330	33.7693
331	33.6745
332	33.654
333	33.6354
334	33.6669
335	33.6173
336	33.6631
337	33.7023
338	33.7119
339	33.7358
340	33.7668
341	33.7668
342	33.7927
343	33.8179
344	33.8262
345	33.8434
346	33.8434
347	33.8339
348	33.8613
349	33.8341
350	33.7386
351	33.7527
352	33.7888
353	33.7349
354	33.8065
355	33.8355
356	33.8725
357	33.8725
358	33.8768
359	33.8794
360	33.849
361	33.8411
362	33.7952
363	33.7471
364	33.7462
365	33.7456
366	33.79
367	33.8192
368	33.8146
369	33.8004
370	33.8217
371	33.8221
372	33.8148
373	33.8148
374	33.8168
375	33.7852
376	33.7852
377	33.7852
378	33.7852
379	33.7989
380	33.7989
381	33.7745
382	33.8076
383	33.8017
384	33.8168
385	33.8356
386	33.8619
387	33.8931
388	33.9057
389	33.9207
390	33.9419
391	33.8311
392	33.538
393	33.4087
394	33.3174
395	33.3452
396	33.2897
397	33.1783
398	33.1263
399	32.997
400	32.9953
401	33.0103
402	32.9491
403	32.9239
404	32.9239
405	32.9634
406	33.0026
407	32.9295
408	32.9332
409	32.8504
410	32.7507
411	32.6143
412	32.4937
413	32.3315
414	32.265
415	32.1067
416	31.9223
417	31.9223
418	31.9223
419	31.9193
420	31.9193
421	31.8338
422	31.8338
423	31.8257
424	31.8066
425	31.782
426	31.7491
427	31.7327
428	31.7186
429	31.7199
430	31.8959
431	32.1299
432	32.241
433	32.2803
434	32.2849
435	32.2915
436	32.2836
437	32.2695
438	32.2516
439	32.2516
440	32.1993
441	32.2257
442	32.2586
443	32.2731
444	32.3026
445	32.188
446	32.1526
447	32.0543
448	31.9508
449	31.9468
450	31.8996
451	31.853
452	31.853
453	31.853
454	31.853
455	31.853
456	31.853
457	31.853
458	31.853
459	31.8471
460	31.8416
461	31.8416
462	31.8253
463	31.8415
464	31.8504
465	31.9256
466	31.9256
467	31.9256
468	31.9259
469	31.9631
470	31.9986
471	32.0158
472	32.042
473	32.042
474	32.0498
475	32.0727
476	32.0727
477	32.0727
478	32.0727
479	32.062
480	32.062
481	32.0519
482	32.0519
483	32.0519
484	32.0535
485	32.057
486	32.0516
487	32.0511
488	32.0526
489	32.0526
490	32.0526
491	32.0526
492	32.0526
493	32.0526
494	32.0526
495	32.0526
496	32.0526
497	32.0526
498	32.0526
499	32.0526
500	32.0526
501	32.0526
502	32.0526
503	32.0526
504	32.0526
505	32.0526
506	32.0526
507	32.0526
508	32.0526
509	32.0526
510	32.0526
511	32.0526
512	32.0526
513	32.0526
514	32.0526
515	32.0526
516	32.0526
517	32.0526
518	32.0526
519	32.0526
520	32.0526
521	32.0526
522	32.0526
523	32.0526
524	32.0526
525	32.0526
526	32.0526
527	32.0526
528	32.0526
529	32.0526
530	32.0526
531	32.0526
532	32.0526
533	32.0526
534	32.0526
535	32.0526
536	32.0526
537	32.0526
538	32.0526
539	32.0526
540	32.0526
541	32.0526
542	32.0526
543	32.0526
544	32.0526
545	32.0526
546	32.0526
547	32.0526
548	32.0526
549	32.0526
550	32.0526
551	32.0526
552	32.0526
553	32.0526
554	32.0526
555	32.0526
556	32.0526
557	32.0526
558	32.0526
559	32.0526
560	32.0526
561	32.0526
562	32.0526
563	32.0526
564	32.0526
565	32.0526
566	32.0526
567	32.0526
568	32.0526
569	32.0526
570	32.0526
571	32.0526
572	32.0526
573	32.0526
574	32.0526
575	32.0526
576	32.0526
577	32.0526
578	32.0526
579	32.0526
580	32.0526
581	32.0526
582	32.0526
583	32.0526
584	32.0526
585	32.0526
586	32.0526
587	32.0526
588	32.0526
589	32.0526
590	32.0526
591	32.0526
592	32.0526
593	32.0526
594	32.0526
595	32.0526
596	32.0526
597	32.0526
598	32.0526
599	32.0526
600	32.0526
601	32.0526
602	32.0526
603	32.0526
604	32.0526
605	32.0526
606	32.0526
607	32.0526
608	32.0526
609	32.0526
610	32.0526
611	32.0526
612	32.0526
613	32.0526
614	32.0526
615	32.0526
616	32.0526
617	32.0526
618	32.0526
619	32.0526
620	32.0526
621	32.0526
622	32.0526
623	32.0526
624	32.0526
625	32.0526
626	32.0526
627	32.0526
628	32.0526
629	32.0526
630	32.0526
631	32.0526
632	32.0526
633	32.0526
634	32.0526
635	32.0526
636	32.0526
637	32.0526
638	32.0526
639	32.0526
640	32.0526
641	32.0526
642	32.0526
643	32.0526
644	32.0526
645	32.0526
646	32.0526
647	32.0526
648	32.0526
649	32.0526
650	32.0526
651	32.0526
652	32.0526
653	32.0526
654	32.0526
655	32.0526
656	32.0526
657	32.0526
658	32.0526
659	32.0526
660	32.0526
661	32.0526
662	32.0526
663	32.0526
664	32.0526
665	32.0526
666	32.0526
667	32.0526
668	32.0526
669	32.0526
670	32.0526
671	32.0526
672	32.0526
673	32.0526
674	32.0526
675	32.0526
676	32.0526
677	32.0526
678	32.0526
679	32.0526
680	32.0526
681	32.0526
682	32.0526
683	32.0526
684	32.0526
685	32.0526
686	32.0526
687	32.0526
688	32.0526
689	32.0526
690	32.0526
691	32.0526
692	32.0526
693	32.0526
694	32.0526
695	32.0526
696	32.0526
697	32.0526
698	32.0526
699	32.0526
700	32.0526
701	32.0526
702	32.0526
703	32.0526
704	32.0526
705	32.0526
706	32.0526
707	32.0526
708	32.0526
709	32.0526
710	32.0526
711	32.0526
712	32.0526
713	32.0526
714	32.0526
715	32.0526
716	32.0526
717	32.0526
718	32.0526
719	32.0526
720	32.0526
721	32.0526
722	32.0526
723	32.0526
724	32.0526
725	32.0526
726	32.0526
727	32.0526
728	32.0526
729	32.0526
730	32.0526
731	32.0526
732	32.0526
733	32.0526
734	32.0526
735	32.0526
736	32.0526
737	32.0526
738	32.0526
739	32.0526
740	32.0526
741	32.0526
742	32.0526
743	32.0526
744	32.0526
745	32.0526
746	32.0526
747	32.0526
748	32.0526
749	32.0526
750	32.0526
751	32.0526
752	32.0526
753	32.0526
754	32.0526
755	33.0714
