Ne averages over 40 independent estimates.
Generation	Geometric_mean
1	26.6342
2	26.6342
3	26.6342
4	26.6342
5	31.2602
6	28.4713
7	35.0175
8	38.2877
9	58.7908
10	116.415
11	182.642
12	284.45
13	333.249
14	341.603
15	384.258
16	513.405
17	548.317
18	559.389
19	604.684
20	600.646
21	610.028
22	652.292
23	841.217
24	869.235
25	925.541
26	931.009
27	916.294
28	958.767
29	986.132
30	979.367
31	989.851
32	987.785
33	968.675
34	979.517
35	997.014
36	1030.47
37	1061.11
38	1092.7
39	1134.09
40	1156.76
41	1154.28
42	1172.02
43	1171.23
44	1179.86
45	1187.32
46	1203.5
47	1207.07
48	1177.65
49	1151.1
50	1129.61
51	1095.92
52	1055.8
53	1031.13
54	1021.4
55	985.183
56	887.536
57	807.097
58	790.797
59	743.397
60	731.785
61	742.722
62	741.605
63	720.388
64	796.378
65	829.055
66	804.082
67	665.628
68	653.939
69	607.454
70	572.835
71	461.809
72	449.648
73	421.031
74	410.975
75	411.954
76	447.447
77	370.783
78	344.562
79	386.259
80	388.986
81	410.033
82	451.441
83	564.123
84	608.205
85	613.062
86	681.198
87	730.359
88	751.765
89	841.667
90	922.206
91	900.528
92	881.09
93	866.726
94	862.207
95	856.519
96	852.379
97	854.775
98	855.583
99	845.338
100	828.347
101	831.236
102	820.672
103	821.48
104	818.016
105	816.261
106	814.534
107	805.056
108	779.717
109	749.728
110	661.607
111	621.384
112	614.387
113	619.507
114	624.384
115	611.449
116	607.067
117	587.657
118	562.462
119	547.448
120	526.433
121	506.92
122	494.929
123	486.826
124	466.879
125	457.527
126	455.475
127	435.457
128	422.144
129	415.439
130	409.89
131	403.425
132	396.556
133	388.345
134	383.174
135	378.001
136	371.28
137	357.469
138	352.089
139	347.471
140	347.965
141	346.089
142	344.719
143	344.837
144	345.89
145	343.774
146	340.006
147	335.223
148	328.614
149	324.555
150	312.292
151	302.309
152	292.973
153	287.797
154	288.244
155	290.677
156	287.772
157	286.64
158	287.959
159	282.703
160	272.004
161	255.795
162	235.612
163	233.353
164	230.615
165	220.299
166	208.906
167	199.528
168	186.814
169	183.233
170	181.849
171	176.256
172	173.258
173	159.056
174	145.969
175	142.716
176	135.255
177	123.932
178	117.997
179	112.374
180	100.334
181	92.4606
182	86.7507
183	79.7433
184	73.2451
185	70.9676
186	68.6463
187	66.1865
188	61.8021
189	54.1551
190	49.9461
191	47.1115
192	47.0775
193	44.8597
194	44.3351
195	41.8474
196	40.6006
197	38.7124
198	38.3674
199	38.2177
200	38.2546
201	38.7787
202	38.1844
203	37.4033
204	36.8349
205	33.9561
206	33.2066
207	31.4011
208	30.422
209	29.0236
210	27.2693
211	27.1213
212	26.6954
213	26.552
214	26.3796
215	26.8348
216	26.565
217	26.3621
218	26.3266
219	26.3046
220	26.3847
221	26.4132
222	26.3248
223	26.276
224	26.309
225	26.264
226	26.3218
227	26.3661
228	26.4422
229	26.4076
230	26.1903
231	25.8947
232	25.9344
233	25.9778
234	25.8904
235	25.8758
236	25.8981
237	26.0795
238	26.0949
239	26.2813
240	26.3896
241	26.4583
242	26.4651
243	26.4588
244	26.4589
245	26.4839
246	26.5117
247	26.5531
248	26.5313
249	26.6195
250	26.5491
251	26.5077
252	26.4669
253	26.4803
254	26.599
255	26.7412
256	26.8223
257	26.9522
258	26.9649
259	27.1244
260	27.0777
261	27.1459
262	27.1681
263	27.3254
264	27.4745
265	27.651
266	27.8118
267	27.8341
268	27.9398
269	27.9662
270	27.9718
271	27.9385
272	27.9304
273	27.9743
274	27.9736
275	27.9792
276	27.9576
277	27.9566
278	27.9706
279	27.9741
280	27.9398
281	27.834
282	27.7951
283	27.6272
284	27.4624
285	27.4324
286	27.3357
287	27.3273
288	27.323
289	27.1937
290	27.1818
291	27.1818
292	27.19
293	27.19
294	27.206
295	27.2601
296	27.2541
297	27.2523
298	27.2461
299	27.2301
300	27.228
301	27.2109
302	27.2062
303	27.2077
304	27.2077
305	27.2092
306	27.2092
307	27.2092
308	27.2092
309	27.2057
310	27.2019
311	27.1966
312	27.1942
313	27.1774
314	27.1619
315	27.1491
316	27.1546
317	27.0925
318	27.1372
319	27.1785
320	27.2222
321	27.2142
322	27.2142
323	27.224
324	27.251
325	27.2642
326	27.3186
327	27.3257
328	27.3375
329	27.3309
330	27.3309
331	27.3293
332	27.3266
333	27.3307
334	27.3307
335	27.2904
336	27.3141
337	27.2713
338	27.2243
339	27.1634
340	27.1771
341	27.176
342	27.207
343	27.2409
344	27.273
345	27.2857
346	27.2511
347	27.2698
348	27.2821
349	27.2832
350	27.3989
351	27.5033
352	27.5042
353	27.4681
354	27.4183
355	27.41
356	27.4116
357	27.3954
358	27.4374
359	27.506
360	27.553
361	27.5744
362	27.5924
363	27.6133
364	27.6324
365	27.6674
366	27.7987
367	27.8442
368	27.9267
369	27.9835
370	28.013
371	28.0294
372	28.0476
373	28.0311
374	28.0536
375	28.0789
376	28.1605
377	27.9183
378	27.9515
379	27.9789
380	27.9362
381	27.8315
382	27.7981
383	27.7208
384	27.6352
385	27.6467
386	27.638
387	27.6146
388	27.6319
389	27.6504
390	27.6761
391	27.68
392	27.6856
393	27.6856
394	27.6866
395	27.7213
396	27.7536
397	27.803
398	27.9262
399	27.9262
400	27.9036
401	27.9473
402	27.9388
403	27.9388
404	27.9489
405	27.9489
406	27.9476
407	27.9709
408	27.9868
409	28.0053
410	28.0033
411	28.0033
412	28.0033
413	28.0033
414	28.0001
415	28.0001
416	27.9932
417	28.0127
418	28.0118
419	28.0581
420	28.1526
421	28.2099
422	28.2796
423	28.3519
424	28.326
425	28.2931
426	28.2619
427	28.2619
428	28.2536
429	28.2309
430	28.217
431	28.2018
432	28.1918
433	28.1499
434	28.201
435	28.5472
436	28.7293
437	28.7956
438	28.7956
439	28.8078
440	28.7759
441	28.7422
442	28.768
443	28.807
444	28.807
445	28.8199
446	28.8115
447	28.8127
448	28.8192
449	28.8012
450	28.8012
451	28.7663
452	28.7606
453	28.7494
454	28.7782
455	28.7782
456	28.8069
457	28.7115
458	28.705
459	28.6957
460	28.7464
461	28.7822
462	28.8253
463	28.8692
464	28.8692
465	28.8692
466	28.8692
467	28.8692
468	28.8692
469	28.8148
470	28.8148
471	28.5759
472	28.5167
473	28.4515
474	28.451
475	28.3883
476	28.3467
477	28.3487
478	28.3312
479	28.3123
480	28.3123
481	28.2931
482	28.2931
483	28.2931
484	28.2931
485	28.2931
486	28.2931
487	28.2931
488	28.2931
489	28.2931
490	28.2931
491	28.2931
492	28.2931
493	28.2931
494	28.2931
495	28.2931
496	28.2931
497	28.2931
498	28.2931
499	28.2931
500	28.2931
501	28.2931
502	28.2931
503	28.2931
504	28.2931
505	28.2931
506	28.2931
507	28.2931
508	28.2931
509	28.2931
510	28.2931
511	28.2931
512	28.2931
513	28.2931
514	28.2931
515	28.2931
516	28.2931
517	28.2931
518	28.2931
519	28.2931
520	28.2931
521	28.2931
522	28.2931
523	28.2931
524	28.2931
525	28.2931
526	28.2931
527	28.2931
528	28.2931
529	28.2931
530	28.2931
531	28.2931
532	28.2931
533	28.2931
534	28.2931
535	28.2931
536	28.2931
537	28.2931
538	28.2931
539	28.2931
540	28.2931
541	28.2931
542	28.2931
543	28.2931
544	28.2931
545	28.2931
546	28.2931
547	28.2931
548	28.2931
549	28.2931
550	28.2931
551	28.2931
552	28.2931
553	28.2931
554	28.2931
555	28.2931
556	28.2931
557	28.2931
558	28.2931
559	28.2931
560	28.2931
561	28.2931
562	28.2931
563	28.2931
564	28.2931
565	28.2931
566	28.2931
567	28.2931
568	28.2931
569	28.2931
570	28.2931
571	28.2931
572	28.2931
573	28.2931
574	28.2931
575	28.2931
576	28.2931
577	28.2931
578	28.2931
579	28.2931
580	28.2931
581	28.2931
582	28.2931
583	28.2931
584	28.2931
585	28.2931
586	28.2931
587	28.2931
588	28.2931
589	28.2931
590	28.2931
591	28.2931
592	28.2931
593	28.2931
594	28.2931
595	28.2931
596	28.2931
597	28.2931
598	28.2931
599	28.2931
600	28.2931
601	28.2931
602	28.2931
603	28.2931
604	28.2931
605	28.2931
606	28.2931
607	28.2931
608	28.2931
609	28.2931
610	28.2931
611	28.2931
612	28.2931
613	28.2931
614	28.2931
615	28.2931
616	28.2931
617	28.2931
618	28.2931
619	28.2931
620	28.2931
621	28.2931
622	28.2931
623	28.2931
624	28.2931
625	28.2931
626	28.2931
627	28.2931
628	28.2931
629	28.2931
630	28.2931
631	28.2931
632	28.2931
633	28.2931
634	28.2931
635	28.2931
636	28.2931
637	28.2931
638	28.2931
639	28.2931
640	28.2931
641	28.2931
642	28.2931
643	28.2931
644	28.2931
645	28.2931
646	28.2931
647	28.2931
648	28.2931
649	28.2931
650	28.2931
651	28.2931
652	28.2931
653	28.2931
654	28.2931
655	28.2931
656	28.2931
657	28.2931
658	28.2931
659	28.2931
660	28.2931
661	28.2931
662	28.2931
663	28.2931
664	28.2931
665	28.2931
666	28.2931
667	28.2931
668	28.2931
669	28.2931
670	28.2931
671	28.2931
672	28.2931
673	28.2931
674	28.2931
675	28.2931
676	28.2931
677	28.2931
678	28.2931
679	28.2931
680	28.2931
681	28.2931
682	28.2931
683	28.2931
684	28.2931
685	28.2931
686	28.2931
687	28.2931
688	28.2931
689	28.2931
690	28.2931
691	28.2931
692	28.2931
693	28.2931
694	28.2931
695	28.2931
696	28.2931
697	28.2931
698	28.2931
699	28.2931
700	28.2931
701	28.2931
702	28.2931
703	28.2931
704	28.2931
705	28.2931
706	28.2931
707	28.2931
708	28.2931
709	28.2931
710	28.2931
711	28.2931
712	28.2931
713	28.2931
714	28.2931
715	28.2931
716	28.2931
717	28.2931
718	28.2931
719	28.2931
720	28.2931
721	28.2931
722	28.2931
723	28.2931
724	28.2931
725	28.2931
726	28.2931
727	28.2931
728	28.2931
729	28.2931
730	28.2931
731	28.2931
732	28.2931
733	28.2931
734	28.2931
735	28.2931
736	28.2931
737	28.2931
738	28.2931
739	28.2931
740	28.2931
741	28.2931
742	28.2931
743	28.2931
744	28.2931
745	28.2931
746	28.2931
747	28.2931
748	28.2931
749	28.2931
750	28.2931
751	28.2931
752	28.2931
753	28.2931
754	28.2931
755	27.7561
