Ne averages over 40 independent estimates.
Generation	Geometric_mean
1	25.0297
2	25.0297
3	25.0297
4	25.0297
5	27.2558
6	28.9345
7	41.6448
8	43.0789
9	80.2839
10	101.931
11	172.741
12	267.475
13	331.235
14	336.4
15	352.751
16	403.977
17	450.835
18	451.295
19	485.003
20	481.183
21	538.638
22	553.739
23	594.235
24	674.739
25	737.829
26	751.079
27	772.643
28	799.286
29	822.808
30	813.365
31	812.411
32	814.476
33	831.25
34	857.343
35	893.35
36	921.904
37	949.714
38	969.875
39	990.524
40	987.918
41	979.078
42	973.367
43	976.31
44	981.844
45	979.692
46	983.127
47	967.904
48	956.859
49	928.974
50	905.185
51	870.488
52	827.951
53	810.725
54	788.977
55	770.529
56	789.25
57	757.054
58	671.534
59	637.733
60	604.305
61	576.382
62	514.333
63	461.815
64	428.117
65	409.954
66	439.524
67	403.966
68	354.003
69	266.81
70	263.21
71	261.872
72	259.613
73	240.267
74	239.705
75	259.923
76	260.098
77	256.791
78	239.545
79	243.372
80	248.984
81	360.013
82	374.792
83	384.997
84	435.402
85	433.245
86	428.046
87	436.059
88	563.069
89	590.125
90	664.713
91	694.118
92	711.349
93	719.543
94	725.024
95	725.579
96	722.616
97	711.932
98	711.33
99	703.451
100	704.849
101	710.48
102	714.682
103	720.27
104	722.156
105	720.024
106	719.755
107	721.697
108	713.24
109	703.429
110	683.726
111	666.767
112	634.432
113	597.513
114	563.407
115	527.606
116	509.916
117	498.225
118	490.54
119	489.09
120	483.325
121	490.113
122	482.139
123	476.652
124	470.434
125	465.571
126	457.825
127	447.524
128	436.19
129	424.126
130	415.739
131	406.273
132	398.648
133	375.856
134	366.517
135	356.495
136	355.257
137	346.681
138	343.49
139	337.3
140	329.899
141	327.412
142	319.555
143	311.855
144	297.734
145	296.606
146	294.173
147	295.189
148	295.315
149	293.579
150	292.996
151	290.286
152	289.778
153	291.267
154	287.788
155	288.461
156	286.133
157	287.372
158	282.977
159	276
160	267.24
161	261.182
162	257.512
163	242.887
164	232.647
165	211.184
166	199.318
167	196.304
168	195.773
169	188.216
170	179.858
171	169.797
172	159.476
173	151.523
174	151.337
175	150.5
176	146.834
177	143.062
178	133.211
179	128.753
180	123.111
181	111.663
182	103.405
183	97.6844
184	92.3506
185	87.566
186	87.9542
187	85.9047
188	81.4966
189	78.107
190	73.4092
191	72.1179
192	68.6355
193	65.0885
194	62.7695
195	61.2737
196	59.3013
197	56.998
198	55.0279
199	52.3992
200	49.4791
201	45.1617
202	43.5323
203	42.7535
204	39.7606
205	39.3662
206	38.201
207	36.4325
208	35.1619
209	34.806
210	35.3227
211	35.8694
212	35.8436
213	36.554
214	36.5099
215	36.5694
216	36.6083
217	36.9613
218	37.0735
219	36.9865
220	36.3599
221	36.014
222	35.7637
223	36.3652
224	36.5093
225	36.6406
226	36.5223
227	36.3872
228	36.3551
229	36.3691
230	36.4242
231	36.3479
232	36.297
233	36.2394
234	36.2438
235	36.215
236	36.1938
237	36.1804
238	36.1491
239	36.1792
240	36.1997
241	36.0788
242	35.9597
243	35.884
244	35.8426
245	35.8779
246	35.7026
247	35.6549
248	35.6759
249	35.6929
250	35.7093
251	35.7976
252	35.8825
253	35.9229
254	35.9455
255	35.9613
256	36.0457
257	36.1226
258	36.161
259	36.1545
260	36.1758
261	36.1881
262	36.169
263	36.1389
264	36.0217
265	35.8493
266	35.7842
267	35.6884
268	35.5278
269	35.5356
270	35.5234
271	35.5368
272	35.8699
273	35.9894
274	36.0052
275	36.008
276	36.0757
277	36.158
278	36.1954
279	36.1974
280	36.0859
281	35.9854
282	35.9576
283	35.9568
284	36.1643
285	36.2925
286	36.3838
287	36.2843
288	36.2978
289	36.3117
290	36.3066
291	36.3073
292	36.3671
293	36.4226
294	36.459
295	36.4741
296	36.5443
297	36.5758
298	36.5715
299	36.671
300	36.9556
301	36.9454
302	37.0025
303	36.9501
304	36.9388
305	36.9061
306	36.8885
307	36.9559
308	36.9789
309	37.09
310	37.0496
311	37.2257
312	37.2174
313	37.2214
314	37.2244
315	37.2471
316	37.2998
317	37.334
318	37.3899
319	37.4262
320	37.4754
321	37.4912
322	37.5353
323	37.5353
324	37.5317
325	37.5317
326	37.5317
327	37.5317
328	37.5317
329	37.5317
330	37.5317
331	37.5333
332	37.5359
333	37.5068
334	37.4903
335	37.4508
336	37.4086
337	37.4037
338	37.4037
339	37.4037
340	37.4037
341	37.4037
342	37.408
343	37.3651
344	37.1075
345	37.0766
346	37.0621
347	37.0259
348	36.9939
349	36.9665
350	37.1496
351	37.161
352	37.204
353	37.0815
354	37.0429
355	36.9423
356	36.9323
357	36.9329
358	36.9482
359	36.9438
360	36.9457
361	36.9457
362	36.9366
363	36.8934
364	36.8027
365	36.7298
366	36.6444
367	36.6444
368	36.5683
369	36.5276
370	36.5276
371	36.5276
372	36.5276
373	36.5572
374	36.5591
375	36.5591
376	36.6256
377	36.6875
378	36.6875
379	36.6875
380	36.6513
381	36.6206
382	36.9431
383	36.8691
384	36.9267
385	37.0119
386	37.0416
387	37.0693
388	37.2848
389	37.2848
390	37.2616
391	37.2685
392	37.2799
393	37.2749
394	37.2749
395	37.2471
396	37.2471
397	37.2471
398	37.2463
399	37.2286
400	37.2286
401	37.2492
402	37.2643
403	37.2643
404	37.2643
405	37.2796
406	37.2726
407	37.2751
408	37.3275
409	37.3293
410	37.3636
411	37.4477
412	37.4854
413	37.6123
414	37.7239
415	37.6376
416	37.7387
417	37.8369
418	37.826
419	37.8848
420	37.7966
421	37.8083
422	37.7613
423	37.7741
424	37.7755
425	37.8467
426	37.8703
427	37.889
428	37.8743
429	37.931
430	38.0528
431	38.1856
432	38.3621
433	38.4623
434	38.4631
435	38.4631
436	38.4591
437	38.4609
438	38.4609
439	38.4609
440	38.4609
441	38.4609
442	38.4609
443	38.4646
444	38.4646
445	38.4633
446	38.4461
447	38.4532
448	38.4445
449	38.4567
450	38.4498
451	38.568
452	38.568
453	38.568
454	38.6594
455	38.4281
456	38.2933
457	38.1603
458	38.0468
459	38.0468
460	38.0511
461	37.9372
462	37.9372
463	37.9522
464	37.9522
465	37.968
466	37.968
467	37.9826
468	37.9826
469	37.9826
470	37.9826
471	37.9826
472	37.9826
473	37.9826
474	37.9684
475	37.9684
476	37.9684
477	37.9684
478	37.9675
479	37.9604
480	37.9623
481	37.9623
482	37.9623
483	38.0634
484	38.3271
485	38.3783
486	38.3783
487	38.4842
488	38.4842
489	38.4842
490	38.4842
491	38.4842
492	38.4842
493	38.4842
494	38.4842
495	38.4842
496	38.4842
497	38.4842
498	38.4842
499	38.4842
500	38.4842
501	38.4842
502	38.4842
503	38.4842
504	38.4842
505	38.4842
506	38.4842
507	38.4842
508	38.4842
509	38.4842
510	38.4842
511	38.4842
512	38.4842
513	38.4842
514	38.4842
515	38.4842
516	38.4842
517	38.4842
518	38.4842
519	38.4842
520	38.4842
521	38.4842
522	38.4842
523	38.4842
524	38.4842
525	38.4842
526	38.4842
527	38.4842
528	38.4842
529	38.4842
530	38.4842
531	38.4842
532	38.4842
533	38.4842
534	38.4842
535	38.4842
536	38.4842
537	38.4842
538	38.4842
539	38.4842
540	38.4842
541	38.4842
542	38.4842
543	38.4842
544	38.4842
545	38.4842
546	38.4842
547	38.4842
548	38.4842
549	38.4842
550	38.4842
551	38.4842
552	38.4842
553	38.4842
554	38.4842
555	38.4842
556	38.4842
557	38.4842
558	38.4842
559	38.4842
560	38.4842
561	38.4842
562	38.4842
563	38.4842
564	38.4842
565	38.4842
566	38.4842
567	38.4842
568	38.4842
569	38.4842
570	38.4842
571	38.4842
572	38.4842
573	38.4842
574	38.4842
575	38.4842
576	38.4842
577	38.4842
578	38.4842
579	38.4842
580	38.4842
581	38.4842
582	38.4842
583	38.4842
584	38.4842
585	38.4842
586	38.4842
587	38.4842
588	38.4842
589	38.4842
590	38.4842
591	38.4842
592	38.4842
593	38.4842
594	38.4842
595	38.4842
596	38.4842
597	38.4842
598	38.4842
599	38.4842
600	38.4842
601	38.4842
602	38.4842
603	38.4842
604	38.4842
605	38.4842
606	38.4842
607	38.4842
608	38.4842
609	38.4842
610	38.4842
611	38.4842
612	38.4842
613	38.4842
614	38.4842
615	38.4842
616	38.4842
617	38.4842
618	38.4842
619	38.4842
620	38.4842
621	38.4842
622	38.4842
623	38.4842
624	38.4842
625	38.4842
626	38.4842
627	38.4842
628	38.4842
629	38.4842
630	38.4842
631	38.4842
632	38.4842
633	38.4842
634	38.4842
635	38.4842
636	38.4842
637	38.4842
638	38.4842
639	38.4842
640	38.4842
641	38.4842
642	38.4842
643	38.4842
644	38.4842
645	38.4842
646	38.4842
647	38.4842
648	38.4842
649	38.4842
650	38.4842
651	38.4842
652	38.4842
653	38.4842
654	38.4842
655	38.4842
656	38.4842
657	38.4842
658	38.4842
659	38.4842
660	38.4842
661	38.4842
662	38.4842
663	38.4842
664	38.4842
665	38.4842
666	38.4842
667	38.4842
668	38.4842
669	38.4842
670	38.4842
671	38.4842
672	38.4842
673	38.4842
674	38.4842
675	38.4842
676	38.4842
677	38.4842
678	38.4842
679	38.4842
680	38.4842
681	38.4842
682	38.4842
683	38.4842
684	38.4842
685	38.4842
686	38.4842
687	38.4842
688	38.4842
689	38.4842
690	38.4842
691	38.4842
692	38.4842
693	38.4842
694	38.4842
695	38.4842
696	38.4842
697	38.4842
698	38.4842
699	38.4842
700	38.4842
701	38.4842
702	38.4842
703	38.4842
704	38.4842
705	38.4842
706	38.4842
707	38.4842
708	38.4842
709	38.4842
710	38.4842
711	38.4842
712	38.4842
713	38.4842
714	38.4842
715	38.4842
716	38.4842
717	38.4842
718	38.4842
719	38.4842
720	38.4842
721	38.4842
722	38.4842
723	38.4842
724	38.4842
725	38.4842
726	38.4842
727	38.4842
728	38.4842
729	38.4842
730	38.4842
731	38.4842
732	38.4842
733	38.4842
734	38.4842
735	38.4842
736	38.4842
737	38.4842
738	38.4842
739	38.4842
740	38.4842
741	38.4842
742	38.4842
743	38.4842
744	38.4842
745	38.4842
746	38.4842
747	38.4842
748	38.4842
749	38.4842
750	38.4842
751	38.4842
752	38.4842
753	38.4842
754	38.4842
755	38.981
