Ne averages over 40 independent estimates.
Generation	Geometric_mean
1	26.6887
2	26.6887
3	26.6887
4	26.6887
5	28.344
6	26.4737
7	26.865
8	42.753
9	58.6382
10	93.4918
11	180.732
12	313.842
13	398.202
14	394.466
15	402.596
16	419.306
17	455.905
18	462.719
19	488.965
20	570.307
21	579.184
22	582.55
23	743.58
24	933.568
25	940.591
26	999.741
27	1102.19
28	1112.05
29	1122.77
30	1124.39
31	1150.39
32	1199.64
33	1220.34
34	1197.29
35	1200.8
36	1220.21
37	1223.82
38	1236.13
39	1249.2
40	1255.8
41	1283.53
42	1319.04
43	1337.97
44	1346.4
45	1328.1
46	1331.12
47	1303.48
48	1294.51
49	1332.14
50	1284.52
51	1265.9
52	1241.62
53	1231.95
54	1238.06
55	1174.45
56	1163.66
57	1139.82
58	1123.73
59	1127.37
60	1103.42
61	1074.23
62	1056.85
63	1034.18
64	1016.48
65	992.566
66	979.604
67	993.362
68	923.513
69	709.295
70	680.771
71	557.788
72	546.329
73	484.223
74	460.279
75	456.05
76	448.421
77	460.481
78	460.861
79	498.749
80	477.304
81	503.31
82	496.028
83	584.827
84	663.24
85	702.358
86	628.549
87	628.713
88	614.498
89	645.792
90	643.09
91	655.736
92	741.603
93	760.463
94	807.224
95	826.035
96	843.151
97	846.507
98	928.815
99	946.398
100	951.458
101	951.878
102	938.553
103	912.19
104	906.575
105	898.525
106	898.835
107	895.134
108	908.682
109	928.352
110	932.983
111	928.937
112	893.817
113	854.302
114	844.176
115	791.257
116	742.058
117	722.978
118	688.791
119	651.943
120	618.763
121	612.662
122	606.458
123	586.016
124	565.618
125	550.151
126	538.437
127	522.578
128	506.27
129	482.043
130	469.741
131	455.598
132	446.902
133	430.43
134	424.698
135	424.141
136	415.529
137	404.621
138	398.139
139	397.608
140	399.729
141	395.223
142	388.866
143	384.666
144	382.549
145	378.999
146	374.119
147	369.277
148	370.227
149	369.215
150	370.552
151	369.574
152	367.166
153	364.561
154	366.15
155	365.925
156	366.788
157	365.22
158	362.579
159	360.162
160	353.666
161	345.511
162	333.24
163	306.095
164	289.28
165	276.87
166	269.286
167	264.099
168	249.381
169	231.81
170	214.199
171	208.287
172	204.971
173	186.481
174	175.755
175	156.709
176	149.217
177	141.528
178	135.824
179	121.546
180	116.386
181	109.116
182	102.745
183	99.3464
184	95.129
185	91.0195
186	82.8747
187	73.0944
188	68.0956
189	67.9393
190	63.7419
191	61.0276
192	58.0327
193	55.9354
194	54.7034
195	54.2073
196	52.1437
197	49.3759
198	45.7087
199	44.1462
200	42.3483
201	39.9138
202	37.0311
203	34.1346
204	30.889
205	29.7696
206	29.425
207	29.2345
208	28.8873
209	28.7249
210	27.8372
211	27.3814
212	26.7872
213	26.5347
214	26.4409
215	26.3623
216	26.2765
217	26.1486
218	26.1038
219	25.8966
220	25.8224
221	25.7384
222	25.7573
223	25.7991
224	25.5808
225	25.2175
226	25.1897
227	24.9609
228	24.8241
229	24.8258
230	24.8505
231	24.8576
232	24.7065
233	24.6596
234	24.5258
235	24.3927
236	24.3945
237	24.3416
238	24.2014
239	24.2944
240	24.4493
241	24.5858
242	24.7207
243	24.8402
244	24.9272
245	24.965
246	24.9628
247	24.9766
248	24.9713
249	24.9605
250	24.968
251	24.9554
252	24.9467
253	24.9154
254	24.8989
255	24.8989
256	24.9235
257	24.9241
258	25.0629
259	25.1589
260	25.1702
261	25.1858
262	25.2664
263	25.3011
264	25.4887
265	25.5007
266	25.5146
267	25.5221
268	25.5264
269	25.5204
270	25.5203
271	25.5168
272	25.516
273	25.5154
274	25.5094
275	25.4964
276	25.4919
277	25.4637
278	25.4637
279	25.4637
280	25.4682
281	25.4698
282	25.4667
283	25.4667
284	25.4627
285	25.4555
286	25.4621
287	25.4523
288	25.4536
289	25.4439
290	25.4376
291	25.4376
292	25.4432
293	25.4432
294	25.4432
295	25.4399
296	25.4433
297	25.4433
298	25.448
299	25.4452
300	25.4461
301	25.4562
302	25.4547
303	25.4456
304	25.4246
305	25.4634
306	25.4759
307	25.5299
308	25.548
309	25.548
310	25.5491
311	25.5491
312	25.5724
313	25.5961
314	25.5961
315	25.6216
316	25.6216
317	25.6634
318	25.8144
319	25.9586
320	26.0088
321	26.0361
322	26.0361
323	26.0361
324	26.0166
325	26.0166
326	25.9858
327	25.9753
328	25.9248
329	25.8865
330	25.8914
331	25.8914
332	25.8904
333	25.8882
334	25.8882
335	25.8882
336	25.881
337	25.885
338	25.8905
339	25.8905
340	25.9023
341	25.9023
342	25.8972
343	25.8972
344	25.8974
345	25.8863
346	25.8863
347	25.8863
348	25.8674
349	25.882
350	25.8761
351	25.9027
352	25.9382
353	25.9748
354	26.0228
355	26.0641
356	26.1199
357	26.1652
358	26.179
359	26.175
360	26.175
361	26.175
362	26.175
363	26.175
364	26.175
365	26.175
366	26.2102
367	26.204
368	26.2267
369	26.2361
370	26.2481
371	26.2481
372	26.2411
373	26.2338
374	26.2247
375	26.2223
376	26.2223
377	26.2015
378	26.2059
379	26.2059
380	26.209
381	26.2391
382	26.2599
383	26.2957
384	26.3006
385	26.34
386	26.3568
387	26.3709
388	26.3709
389	26.3743
390	26.3743
391	26.3743
392	26.363
393	26.356
394	26.3456
395	26.3278
396	26.323
397	26.3286
398	26.3498
399	26.359
400	26.3593
401	26.3593
402	26.3593
403	26.3558
404	26.3558
405	26.3596
406	26.3596
407	26.3531
408	26.3461
409	26.3521
410	26.3143
411	26.2221
412	26.1527
413	26.1198
414	26.1198
415	26.1579
416	26.2359
417	26.2359
418	26.6388
419	26.7035
420	26.692
421	26.7724
422	26.7673
423	26.7686
424	26.7686
425	26.7587
426	26.7587
427	26.7524
428	26.7474
429	26.7453
430	26.7599
431	26.7599
432	26.7849
433	26.8146
434	26.8342
435	26.8403
436	26.8648
437	26.8789
438	26.9215
439	26.957
440	26.9753
441	26.9753
442	27.0055
443	27.0009
444	27.0194
445	27.0259
446	27.0206
447	27.035
448	27.0482
449	27.0539
450	27.0636
451	27.0636
452	27.1105
453	27.1192
454	27.2569
455	27.5322
456	27.5322
457	27.5322
458	27.5322
459	27.537
460	27.502
461	27.4694
462	27.3927
463	27.3981
464	27.3478
465	27.3357
466	27.2398
467	27.2311
468	27.2419
469	27.1994
470	27.1608
471	27.1648
472	27.1568
473	27.1183
474	27.0829
475	27.0212
476	26.9884
477	26.9788
478	26.9695
479	26.9695
480	26.9695
481	26.9695
482	26.9695
483	26.9695
484	26.9695
485	26.9695
486	26.9695
487	26.9695
488	26.9695
489	26.9695
490	26.9695
491	26.9695
492	26.9695
493	26.9695
494	26.9695
495	26.9695
496	26.9695
497	26.9695
498	26.9695
499	26.9695
500	26.9695
501	26.9695
502	26.9695
503	26.9695
504	26.9695
505	26.9695
506	26.9695
507	26.9695
508	26.9695
509	26.9695
510	26.9695
511	26.9695
512	26.9695
513	26.9695
514	26.9695
515	26.9695
516	26.9695
517	26.9695
518	26.9695
519	26.9695
520	26.9695
521	26.9695
522	26.9695
523	26.9695
524	26.9695
525	26.9695
526	26.9695
527	26.9695
528	26.9695
529	26.9695
530	26.9695
531	26.9695
532	26.9695
533	26.9695
534	26.9695
535	26.9695
536	26.9695
537	26.9695
538	26.9695
539	26.9695
540	26.9695
541	26.9695
542	26.9695
543	26.9695
544	26.9695
545	26.9695
546	26.9695
547	26.9695
548	26.9695
549	26.9695
550	26.9695
551	26.9695
552	26.9695
553	26.9695
554	26.9695
555	26.9695
556	26.9695
557	26.9695
558	26.9695
559	26.9695
560	26.9695
561	26.9695
562	26.9695
563	26.9695
564	26.9695
565	26.9695
566	26.9695
567	26.9695
568	26.9695
569	26.9695
570	26.9695
571	26.9695
572	26.9695
573	26.9695
574	26.9695
575	26.9695
576	26.9695
577	26.9695
578	26.9695
579	26.9695
580	26.9695
581	26.9695
582	26.9695
583	26.9695
584	26.9695
585	26.9695
586	26.9695
587	26.9695
588	26.9695
589	26.9695
590	26.9695
591	26.9695
592	26.9695
593	26.9695
594	26.9695
595	26.9695
596	26.9695
597	26.9695
598	26.9695
599	26.9695
600	26.9695
601	26.9695
602	26.9695
603	26.9695
604	26.9695
605	26.9695
606	26.9695
607	26.9695
608	26.9695
609	26.9695
610	26.9695
611	26.9695
612	26.9695
613	26.9695
614	26.9695
615	26.9695
616	26.9695
617	26.9695
618	26.9695
619	26.9695
620	26.9695
621	26.9695
622	26.9695
623	26.9695
624	26.9695
625	26.9695
626	26.9695
627	26.9695
628	26.9695
629	26.9695
630	26.9695
631	26.9695
632	26.9695
633	26.9695
634	26.9695
635	26.9695
636	26.9695
637	26.9695
638	26.9695
639	26.9695
640	26.9695
641	26.9695
642	26.9695
643	26.9695
644	26.9695
645	26.9695
646	26.9695
647	26.9695
648	26.9695
649	26.9695
650	26.9695
651	26.9695
652	26.9695
653	26.9695
654	26.9695
655	26.9695
656	26.9695
657	26.9695
658	26.9695
659	26.9695
660	26.9695
661	26.9695
662	26.9695
663	26.9695
664	26.9695
665	26.9695
666	26.9695
667	26.9695
668	26.9695
669	26.9695
670	26.9695
671	26.9695
672	26.9695
673	26.9695
674	26.9695
675	26.9695
676	26.9695
677	26.9695
678	26.9695
679	26.9695
680	26.9695
681	26.9695
682	26.9695
683	26.9695
684	26.9695
685	26.9695
686	26.9695
687	26.9695
688	26.9695
689	26.9695
690	26.9695
691	26.9695
692	26.9695
693	26.9695
694	26.9695
695	26.9695
696	26.9695
697	26.9695
698	26.9695
699	26.9695
700	26.9695
701	26.9695
702	26.9695
703	26.9695
704	26.9695
705	26.9695
706	26.9695
707	26.9695
708	26.9695
709	26.9695
710	26.9695
711	26.9695
712	26.9695
713	26.9695
714	26.9695
715	26.9695
716	26.9695
717	26.9695
718	26.9695
719	26.9695
720	26.9695
721	26.9695
722	26.9695
723	26.9695
724	26.9695
725	26.9695
726	26.9695
727	26.9695
728	26.9695
729	26.9695
730	26.9695
731	26.9695
732	26.9695
733	26.9695
734	26.9695
735	26.9695
736	26.9695
737	26.9695
738	26.9695
739	26.9695
740	26.9695
741	26.9695
742	26.9695
743	26.9695
744	26.9695
745	26.9695
746	26.9695
747	26.9695
748	26.9695
749	26.9695
750	26.9695
751	26.9695
752	26.9695
753	26.9695
754	26.9695
755	26.836
