Ne averages over 40 independent estimates.
Generation	Geometric_mean
1	27.558
2	27.558
3	27.558
4	27.558
5	27.7465
6	27.8076
7	32.2097
8	37.7945
9	95.1455
10	126.073
11	226.033
12	286.885
13	371.602
14	367.407
15	371.568
16	446.733
17	464.154
18	493.834
19	597.677
20	612.329
21	659.453
22	684.764
23	689.976
24	684.342
25	732.877
26	861.385
27	900.236
28	1024.07
29	1012.8
30	1009.32
31	997.675
32	981.028
33	966.421
34	958.263
35	987.007
36	1066.3
37	1093.76
38	1098.06
39	1099.35
40	1100.12
41	1070.71
42	1046.54
43	1052.94
44	1044.39
45	1049.12
46	1060.74
47	1075.48
48	1057.93
49	1068.95
50	1055.5
51	1049.77
52	1071.18
53	1083.81
54	1092.94
55	1093.07
56	1087.55
57	1075.2
58	1041.09
59	1008.13
60	975.447
61	941.102
62	888.857
63	875.551
64	878.081
65	900.228
66	858.955
67	759.943
68	771.916
69	717.935
70	631.904
71	624.805
72	562.322
73	549.768
74	449.669
75	414.268
76	393.614
77	361.16
78	329.566
79	326.889
80	348.414
81	358.969
82	339.281
83	350.785
84	372.616
85	352.04
86	392.57
87	406.924
88	454.876
89	452.257
90	550.351
91	647.953
92	645.418
93	706.697
94	723.047
95	714.677
96	724.67
97	806.67
98	801.995
99	790.948
100	782.029
101	775.011
102	762.945
103	748.628
104	735.681
105	729.89
106	692.639
107	682.649
108	677.496
109	656.361
110	612.703
111	602.618
112	594.993
113	595.4
114	599.762
115	597.583
116	603.674
117	590.984
118	581.591
119	572.429
120	562.286
121	564.253
122	555.858
123	545.129
124	519.465
125	503.012
126	477.83
127	463.219
128	450.83
129	436.289
130	427.253
131	425.079
132	421.412
133	419.718
134	416.434
135	420.194
136	412.011
137	400.434
138	391.058
139	382.123
140	373.219
141	365.427
142	364.115
143	362.036
144	358.497
145	353.771
146	346.454
147	340.999
148	338.368
149	337.167
150	333.352
151	330.348
152	329.633
153	329.259
154	332.549
155	335.055
156	333.896
157	333.654
158	331.857
159	329.038
160	323.555
161	319.975
162	318.139
163	310.788
164	293.757
165	287.872
166	281.62
167	275.202
168	258.164
169	236.513
170	216
171	185.492
172	181.523
173	181.131
174	182.002
175	180.962
176	182.371
177	175.06
178	171.359
179	170.706
180	172.363
181	163.633
182	155.695
183	150.286
184	144.717
185	142.34
186	134.814
187	118.982
188	107.506
189	97.5722
190	92.7165
191	87.1069
192	86.1683
193	85.0189
194	85.3125
195	81.6071
196	75.9358
197	71.0041
198	64.5846
199	53.1699
200	50.9266
201	45.5929
202	41.9651
203	39.6191
204	39.686
205	38.0611
206	36.2898
207	35.9129
208	34.6572
209	33.8391
210	33.6296
211	33.5461
212	33.5604
213	33.501
214	33.1592
215	32.3393
216	31.7501
217	31.2313
218	30.5843
219	30.2138
220	30.1954
221	30.0607
222	30.0173
223	29.3639
224	28.9903
225	28.7492
226	28.8754
227	28.4293
228	27.5811
229	27.6753
230	27.8154
231	27.7442
232	27.9255
233	27.8475
234	27.7957
235	27.7377
236	27.682
237	27.4342
238	27.3497
239	27.2102
240	27.2983
241	27.4444
242	27.4119
243	27.6819
244	27.9318
245	28.0956
246	28.3888
247	28.4492
248	28.558
249	28.558
250	28.5166
251	28.515
252	28.4838
253	28.4838
254	28.3463
255	28.3158
256	28.2541
257	28.2135
258	28.2005
259	28.1833
260	28.186
261	28.1829
262	28.1727
263	28.1972
264	28.2048
265	28.2261
266	28.2544
267	28.2717
268	28.298
269	28.3379
270	28.4722
271	28.4803
272	28.4803
273	28.4804
274	28.4995
275	28.6902
276	28.6904
277	28.7852
278	28.901
279	28.9423
280	28.9435
281	28.9267
282	28.9271
283	28.9122
284	28.8586
285	28.8769
286	28.7532
287	28.6878
288	28.5661
289	28.5625
290	28.5451
291	28.5028
292	28.3888
293	28.3356
294	28.4026
295	28.5113
296	28.5486
297	28.5194
298	28.4626
299	28.4532
300	28.4562
301	28.4562
302	28.4526
303	28.4526
304	28.4572
305	28.4608
306	28.4455
307	28.4286
308	28.4095
309	28.4203
310	28.4484
311	28.4485
312	28.4746
313	28.4887
314	28.578
315	28.6152
316	28.6801
317	28.699
318	28.7804
319	28.7924
320	28.792
321	28.8086
322	28.7847
323	28.8807
324	28.8461
325	29.011
326	29.1607
327	29.3775
328	29.5572
329	29.5986
330	29.5737
331	29.5366
332	29.5036
333	29.4562
334	29.4378
335	29.4376
336	29.4442
337	29.4442
338	29.4995
339	29.5321
340	29.6074
341	29.6334
342	29.66
343	29.6661
344	29.6836
345	29.6839
346	29.7203
347	29.7108
348	29.7041
349	29.7014
350	29.6938
351	29.6883
352	29.6995
353	29.6995
354	29.6995
355	29.6987
356	29.6834
357	29.709
358	29.79
359	29.8609
360	29.8328
361	29.8417
362	29.8503
363	29.8201
364	29.8135
365	29.7976
366	29.7631
367	29.6922
368	29.692
369	29.6458
370	29.622
371	29.5057
372	29.4607
373	29.4628
374	29.4741
375	29.4891
376	29.4261
377	29.3061
378	29.28
379	29.2484
380	29.232
381	29.2581
382	29.261
383	29.2867
384	29.2742
385	29.2481
386	29.2502
387	29.1841
388	29.1959
389	29.186
390	29.1368
391	29.117
392	29.1188
393	29.2134
394	29.1916
395	29.3637
396	29.3971
397	29.3159
398	29.2425
399	29.6181
400	30.0688
401	30.0146
402	29.9551
403	29.8041
404	29.7564
405	29.7634
406	29.918
407	29.9893
408	29.9893
409	29.9893
410	29.9577
411	29.9577
412	29.9577
413	29.9607
414	29.9607
415	29.97
416	29.97
417	29.9725
418	29.9795
419	29.9849
420	29.9908
421	29.9908
422	29.9908
423	29.9975
424	30.0195
425	30.0378
426	30.0443
427	30.0561
428	30.0301
429	30.0276
430	30.0127
431	30.0127
432	30.0153
433	30.0282
434	30.0282
435	30.0282
436	30.0282
437	30.0282
438	30.0282
439	30.0282
440	30.0408
441	30.0408
442	30.0579
443	30.0579
444	30.0627
445	30.0659
446	30.0659
447	30.0768
448	30.0739
449	30.0681
450	30.0681
451	30.0727
452	30.0727
453	30.0362
454	30.0362
455	30.0362
456	30.0362
457	30.0201
458	30.0201
459	30.0249
460	30.0249
461	29.9565
462	29.8811
463	29.7381
464	29.446
465	29.3172
466	29.3135
467	29.3105
468	29.33
469	29.3683
470	29.4052
471	29.4068
472	29.3261
473	29.2806
474	29.1897
475	29.1321
476	29.1235
477	29.1235
478	29.1127
479	29.0602
480	29.0158
481	28.9827
482	28.9676
483	28.9555
484	28.9555
485	28.9414
486	28.9414
487	28.9414
488	28.9414
489	28.9414
490	28.9414
491	28.9414
492	28.9414
493	28.9414
494	28.9414
495	28.9414
496	28.9414
497	28.9414
498	28.9414
499	28.9414
500	28.9414
501	28.9414
502	28.9414
503	28.9414
504	28.9414
505	28.9414
506	28.9414
507	28.9414
508	28.9414
509	28.9414
510	28.9414
511	28.9414
512	28.9414
513	28.9414
514	28.9414
515	28.9414
516	28.9414
517	28.9414
518	28.9414
519	28.9414
520	28.9414
521	28.9414
522	28.9414
523	28.9414
524	28.9414
525	28.9414
526	28.9414
527	28.9414
528	28.9414
529	28.9414
530	28.9414
531	28.9414
532	28.9414
533	28.9414
534	28.9414
535	28.9414
536	28.9414
537	28.9414
538	28.9414
539	28.9414
540	28.9414
541	28.9414
542	28.9414
543	28.9414
544	28.9414
545	28.9414
546	28.9414
547	28.9414
548	28.9414
549	28.9414
550	28.9414
551	28.9414
552	28.9414
553	28.9414
554	28.9414
555	28.9414
556	28.9414
557	28.9414
558	28.9414
559	28.9414
560	28.9414
561	28.9414
562	28.9414
563	28.9414
564	28.9414
565	28.9414
566	28.9414
567	28.9414
568	28.9414
569	28.9414
570	28.9414
571	28.9414
572	28.9414
573	28.9414
574	28.9414
575	28.9414
576	28.9414
577	28.9414
578	28.9414
579	28.9414
580	28.9414
581	28.9414
582	28.9414
583	28.9414
584	28.9414
585	28.9414
586	28.9414
587	28.9414
588	28.9414
589	28.9414
590	28.9414
591	28.9414
592	28.9414
593	28.9414
594	28.9414
595	28.9414
596	28.9414
597	28.9414
598	28.9414
599	28.9414
600	28.9414
601	28.9414
602	28.9414
603	28.9414
604	28.9414
605	28.9414
606	28.9414
607	28.9414
608	28.9414
609	28.9414
610	28.9414
611	28.9414
612	28.9414
613	28.9414
614	28.9414
615	28.9414
616	28.9414
617	28.9414
618	28.9414
619	28.9414
620	28.9414
621	28.9414
622	28.9414
623	28.9414
624	28.9414
625	28.9414
626	28.9414
627	28.9414
628	28.9414
629	28.9414
630	28.9414
631	28.9414
632	28.9414
633	28.9414
634	28.9414
635	28.9414
636	28.9414
637	28.9414
638	28.9414
639	28.9414
640	28.9414
641	28.9414
642	28.9414
643	28.9414
644	28.9414
645	28.9414
646	28.9414
647	28.9414
648	28.9414
649	28.9414
650	28.9414
651	28.9414
652	28.9414
653	28.9414
654	28.9414
655	28.9414
656	28.9414
657	28.9414
658	28.9414
659	28.9414
660	28.9414
661	28.9414
662	28.9414
663	28.9414
664	28.9414
665	28.9414
666	28.9414
667	28.9414
668	28.9414
669	28.9414
670	28.9414
671	28.9414
672	28.9414
673	28.9414
674	28.9414
675	28.9414
676	28.9414
677	28.9414
678	28.9414
679	28.9414
680	28.9414
681	28.9414
682	28.9414
683	28.9414
684	28.9414
685	28.9414
686	28.9414
687	28.9414
688	28.9414
689	28.9414
690	28.9414
691	28.9414
692	28.9414
693	28.9414
694	28.9414
695	28.9414
696	28.9414
697	28.9414
698	28.9414
699	28.9414
700	28.9414
701	28.9414
702	28.9414
703	28.9414
704	28.9414
705	28.9414
706	28.9414
707	28.9414
708	28.9414
709	28.9414
710	28.9414
711	28.9414
712	28.9414
713	28.9414
714	28.9414
715	28.9414
716	28.9414
717	28.9414
718	28.9414
719	28.9414
720	28.9414
721	28.9414
722	28.9414
723	28.9414
724	28.9414
725	28.9414
726	28.9414
727	28.9414
728	28.9414
729	28.9414
730	28.9414
731	28.9414
732	28.9414
733	28.9414
734	28.9414
735	28.9414
736	28.9414
737	28.9414
738	28.9414
739	28.9414
740	28.9414
741	28.9414
742	28.9414
743	28.9414
744	28.9414
745	28.9414
746	28.9414
747	28.9414
748	28.9414
749	28.9414
750	28.9414
751	28.9414
752	28.9414
753	28.9414
754	28.9414
755	28.8153
