Ne averages over 40 independent estimates.
Generation	Geometric_mean
1	26.0857
2	26.0857
3	26.0857
4	26.0857
5	31.2912
6	28.5624
7	35.8333
8	40.31
9	58.8919
10	156.659
11	249.155
12	340.182
13	404.049
14	419.851
15	445.138
16	502.016
17	498.506
18	495.445
19	592.523
20	671.718
21	713.227
22	745.815
23	790.505
24	813.452
25	817.295
26	825.688
27	883.25
28	883.442
29	882.618
30	876.773
31	880.895
32	874.541
33	881.545
34	895.843
35	900.329
36	897.52
37	909.837
38	921.762
39	935.342
40	942.97
41	927.706
42	921.677
43	896.955
44	889.875
45	862.018
46	866.756
47	859.469
48	872.247
49	825.582
50	825.271
51	811.665
52	796.021
53	775.721
54	757.29
55	743.134
56	702.215
57	692.805
58	673.653
59	699.023
60	682.797
61	640.378
62	619.011
63	629.231
64	585.436
65	578.302
66	488.355
67	426.325
68	380.882
69	384.679
70	365.832
71	360.173
72	331.864
73	334.567
74	299.261
75	289.247
76	290.071
77	287.136
78	278.423
79	269.175
80	293.227
81	296.495
82	330.744
83	301.718
84	317.004
85	352.17
86	452.394
87	470.652
88	507.026
89	517.555
90	541.42
91	608.007
92	603.199
93	594.151
94	582.035
95	625.788
96	637.825
97	634.598
98	637.206
99	651.151
100	677.632
101	672.624
102	669.079
103	663.322
104	658.575
105	657.673
106	647.098
107	620.895
108	610.138
109	586.215
110	573.954
111	570.899
112	571.438
113	552.485
114	545.065
115	541.796
116	505.963
117	507.597
118	484.463
119	479.679
120	482.533
121	470.409
122	474.891
123	461.478
124	450.579
125	448.435
126	439.154
127	440.948
128	430.654
129	429.661
130	425.769
131	417.004
132	401.195
133	385.743
134	370.164
135	360.927
136	351.094
137	347.02
138	350.299
139	343.321
140	342.652
141	338.496
142	335.121
143	331.422
144	327.918
145	329.102
146	325.296
147	322.534
148	317.851
149	306.535
150	304.727
151	298.52
152	294.236
153	291.868
154	289.256
155	288.023
156	285.499
157	284.86
158	283.648
159	278.715
160	277.929
161	277.923
162	276.189
163	269.823
164	261.798
165	249.116
166	243.567
167	245.395
168	242.289
169	235.512
170	232.879
171	227.157
172	214.62
173	195.319
174	183.313
175	181.715
176	178.536
177	177.852
178	175.052
179	166.382
180	159.98
181	140.938
182	121.663
183	111.237
184	105.417
185	101.161
186	95.3416
187	90.872
188	80.9618
189	76.6053
190	71.0607
191	65.9892
192	61.0028
193	58.7269
194	58.8454
195	58.1788
196	53.9874
197	50.3248
198	45.9776
199	43.057
200	40.7171
201	39.0129
202	37.7699
203	37.0102
204	36.4442
205	36.2549
206	35.8693
207	35.3863
208	34.6401
209	34.0977
210	33.244
211	33.5741
212	33.1592
213	32.6563
214	32.0602
215	32.0991
216	31.8918
217	31.8878
218	31.6856
219	31.1674
220	31.1281
221	30.925
222	30.9803
223	31.1869
224	31.1888
225	31.2374
226	31.1307
227	30.9387
228	30.916
229	30.9368
230	30.7066
231	30.6618
232	30.5538
233	30.5031
234	30.464
235	30.6068
236	30.7263
237	30.8142
238	30.9503
239	31.1063
240	31.3374
241	31.3401
242	31.2891
243	31.3153
244	31.3765
245	31.3735
246	31.3467
247	31.3072
248	31.2327
249	31.2157
250	31.0972
251	30.9318
252	30.8337
253	30.7617
254	30.7703
255	30.6935
256	30.4725
257	30.3556
258	30.3492
259	30.3274
260	30.3175
261	30.31
262	30.5616
263	30.567
264	31.349
265	31.6094
266	31.6826
267	32.3205
268	32.4651
269	32.5043
270	32.6048
271	32.9083
272	33.5867
273	33.6298
274	33.6874
275	33.7237
276	33.9585
277	34.0008
278	34.0008
279	34.0008
280	33.9641
281	33.9378
282	33.8458
283	33.7884
284	33.7795
285	33.7382
286	33.6669
287	33.6783
288	33.685
289	33.7857
290	33.8367
291	33.9886
292	34.0139
293	34.0418
294	34.108
295	34.1274
296	34.1751
297	34.2421
298	34.2342
299	34.2931
300	34.3184
301	34.3111
302	34.3152
303	34.3152
304	34.2846
305	34.2681
306	34.2464
307	34.2323
308	34.3074
309	34.4113
310	34.6794
311	34.9749
312	35.0734
313	35.157
314	35.3752
315	35.3783
316	35.5211
317	35.6409
318	35.8149
319	35.8271
320	35.8271
321	35.8271
322	35.776
323	35.899
324	35.92
325	35.92
326	35.9905
327	35.8914
328	35.9166
329	35.9012
330	35.9729
331	35.9851
332	36.0091
333	36.028
334	35.9927
335	35.9623
336	35.8326
337	35.8406
338	35.8937
339	35.883
340	35.9217
341	36.0523
342	36.0523
343	36.0896
344	36.1087
345	36.0851
346	35.9834
347	35.9882
348	36.1605
349	36.1745
350	36.2391
351	36.2591
352	36.3059
353	36.2946
354	36.2936
355	36.1897
356	36.18
357	36.1161
358	36.096
359	36.0163
360	36.0481
361	36.0086
362	35.8255
363	35.7677
364	35.7367
365	35.6628
366	35.6645
367	35.6934
368	35.7169
369	35.8125
370	35.896
371	36.0906
372	36.2719
373	36.4744
374	36.6298
375	37.138
376	37.2626
377	37.4302
378	37.5713
379	37.6623
380	37.6753
381	37.6753
382	37.7155
383	37.7387
384	37.7726
385	37.7838
386	37.7998
387	37.7998
388	37.7998
389	37.9861
390	38.0803
391	38.2251
392	38.3521
393	38.4507
394	38.4507
395	38.4612
396	38.4629
397	38.5217
398	38.5475
399	38.6062
400	38.5688
401	38.5574
402	38.5591
403	38.5598
404	38.5708
405	38.561
406	38.5714
407	38.5772
408	38.5812
409	38.5773
410	38.5894
411	38.5913
412	38.5988
413	38.5705
414	38.4899
415	38.3371
416	38.0154
417	37.8597
418	37.1973
419	37.0214
420	36.9633
421	37.0593
422	37.11
423	36.9361
424	36.9904
425	37.0228
426	37.1091
427	37.2858
428	37.4534
429	37.5124
430	37.6087
431	37.6054
432	37.6267
433	37.5031
434	37.503
435	37.4416
436	37.3966
437	37.4213
438	37.445
439	37.4259
440	37.2636
441	37.2127
442	37.2243
443	37.1367
444	37.1695
445	37.1729
446	37.2431
447	37.3657
448	37.4249
449	37.415
450	37.415
451	37.4132
452	37.4186
453	37.4153
454	37.4153
455	37.4304
456	37.4343
457	37.4343
458	37.4343
459	37.4343
460	37.4343
461	37.4343
462	37.4307
463	37.436
464	37.4356
465	37.4228
466	37.4159
467	37.4068
468	37.4311
469	37.4402
470	37.4454
471	37.4454
472	37.473
473	37.4767
474	37.5098
475	37.5098
476	37.685
477	37.7148
478	37.7715
479	37.8935
480	37.9162
481	37.9162
482	37.9379
483	37.9727
484	38.039
485	38.0702
486	38.0952
487	38.0952
488	38.0952
489	38.0952
490	38.0952
491	38.0952
492	38.0952
493	38.0952
494	38.0952
495	38.0952
496	38.0952
497	38.0952
498	38.0952
499	38.0952
500	38.0952
501	38.0952
502	38.0952
503	38.0952
504	38.0952
505	38.0952
506	38.0952
507	38.0952
508	38.0952
509	38.0952
510	38.0952
511	38.0952
512	38.0952
513	38.0952
514	38.0952
515	38.0952
516	38.0952
517	38.0952
518	38.0952
519	38.0952
520	38.0952
521	38.0952
522	38.0952
523	38.0952
524	38.0952
525	38.0952
526	38.0952
527	38.0952
528	38.0952
529	38.0952
530	38.0952
531	38.0952
532	38.0952
533	38.0952
534	38.0952
535	38.0952
536	38.0952
537	38.0952
538	38.0952
539	38.0952
540	38.0952
541	38.0952
542	38.0952
543	38.0952
544	38.0952
545	38.0952
546	38.0952
547	38.0952
548	38.0952
549	38.0952
550	38.0952
551	38.0952
552	38.0952
553	38.0952
554	38.0952
555	38.0952
556	38.0952
557	38.0952
558	38.0952
559	38.0952
560	38.0952
561	38.0952
562	38.0952
563	38.0952
564	38.0952
565	38.0952
566	38.0952
567	38.0952
568	38.0952
569	38.0952
570	38.0952
571	38.0952
572	38.0952
573	38.0952
574	38.0952
575	38.0952
576	38.0952
577	38.0952
578	38.0952
579	38.0952
580	38.0952
581	38.0952
582	38.0952
583	38.0952
584	38.0952
585	38.0952
586	38.0952
587	38.0952
588	38.0952
589	38.0952
590	38.0952
591	38.0952
592	38.0952
593	38.0952
594	38.0952
595	38.0952
596	38.0952
597	38.0952
598	38.0952
599	38.0952
600	38.0952
601	38.0952
602	38.0952
603	38.0952
604	38.0952
605	38.0952
606	38.0952
607	38.0952
608	38.0952
609	38.0952
610	38.0952
611	38.0952
612	38.0952
613	38.0952
614	38.0952
615	38.0952
616	38.0952
617	38.0952
618	38.0952
619	38.0952
620	38.0952
621	38.0952
622	38.0952
623	38.0952
624	38.0952
625	38.0952
626	38.0952
627	38.0952
628	38.0952
629	38.0952
630	38.0952
631	38.0952
632	38.0952
633	38.0952
634	38.0952
635	38.0952
636	38.0952
637	38.0952
638	38.0952
639	38.0952
640	38.0952
641	38.0952
642	38.0952
643	38.0952
644	38.0952
645	38.0952
646	38.0952
647	38.0952
648	38.0952
649	38.0952
650	38.0952
651	38.0952
652	38.0952
653	38.0952
654	38.0952
655	38.0952
656	38.0952
657	38.0952
658	38.0952
659	38.0952
660	38.0952
661	38.0952
662	38.0952
663	38.0952
664	38.0952
665	38.0952
666	38.0952
667	38.0952
668	38.0952
669	38.0952
670	38.0952
671	38.0952
672	38.0952
673	38.0952
674	38.0952
675	38.0952
676	38.0952
677	38.0952
678	38.0952
679	38.0952
680	38.0952
681	38.0952
682	38.0952
683	38.0952
684	38.0952
685	38.0952
686	38.0952
687	38.0952
688	38.0952
689	38.0952
690	38.0952
691	38.0952
692	38.0952
693	38.0952
694	38.0952
695	38.0952
696	38.0952
697	38.0952
698	38.0952
699	38.0952
700	38.0952
701	38.0952
702	38.0952
703	38.0952
704	38.0952
705	38.0952
706	38.0952
707	38.0952
708	38.0952
709	38.0952
710	38.0952
711	38.0952
712	38.0952
713	38.0952
714	38.0952
715	38.0952
716	38.0952
717	38.0952
718	38.0952
719	38.0952
720	38.0952
721	38.0952
722	38.0952
723	38.0952
724	38.0952
725	38.0952
726	38.0952
727	38.0952
728	38.0952
729	38.0952
730	38.0952
731	38.0952
732	38.0952
733	38.0952
734	38.0952
735	38.0952
736	38.0952
737	38.0952
738	38.0952
739	38.0952
740	38.0952
741	38.0952
742	38.0952
743	38.0952
744	38.0952
745	38.0952
746	38.0952
747	38.0952
748	38.0952
749	38.0952
750	38.0952
751	38.0952
752	38.0952
753	38.0952
754	38.0952
755	37.7528
