Ne averages over 40 independent estimates.
Generation	Geometric_mean
1	28.3177
2	28.3177
3	28.3177
4	28.3177
5	35.7012
6	29.7322
7	29.6662
8	30.8073
9	41.4128
10	90.227
11	187.626
12	287.968
13	382.105
14	366.28
15	426.341
16	499.357
17	517.777
18	547.677
19	565.966
20	632.718
21	653.194
22	715.07
23	756.284
24	797.417
25	863.646
26	913.483
27	929.222
28	992.861
29	1039.87
30	1097.78
31	1151.01
32	1152.22
33	1146.86
34	1156.54
35	1242.34
36	1245.06
37	1250.93
38	1275.95
39	1271.44
40	1283.23
41	1295.19
42	1305.48
43	1286.18
44	1299.04
45	1349.03
46	1355.16
47	1360.51
48	1378.17
49	1340.06
50	1316.24
51	1321.14
52	1314.99
53	1318.81
54	1322.62
55	1342.84
56	1334.57
57	1328.16
58	1322.06
59	1261.07
60	1222.57
61	1240.59
62	1233.83
63	1178.09
64	1122.29
65	1128.21
66	1088.98
67	1063.17
68	1031.63
69	1002.71
70	953.521
71	936.782
72	812.523
73	713.675
74	707.987
75	680.691
76	670.529
77	659.646
78	664.972
79	582.666
80	568.436
81	596.258
82	629.268
83	668.053
84	673.184
85	848.434
86	814.607
87	803.72
88	768.949
89	797.052
90	815.914
91	813.548
92	910.267
93	942.205
94	952.018
95	967.958
96	973.953
97	982.748
98	987.853
99	985.003
100	1005.48
101	1106.97
102	1106.66
103	1190.76
104	1205.01
105	1151.98
106	1137.3
107	1109.77
108	1061.63
109	1072.37
110	1074.08
111	1069.45
112	1047.74
113	1040.82
114	1030.28
115	1006.25
116	985.766
117	965.276
118	948.951
119	940.448
120	919.392
121	850.141
122	819.697
123	789.084
124	749.764
125	724.99
126	715.766
127	704.168
128	676.897
129	660.271
130	635.113
131	610.874
132	596.044
133	580.338
134	554.71
135	523.924
136	489.059
137	453.296
138	434.374
139	411.942
140	399.921
141	385.457
142	382.423
143	382.891
144	383.181
145	387.585
146	395.397
147	395.365
148	393.869
149	392.318
150	390.126
151	380.997
152	373.28
153	367.361
154	361.505
155	357.523
156	356.665
157	356.948
158	350.896
159	347.453
160	327.878
161	297.855
162	289.972
163	284.011
164	283.211
165	282.161
166	279.415
167	276.251
168	279.468
169	257.439
170	231.834
171	203.737
172	184.433
173	170.916
174	145.919
175	143.367
176	137.384
177	131.336
178	124.991
179	121.353
180	114.849
181	113.365
182	109.929
183	106.332
184	99.4558
185	89.1063
186	81.6148
187	72.4012
188	63.1001
189	59.2174
190	54.7098
191	49.2828
192	41.7037
193	38.5566
194	36.1877
195	35.7812
196	35.0897
197	34.9189
198	33.5652
199	32.4413
200	29.8516
201	28.3601
202	27.3418
203	26.5136
204	25.5426
205	25.5672
206	25.2927
207	24.747
208	24.6964
209	24.328
210	24.2643
211	24.1439
212	24.0227
213	23.6977
214	23.4798
215	23.2388
216	23.1671
217	23.0728
218	22.9365
219	22.8794
220	22.7806
221	22.6538
222	22.6576
223	22.6687
224	22.6187
225	22.6792
226	22.6519
227	22.6435
228	22.6483
229	22.725
230	22.9059
231	22.9796
232	23.08
233	22.8618
234	22.8218
235	22.882
236	22.7463
237	22.7441
238	22.788
239	22.7908
240	22.7783
241	22.7309
242	22.6389
243	22.6438
244	22.7348
245	22.6217
246	22.8116
247	22.8219
248	22.8462
249	22.8645
250	22.8593
251	22.8964
252	22.8529
253	22.8633
254	22.8535
255	22.8016
256	22.8092
257	22.8213
258	22.8052
259	22.8456
260	22.8852
261	22.8889
262	22.892
263	22.917
264	23.098
265	23.1301
266	23.2652
267	23.306
268	23.276
269	23.264
270	23.2386
271	23.2414
272	23.3003
273	23.3225
274	23.4017
275	23.4925
276	23.4638
277	23.5423
278	23.5591
279	23.5991
280	23.6049
281	23.6145
282	23.6283
283	23.585
284	23.5831
285	23.5809
286	23.5814
287	23.6014
288	23.5778
289	23.5786
290	23.558
291	23.5466
292	23.5548
293	23.5541
294	23.5545
295	23.562
296	23.5555
297	23.5538
298	23.5584
299	23.5332
300	23.5083
301	23.5095
302	23.5095
303	23.5158
304	23.5261
305	23.5261
306	23.5261
307	23.5374
308	23.5391
309	23.5411
310	23.5371
311	23.4663
312	23.3781
313	23.3334
314	23.2816
315	23.2672
316	23.181
317	22.9482
318	22.9014
319	22.8838
320	22.8612
321	22.7918
322	22.7354
323	22.7388
324	22.6737
325	22.6423
326	22.5746
327	22.5788
328	22.5236
329	22.4574
330	22.4703
331	22.4703
332	22.5484
333	22.5816
334	22.6068
335	22.6068
336	22.6074
337	22.6023
338	22.5972
339	22.5857
340	22.5592
341	22.5517
342	22.5154
343	22.4917
344	22.5094
345	22.5206
346	22.5336
347	22.5439
348	22.5417
349	22.5417
350	22.5484
351	22.5413
352	22.5261
353	22.5086
354	22.4885
355	22.5165
356	22.4706
357	22.483
358	22.4495
359	22.4363
360	22.4363
361	22.4384
362	22.4384
363	22.4384
364	22.4384
365	22.4384
366	22.4384
367	22.4383
368	22.4952
369	22.5449
370	22.5615
371	22.5615
372	22.5829
373	22.5829
374	22.6431
375	22.7056
376	22.7463
377	22.7921
378	22.8701
379	22.9637
380	22.9629
381	23.0214
382	23.0214
383	22.9957
384	23.0226
385	22.9733
386	22.9263
387	22.9417
388	22.8483
389	22.82
390	22.7509
391	22.7222
392	22.6853
393	22.6863
394	22.6784
395	22.6515
396	22.6592
397	22.6404
398	22.6287
399	22.6256
400	22.616
401	22.5981
402	22.5892
403	22.5699
404	22.5177
405	22.4993
406	22.4945
407	22.4974
408	22.4683
409	22.4696
410	22.4156
411	22.4129
412	22.3709
413	22.5277
414	22.6134
415	22.6615
416	22.6628
417	22.7675
418	22.7675
419	22.7811
420	22.7792
421	22.7814
422	22.7751
423	22.7682
424	22.748
425	22.7426
426	22.7426
427	22.7426
428	22.7055
429	22.58
430	22.5459
431	22.5256
432	22.4879
433	22.4879
434	22.4758
435	22.4758
436	22.5002
437	22.5013
438	22.5178
439	22.3929
440	22.3969
441	22.3945
442	22.3812
443	22.3812
444	22.3812
445	22.3812
446	22.3793
447	22.3793
448	22.3852
449	22.4018
450	22.42
451	22.4027
452	22.4529
453	22.4589
454	22.4293
455	22.3992
456	22.3795
457	22.3173
458	22.2871
459	22.2349
460	22.2373
461	22.2217
462	22.2217
463	22.2324
464	22.2324
465	22.2324
466	22.2324
467	22.2324
468	22.2324
469	22.2324
470	22.2279
471	22.2244
472	22.2364
473	22.2369
474	22.2649
475	22.2607
476	22.2607
477	22.2577
478	22.2577
479	22.2577
480	22.2577
481	22.2577
482	22.2577
483	22.2577
484	22.2577
485	22.2577
486	22.2577
487	22.2577
488	22.2577
489	22.2577
490	22.2577
491	22.2577
492	22.2577
493	22.2577
494	22.2577
495	22.2577
496	22.2577
497	22.2577
498	22.2577
499	22.2577
500	22.2577
501	22.2577
502	22.2577
503	22.2577
504	22.2577
505	22.2577
506	22.2577
507	22.2577
508	22.2577
509	22.2577
510	22.2577
511	22.2577
512	22.2577
513	22.2577
514	22.2577
515	22.2577
516	22.2577
517	22.2577
518	22.2577
519	22.2577
520	22.2577
521	22.2577
522	22.2577
523	22.2577
524	22.2577
525	22.2577
526	22.2577
527	22.2577
528	22.2577
529	22.2577
530	22.2577
531	22.2577
532	22.2577
533	22.2577
534	22.2577
535	22.2577
536	22.2577
537	22.2577
538	22.2577
539	22.2577
540	22.2577
541	22.2577
542	22.2577
543	22.2577
544	22.2577
545	22.2577
546	22.2577
547	22.2577
548	22.2577
549	22.2577
550	22.2577
551	22.2577
552	22.2577
553	22.2577
554	22.2577
555	22.2577
556	22.2577
557	22.2577
558	22.2577
559	22.2577
560	22.2577
561	22.2577
562	22.2577
563	22.2577
564	22.2577
565	22.2577
566	22.2577
567	22.2577
568	22.2577
569	22.2577
570	22.2577
571	22.2577
572	22.2577
573	22.2577
574	22.2577
575	22.2577
576	22.2577
577	22.2577
578	22.2577
579	22.2577
580	22.2577
581	22.2577
582	22.2577
583	22.2577
584	22.2577
585	22.2577
586	22.2577
587	22.2577
588	22.2577
589	22.2577
590	22.2577
591	22.2577
592	22.2577
593	22.2577
594	22.2577
595	22.2577
596	22.2577
597	22.2577
598	22.2577
599	22.2577
600	22.2577
601	22.2577
602	22.2577
603	22.2577
604	22.2577
605	22.2577
606	22.2577
607	22.2577
608	22.2577
609	22.2577
610	22.2577
611	22.2577
612	22.2577
613	22.2577
614	22.2577
615	22.2577
616	22.2577
617	22.2577
618	22.2577
619	22.2577
620	22.2577
621	22.2577
622	22.2577
623	22.2577
624	22.2577
625	22.2577
626	22.2577
627	22.2577
628	22.2577
629	22.2577
630	22.2577
631	22.2577
632	22.2577
633	22.2577
634	22.2577
635	22.2577
636	22.2577
637	22.2577
638	22.2577
639	22.2577
640	22.2577
641	22.2577
642	22.2577
643	22.2577
644	22.2577
645	22.2577
646	22.2577
647	22.2577
648	22.2577
649	22.2577
650	22.2577
651	22.2577
652	22.2577
653	22.2577
654	22.2577
655	22.2577
656	22.2577
657	22.2577
658	22.2577
659	22.2577
660	22.2577
661	22.2577
662	22.2577
663	22.2577
664	22.2577
665	22.2577
666	22.2577
667	22.2577
668	22.2577
669	22.2577
670	22.2577
671	22.2577
672	22.2577
673	22.2577
674	22.2577
675	22.2577
676	22.2577
677	22.2577
678	22.2577
679	22.2577
680	22.2577
681	22.2577
682	22.2577
683	22.2577
684	22.2577
685	22.2577
686	22.2577
687	22.2577
688	22.2577
689	22.2577
690	22.2577
691	22.2577
692	22.2577
693	22.2577
694	22.2577
695	22.2577
696	22.2577
697	22.2577
698	22.2577
699	22.2577
700	22.2577
701	22.2577
702	22.2577
703	22.2577
704	22.2577
705	22.2577
706	22.2577
707	22.2577
708	22.2577
709	22.2577
710	22.2577
711	22.2577
712	22.2577
713	22.2577
714	22.2577
715	22.2577
716	22.2577
717	22.2577
718	22.2577
719	22.2577
720	22.2577
721	22.2577
722	22.2577
723	22.2577
724	22.2577
725	22.2577
726	22.2577
727	22.2577
728	22.2577
729	22.2577
730	22.2577
731	22.2577
732	22.2577
733	22.2577
734	22.2577
735	22.2577
736	22.2577
737	22.2577
738	22.2577
739	22.2577
740	22.2577
741	22.2577
742	22.2577
743	22.2577
744	22.2577
745	22.2577
746	22.2577
747	22.2577
748	22.2577
749	22.2577
750	22.2577
751	22.2577
752	22.2577
753	22.2577
754	22.2577
755	22.5177
