Ne averages over 40 independent estimates.
Generation	Geometric_mean
1	25.4533
2	25.4533
3	25.4533
4	25.4533
5	35.328
6	29.2092
7	38.3718
8	40.1785
9	57.5802
10	192.206
11	218.982
12	314.127
13	365.104
14	378.204
15	421.829
16	507.874
17	543.389
18	584.243
19	684.714
20	725.184
21	741.998
22	819.031
23	872.416
24	888.872
25	989.487
26	957.251
27	1030.83
28	1049.17
29	1102.12
30	1124.84
31	1146.83
32	1147.64
33	1135.62
34	1124.32
35	1124.94
36	1130.86
37	1128.44
38	1147.62
39	1157.9
40	1155.86
41	1165.99
42	1184.58
43	1183.17
44	1188.16
45	1193.45
46	1185.88
47	1176.33
48	1190.25
49	1202.29
50	1165.45
51	1182.47
52	1174.04
53	1165.72
54	1082.57
55	1035.56
56	996.723
57	972.358
58	949.715
59	933.715
60	913.159
61	910.122
62	807.934
63	824.94
64	812.073
65	812.906
66	722.577
67	633.463
68	617.31
69	568.471
70	507.301
71	464.647
72	429.112
73	380.994
74	424.224
75	392.434
76	426.184
77	442.026
78	438.271
79	398.28
80	387.481
81	399.68
82	411.423
83	443.833
84	442.057
85	480.217
86	488.12
87	532.75
88	580.932
89	711.254
90	743.382
91	747.803
92	760.713
93	765.656
94	842.976
95	842.908
96	847.209
97	849.228
98	864.778
99	875.795
100	884.932
101	879.214
102	886.961
103	898.011
104	911.012
105	917.27
106	905.776
107	903.662
108	875.179
109	845.63
110	835.783
111	803.962
112	795.44
113	786.614
114	770.43
115	746.732
116	713.813
117	700.868
118	679.353
119	644.474
120	602.195
121	565.256
122	539.389
123	508.468
124	481.087
125	463.219
126	447.812
127	447.023
128	447.291
129	443.051
130	435.849
131	426.38
132	418.637
133	414.489
134	414.221
135	420.396
136	419.843
137	423.778
138	429.634
139	430.266
140	421.447
141	416.439
142	407.131
143	394.129
144	382.6
145	373.644
146	373.899
147	374.609
148	371.749
149	371.061
150	371.503
151	368.633
152	362.551
153	357.189
154	351.157
155	344.555
156	340.633
157	338.957
158	336.214
159	328.634
160	319.124
161	311.772
162	298.582
163	290.413
164	281.279
165	275.117
166	272.037
167	248.678
168	236.71
169	218.746
170	200.043
171	199.407
172	198.654
173	192.593
174	188.81
175	185.647
176	182.728
177	174.3
178	153.528
179	136.499
180	123.233
181	111.154
182	109.167
183	107.761
184	105.129
185	103.061
186	96.0318
187	89.7291
188	84.4473
189	76.5288
190	63.1442
191	54.9624
192	47.7868
193	44.725
194	42.706
195	38.6746
196	37.101
197	34.6323
198	32.9445
199	31.0725
200	30.1626
201	28.706
202	27.6555
203	27.1881
204	27.2807
205	27.3508
206	27.5099
207	27.601
208	27.1609
209	26.9702
210	26.7775
211	26.501
212	26.5281
213	26.5111
214	26.5891
215	26.7814
216	27.2131
217	27.1846
218	26.9448
219	26.9526
220	27.0991
221	27.1062
222	26.9379
223	26.9827
224	26.9104
225	27.0397
226	27.0261
227	27.1108
228	27.4709
229	27.6526
230	28.0798
231	28.6277
232	28.9048
233	29.1165
234	29.2543
235	29.437
236	29.1983
237	29.0092
238	28.9565
239	28.9837
240	29.0475
241	29.3289
242	29.7319
243	30.5002
244	30.7949
245	30.8009
246	30.68
247	30.6166
248	30.5454
249	30.4632
250	30.4494
251	30.4542
252	30.4239
253	30.4022
254	30.405
255	30.398
256	30.3648
257	30.3766
258	30.3616
259	30.429
260	30.4686
261	30.5131
262	30.5445
263	30.5424
264	30.6281
265	30.6819
266	30.7353
267	30.8054
268	30.9494
269	30.9962
270	31.0827
271	31.1248
272	31.2241
273	31.2555
274	31.3119
275	31.4578
276	31.5475
277	31.6091
278	31.6193
279	31.6235
280	31.6891
281	31.7187
282	31.5914
283	31.5298
284	31.5394
285	31.6991
286	31.5797
287	31.6293
288	31.5494
289	31.5081
290	31.3443
291	31.2961
292	31.2431
293	31.249
294	31.1779
295	31.1537
296	31.1644
297	31.1502
298	31.1502
299	31.1147
300	31.1021
301	31.1069
302	31.0775
303	31.0552
304	31.0501
305	31.0557
306	31.0504
307	31.0727
308	31.1303
309	31.1872
310	31.1778
311	31.1642
312	31.1528
313	31.1528
314	31.118
315	31.0998
316	31.0998
317	31.0137
318	30.9857
319	30.9
320	30.8813
321	31.014
322	31.0963
323	31.2762
324	31.3153
325	31.3153
326	31.3639
327	31.4045
328	31.4866
329	31.5522
330	31.5599
331	31.5607
332	31.5416
333	31.5174
334	31.5106
335	31.5106
336	31.4646
337	31.4544
338	31.3996
339	31.351
340	31.2892
341	31.2405
342	31.1517
343	31.1355
344	31.1243
345	31.1056
346	31.0897
347	31.0565
348	31.0411
349	31.0411
350	31.0959
351	31.1499
352	31.1716
353	31.2087
354	31.2123
355	31.2034
356	31.1761
357	31.1694
358	31.166
359	31.1636
360	31.1553
361	31.1663
362	31.1663
363	31.153
364	31.1614
365	31.1624
366	31.1672
367	31.1659
368	31.1789
369	31.1816
370	31.1868
371	31.1971
372	31.1971
373	31.1971
374	31.1971
375	31.1971
376	31.2502
377	31.2502
378	31.2502
379	31.2442
380	31.2832
381	31.2832
382	31.3178
383	31.3408
384	31.4262
385	31.4317
386	31.4147
387	31.3924
388	31.3881
389	31.3906
390	31.3906
391	31.3706
392	31.3718
393	31.3718
394	31.3718
395	31.416
396	31.4881
397	31.472
398	31.5793
399	31.623
400	31.623
401	31.623
402	31.7303
403	31.8836
404	31.8836
405	31.8858
406	31.8861
407	31.8935
408	31.8878
409	31.8722
410	31.8415
411	31.8519
412	31.9499
413	31.9824
414	32.0161
415	32.0209
416	32.1829
417	32.3634
418	32.3925
419	32.5394
420	32.5671
421	32.7145
422	32.8827
423	33.0783
424	33.1062
425	33.1178
426	33.1073
427	33.0447
428	33.0021
429	32.7156
430	32.6616
431	32.501
432	32.4688
433	32.5135
434	32.5465
435	32.5436
436	32.5536
437	32.5628
438	32.5689
439	32.5689
440	32.5689
441	32.5457
442	32.4552
443	32.4254
444	32.385
445	32.3599
446	32.3232
447	32.2912
448	32.2794
449	32.247
450	32.2192
451	32.2192
452	32.2068
453	32.2021
454	32.2021
455	32.2019
456	32.2019
457	32.2019
458	32.2141
459	32.247
460	32.2704
461	32.243
462	32.3235
463	32.4348
464	32.4723
465	32.4212
466	32.4482
467	32.4628
468	32.4759
469	32.4759
470	32.4759
471	32.4774
472	32.4774
473	32.4774
474	32.4774
475	32.4774
476	32.4775
477	32.4665
478	32.4567
479	32.4443
480	32.4443
481	32.4443
482	32.4443
483	32.4443
484	32.4443
485	32.4443
486	32.4443
487	32.4443
488	32.4443
489	32.4443
490	32.4443
491	32.4443
492	32.4443
493	32.4443
494	32.4443
495	32.4443
496	32.4443
497	32.4443
498	32.4443
499	32.4443
500	32.4443
501	32.4443
502	32.4443
503	32.4443
504	32.4443
505	32.4443
506	32.4443
507	32.4443
508	32.4443
509	32.4443
510	32.4443
511	32.4443
512	32.4443
513	32.4443
514	32.4443
515	32.4443
516	32.4443
517	32.4443
518	32.4443
519	32.4443
520	32.4443
521	32.4443
522	32.4443
523	32.4443
524	32.4443
525	32.4443
526	32.4443
527	32.4443
528	32.4443
529	32.4443
530	32.4443
531	32.4443
532	32.4443
533	32.4443
534	32.4443
535	32.4443
536	32.4443
537	32.4443
538	32.4443
539	32.4443
540	32.4443
541	32.4443
542	32.4443
543	32.4443
544	32.4443
545	32.4443
546	32.4443
547	32.4443
548	32.4443
549	32.4443
550	32.4443
551	32.4443
552	32.4443
553	32.4443
554	32.4443
555	32.4443
556	32.4443
557	32.4443
558	32.4443
559	32.4443
560	32.4443
561	32.4443
562	32.4443
563	32.4443
564	32.4443
565	32.4443
566	32.4443
567	32.4443
568	32.4443
569	32.4443
570	32.4443
571	32.4443
572	32.4443
573	32.4443
574	32.4443
575	32.4443
576	32.4443
577	32.4443
578	32.4443
579	32.4443
580	32.4443
581	32.4443
582	32.4443
583	32.4443
584	32.4443
585	32.4443
586	32.4443
587	32.4443
588	32.4443
589	32.4443
590	32.4443
591	32.4443
592	32.4443
593	32.4443
594	32.4443
595	32.4443
596	32.4443
597	32.4443
598	32.4443
599	32.4443
600	32.4443
601	32.4443
602	32.4443
603	32.4443
604	32.4443
605	32.4443
606	32.4443
607	32.4443
608	32.4443
609	32.4443
610	32.4443
611	32.4443
612	32.4443
613	32.4443
614	32.4443
615	32.4443
616	32.4443
617	32.4443
618	32.4443
619	32.4443
620	32.4443
621	32.4443
622	32.4443
623	32.4443
624	32.4443
625	32.4443
626	32.4443
627	32.4443
628	32.4443
629	32.4443
630	32.4443
631	32.4443
632	32.4443
633	32.4443
634	32.4443
635	32.4443
636	32.4443
637	32.4443
638	32.4443
639	32.4443
640	32.4443
641	32.4443
642	32.4443
643	32.4443
644	32.4443
645	32.4443
646	32.4443
647	32.4443
648	32.4443
649	32.4443
650	32.4443
651	32.4443
652	32.4443
653	32.4443
654	32.4443
655	32.4443
656	32.4443
657	32.4443
658	32.4443
659	32.4443
660	32.4443
661	32.4443
662	32.4443
663	32.4443
664	32.4443
665	32.4443
666	32.4443
667	32.4443
668	32.4443
669	32.4443
670	32.4443
671	32.4443
672	32.4443
673	32.4443
674	32.4443
675	32.4443
676	32.4443
677	32.4443
678	32.4443
679	32.4443
680	32.4443
681	32.4443
682	32.4443
683	32.4443
684	32.4443
685	32.4443
686	32.4443
687	32.4443
688	32.4443
689	32.4443
690	32.4443
691	32.4443
692	32.4443
693	32.4443
694	32.4443
695	32.4443
696	32.4443
697	32.4443
698	32.4443
699	32.4443
700	32.4443
701	32.4443
702	32.4443
703	32.4443
704	32.4443
705	32.4443
706	32.4443
707	32.4443
708	32.4443
709	32.4443
710	32.4443
711	32.4443
712	32.4443
713	32.4443
714	32.4443
715	32.4443
716	32.4443
717	32.4443
718	32.4443
719	32.4443
720	32.4443
721	32.4443
722	32.4443
723	32.4443
724	32.4443
725	32.4443
726	32.4443
727	32.4443
728	32.4443
729	32.4443
730	32.4443
731	32.4443
732	32.4443
733	32.4443
734	32.4443
735	32.4443
736	32.4443
737	32.4443
738	32.4443
739	32.4443
740	32.4443
741	32.4443
742	32.4443
743	32.4443
744	32.4443
745	32.4443
746	32.4443
747	32.4443
748	32.4443
749	32.4443
750	32.4443
751	32.4443
752	32.4443
753	32.4443
754	32.4443
755	32.1174
