Ne averages over 40 independent estimates.
Generation	Geometric_mean
1	27.5922
2	27.5922
3	27.5922
4	27.5922
5	25.6631
6	24.0373
7	25.6253
8	30.3147
9	54.2381
10	94.9831
11	200.827
12	333.999
13	343.046
14	344.291
15	386.948
16	537.418
17	530.243
18	524.78
19	620.429
20	778.086
21	827.885
22	823.158
23	845.316
24	1005.23
25	1091.98
26	1132.24
27	1295.96
28	1336.68
29	1314.55
30	1314.32
31	1306.2
32	1329.48
33	1411.11
34	1513.37
35	1595.9
36	1661.36
37	1683.69
38	1692.88
39	1718.34
40	1731.81
41	1734.09
42	1751.28
43	1774.57
44	1786.62
45	1780.91
46	1763.95
47	1751.19
48	1757.25
49	1762.38
50	1722.31
51	1706.76
52	1701.34
53	1696.24
54	1703.52
55	1706.34
56	1653.8
57	1639.49
58	1635.33
59	1608.66
60	1623.28
61	1596.54
62	1510.64
63	1491.59
64	1489.91
65	1457.08
66	1471.62
67	1471.82
68	1350.26
69	1293.7
70	1132.27
71	1137.43
72	1133.56
73	1108.38
74	1100.06
75	1038.33
76	980.298
77	980.809
78	863.166
79	899.468
80	932.845
81	904.311
82	974.222
83	954.149
84	914.481
85	848.275
86	855.459
87	867.267
88	883.95
89	925.562
90	1182.98
91	1198.5
92	1256.17
93	1274.77
94	1343.08
95	1436.66
96	1424.39
97	1400.29
98	1367.15
99	1354.17
100	1337.61
101	1329.04
102	1315.03
103	1320.81
104	1292.35
105	1268.15
106	1234.15
107	1218.06
108	1171.5
109	1187.69
110	1193.24
111	1182.74
112	1161.64
113	1115.9
114	1047.45
115	978.169
116	967.773
117	939.119
118	888.623
119	861.845
120	837.849
121	794.072
122	772.166
123	725.343
124	684.556
125	643.69
126	636.608
127	626.967
128	620.8
129	604.265
130	585.587
131	581.661
132	560.922
133	527.423
134	520.772
135	504.073
136	495.626
137	488.179
138	479.18
139	473.548
140	458.105
141	444.991
142	442.343
143	441.419
144	448.487
145	450.516
146	450.915
147	443.395
148	435.758
149	426.66
150	423.506
151	417.773
152	409.455
153	405.663
154	400.252
155	392.148
156	385.039
157	378.474
158	369.877
159	359.272
160	356.05
161	354.777
162	358.106
163	359.406
164	357.228
165	356.644
166	350.574
167	347.945
168	345.888
169	323.78
170	310.508
171	293.901
172	278.905
173	268.064
174	258.392
175	239.355
176	204.884
177	177.046
178	144.156
179	118.701
180	98.5459
181	87.8828
182	81.2596
183	74.2477
184	69.4448
185	64.3862
186	60.8222
187	56.0039
188	52.5665
189	49.0764
190	48.1465
191	46.7617
192	45.4542
193	43.6539
194	40.1271
195	39.5061
196	35.296
197	32.1849
198	30.7949
199	27.7371
200	25.9056
201	24.7952
202	23.7919
203	23.0006
204	22.8963
205	22.4598
206	22.3203
207	21.6586
208	21.4666
209	21.1238
210	21.0622
211	20.2149
212	20.1324
213	19.6354
214	19.359
215	19.3338
216	19.4625
217	19.5622
218	19.5906
219	19.6611
220	19.8072
221	19.8488
222	19.9716
223	20.1259
224	20.2428
225	20.332
226	20.388
227	20.528
228	20.8408
229	20.9726
230	20.9423
231	20.86
232	20.6727
233	20.5778
234	20.564
235	20.5795
236	20.6422
237	20.7698
238	20.7753
239	20.888
240	20.9247
241	20.8489
242	20.67
243	20.6836
244	20.6393
245	20.5405
246	20.5491
247	20.5973
248	20.5965
249	20.5958
250	20.5999
251	20.5992
252	20.607
253	20.5967
254	20.5891
255	20.5752
256	20.5721
257	20.5641
258	20.5697
259	20.5495
260	20.5582
261	20.5872
262	20.5878
263	20.5485
264	20.5377
265	20.5156
266	20.4656
267	20.442
268	20.4212
269	20.4068
270	20.4342
271	20.4119
272	20.4517
273	20.4512
274	20.5016
275	20.5489
276	20.6384
277	20.7266
278	20.8149
279	20.8149
280	20.8131
281	20.8131
282	20.8146
283	20.8146
284	20.8146
285	20.8205
286	20.8453
287	20.8495
288	20.8678
289	20.8673
290	20.9305
291	21.0695
292	21.1602
293	21.1811
294	21.2177
295	21.2177
296	21.3581
297	21.4352
298	21.4403
299	21.4607
300	21.4617
301	21.4615
302	21.4651
303	21.4643
304	21.4496
305	21.447
306	21.442
307	21.442
308	21.4446
309	21.454
310	21.454
311	21.4408
312	21.4223
313	21.4223
314	21.4223
315	21.4415
316	21.4664
317	21.4342
318	21.4528
319	21.3964
320	21.4062
321	21.3578
322	21.3184
323	21.2328
324	21.1374
325	21.0756
326	21.0059
327	20.9229
328	20.9229
329	20.88
330	20.8721
331	20.7266
332	20.7116
333	20.6753
334	20.6476
335	20.5581
336	20.4485
337	20.4485
338	20.451
339	20.4275
340	20.4548
341	20.4819
342	20.5358
343	20.6306
344	20.762
345	20.8657
346	20.8856
347	20.8362
348	20.8172
349	20.8103
350	20.9011
351	20.945
352	20.9212
353	20.8767
354	20.9007
355	20.8956
356	20.9448
357	20.9289
358	20.9259
359	20.9766
360	20.9766
361	21.0359
362	21.0531
363	21.0551
364	21.1127
365	21.3219
366	21.432
367	21.4373
368	21.4368
369	21.4055
370	21.3636
371	21.3622
372	21.3622
373	21.3269
374	21.2803
375	21.2596
376	21.2519
377	21.2318
378	21.213
379	21.227
380	21.2285
381	21.1908
382	21.1805
383	21.1729
384	21.1835
385	21.1919
386	21.1814
387	21.1524
388	21.1321
389	21.1159
390	21.1295
391	21.1655
392	21.194
393	21.3258
394	21.3231
395	21.336
396	21.3773
397	21.3441
398	21.3026
399	21.2849
400	21.2702
401	21.2846
402	21.2643
403	21.2434
404	21.2349
405	21.2152
406	21.1971
407	21.1947
408	21.1947
409	21.1746
410	21.1756
411	21.1835
412	21.1884
413	21.1954
414	21.1963
415	21.1963
416	21.1963
417	21.196
418	21.2028
419	21.1943
420	21.1913
421	21.1899
422	21.1914
423	21.189
424	21.1825
425	21.1762
426	21.1759
427	21.1606
428	21.2081
429	21.2081
430	21.2342
431	21.2279
432	21.2077
433	21.1431
434	21.1096
435	21.1207
436	21.1172
437	21.1172
438	21.1132
439	21.1132
440	21.1626
441	21.1796
442	21.2474
443	21.2568
444	21.2568
445	21.2523
446	21.2416
447	21.2632
448	21.2733
449	21.2906
450	21.3184
451	21.3515
452	21.3632
453	21.3632
454	21.3824
455	21.3824
456	21.3824
457	21.3824
458	21.3824
459	21.3824
460	21.3824
461	21.3824
462	21.387
463	21.3978
464	21.4177
465	21.442
466	21.443
467	21.4757
468	21.4705
469	21.4678
470	21.4678
471	21.4654
472	21.4466
473	21.4364
474	21.4364
475	21.4364
476	21.4364
477	21.4364
478	21.4364
479	21.2727
480	20.9976
481	20.9453
482	20.886
483	20.886
484	20.886
485	20.886
486	20.886
487	20.886
488	20.886
489	20.886
490	20.886
491	20.886
492	20.886
493	20.886
494	20.886
495	20.886
496	20.886
497	20.886
498	20.886
499	20.886
500	20.886
501	20.886
502	20.886
503	20.886
504	20.886
505	20.886
506	20.886
507	20.886
508	20.886
509	20.886
510	20.886
511	20.886
512	20.886
513	20.886
514	20.886
515	20.886
516	20.886
517	20.886
518	20.886
519	20.886
520	20.886
521	20.886
522	20.886
523	20.886
524	20.886
525	20.886
526	20.886
527	20.886
528	20.886
529	20.886
530	20.886
531	20.886
532	20.886
533	20.886
534	20.886
535	20.886
536	20.886
537	20.886
538	20.886
539	20.886
540	20.886
541	20.886
542	20.886
543	20.886
544	20.886
545	20.886
546	20.886
547	20.886
548	20.886
549	20.886
550	20.886
551	20.886
552	20.886
553	20.886
554	20.886
555	20.886
556	20.886
557	20.886
558	20.886
559	20.886
560	20.886
561	20.886
562	20.886
563	20.886
564	20.886
565	20.886
566	20.886
567	20.886
568	20.886
569	20.886
570	20.886
571	20.886
572	20.886
573	20.886
574	20.886
575	20.886
576	20.886
577	20.886
578	20.886
579	20.886
580	20.886
581	20.886
582	20.886
583	20.886
584	20.886
585	20.886
586	20.886
587	20.886
588	20.886
589	20.886
590	20.886
591	20.886
592	20.886
593	20.886
594	20.886
595	20.886
596	20.886
597	20.886
598	20.886
599	20.886
600	20.886
601	20.886
602	20.886
603	20.886
604	20.886
605	20.886
606	20.886
607	20.886
608	20.886
609	20.886
610	20.886
611	20.886
612	20.886
613	20.886
614	20.886
615	20.886
616	20.886
617	20.886
618	20.886
619	20.886
620	20.886
621	20.886
622	20.886
623	20.886
624	20.886
625	20.886
626	20.886
627	20.886
628	20.886
629	20.886
630	20.886
631	20.886
632	20.886
633	20.886
634	20.886
635	20.886
636	20.886
637	20.886
638	20.886
639	20.886
640	20.886
641	20.886
642	20.886
643	20.886
644	20.886
645	20.886
646	20.886
647	20.886
648	20.886
649	20.886
650	20.886
651	20.886
652	20.886
653	20.886
654	20.886
655	20.886
656	20.886
657	20.886
658	20.886
659	20.886
660	20.886
661	20.886
662	20.886
663	20.886
664	20.886
665	20.886
666	20.886
667	20.886
668	20.886
669	20.886
670	20.886
671	20.886
672	20.886
673	20.886
674	20.886
675	20.886
676	20.886
677	20.886
678	20.886
679	20.886
680	20.886
681	20.886
682	20.886
683	20.886
684	20.886
685	20.886
686	20.886
687	20.886
688	20.886
689	20.886
690	20.886
691	20.886
692	20.886
693	20.886
694	20.886
695	20.886
696	20.886
697	20.886
698	20.886
699	20.886
700	20.886
701	20.886
702	20.886
703	20.886
704	20.886
705	20.886
706	20.886
707	20.886
708	20.886
709	20.886
710	20.886
711	20.886
712	20.886
713	20.886
714	20.886
715	20.886
716	20.886
717	20.886
718	20.886
719	20.886
720	20.886
721	20.886
722	20.886
723	20.886
724	20.886
725	20.886
726	20.886
727	20.886
728	20.886
729	20.886
730	20.886
731	20.886
732	20.886
733	20.886
734	20.886
735	20.886
736	20.886
737	20.886
738	20.886
739	20.886
740	20.886
741	20.886
742	20.886
743	20.886
744	20.886
745	20.886
746	20.886
747	20.886
748	20.886
749	20.886
750	20.886
751	20.886
752	20.886
753	20.886
754	20.886
755	20.3558
