Ne averages over 40 independent estimates.
Generation	Geometric_mean
1	25.6672
2	25.6672
3	25.6672
4	25.6672
5	28.7568
6	31.4894
7	47.451
8	52.5203
9	89.3786
10	99.1612
11	122.739
12	161.168
13	229.782
14	230.578
15	268.236
16	339.753
17	401.624
18	409.23
19	417.024
20	534.505
21	747.698
22	755.724
23	835.667
24	853.145
25	842.765
26	841.624
27	874.392
28	978.444
29	1028.77
30	1072.15
31	1110.47
32	1148.95
33	1145.57
34	1148.51
35	1162.3
36	1155.81
37	1151.23
38	1161.82
39	1164.46
40	1164.21
41	1161.11
42	1156.17
43	1162.13
44	1174
45	1178.61
46	1194.91
47	1197.24
48	1204.37
49	1193.68
50	1162.28
51	1134.15
52	1126.18
53	1079.86
54	1024.08
55	993.172
56	980.677
57	972.755
58	960.014
59	948.437
60	933.936
61	903.285
62	891.244
63	854.76
64	835.358
65	784.546
66	758.385
67	605.329
68	509.836
69	471.691
70	379.914
71	335.324
72	336.743
73	281.166
74	277.053
75	260.425
76	242.181
77	211.257
78	192.713
79	238.035
80	258.883
81	299.112
82	329.056
83	333.671
84	410.123
85	479.14
86	464.104
87	462.237
88	464.571
89	476.762
90	477.921
91	469.12
92	485.866
93	595.172
94	666.384
95	742.926
96	757.013
97	765.757
98	734.151
99	726.723
100	713.371
101	684.719
102	669.54
103	648.938
104	640.675
105	635.612
106	628.586
107	608.313
108	602.373
109	586.216
110	571.954
111	576.793
112	563.536
113	553.461
114	544.563
115	510.862
116	499.538
117	497.73
118	493.233
119	492.264
120	474.895
121	464.883
122	433.683
123	422.378
124	407.001
125	404.924
126	403.539
127	403.681
128	402.842
129	391.607
130	379.395
131	378.036
132	373.198
133	361.215
134	362.142
135	361.64
136	360.409
137	360.994
138	354.592
139	345.619
140	340.573
141	331.008
142	321.574
143	318.205
144	315.042
145	311.651
146	304.693
147	296.913
148	292.016
149	289.839
150	284.752
151	283.526
152	283.09
153	286.469
154	292.235
155	290.37
156	289.488
157	285.376
158	270.745
159	257.965
160	254.321
161	252.806
162	249.539
163	246.075
164	241.574
165	239.553
166	233.327
167	209.18
168	196.873
169	180.695
170	168.194
171	149.937
172	142.943
173	133.546
174	125.609
175	122.621
176	120.799
177	118.427
178	111.39
179	104.968
180	98.0756
181	94.1052
182	89.6431
183	85.5492
184	83.3874
185	79.4122
186	73.0352
187	67.0021
188	64.1921
189	62.9311
190	61.2724
191	59.6134
192	57.2613
193	52.4115
194	50.8531
195	50.4946
196	50.0567
197	49.2163
198	49.0299
199	47.3565
200	44.7141
201	41.5652
202	40.8318
203	39.2761
204	39.33
205	39.0678
206	38.5144
207	38.9031
208	38.0738
209	36.7972
210	36.5294
211	36.6206
212	36.5086
213	36.5408
214	36.7059
215	36.7087
216	36.7925
217	36.634
218	36.7893
219	36.6934
220	36.546
221	36.3745
222	36.1513
223	35.9495
224	35.873
225	36.162
226	36.6593
227	37.1521
228	37.0666
229	37.1121
230	37.289
231	37.4155
232	37.5436
233	37.4861
234	37.5617
235	37.5283
236	37.6918
237	37.4567
238	37.4055
239	37.4859
240	37.4877
241	37.4263
242	37.4904
243	37.4013
244	37.3605
245	37.3559
246	37.2107
247	37.3082
248	37.3453
249	37.3212
250	37.3771
251	37.3253
252	37.2969
253	37.222
254	37.222
255	37.2042
256	37.114
257	36.9238
258	36.755
259	36.7311
260	36.7612
261	36.6631
262	36.5852
263	36.4885
264	36.4885
265	36.3675
266	36.2091
267	36.0314
268	36.056
269	36.178
270	36.2514
271	36.3389
272	36.4665
273	36.6633
274	36.5913
275	36.5182
276	36.4742
277	36.5044
278	36.5593
279	36.591
280	36.5854
281	36.568
282	36.6185
283	36.7726
284	36.7519
285	36.8816
286	36.9639
287	37.0444
288	37.1107
289	37.1146
290	37.1611
291	37.0774
292	36.9699
293	36.923
294	36.7775
295	36.6379
296	36.5709
297	36.4526
298	36.3565
299	36.3052
300	36.2482
301	36.1996
302	36.1535
303	36.1561
304	36.1263
305	36.0624
306	36.0522
307	35.9836
308	35.9609
309	35.9541
310	36.0379
311	36.2093
312	36.3432
313	36.3822
314	36.3822
315	36.4173
316	36.4069
317	36.4181
318	36.4313
319	36.4248
320	36.4047
321	36.4047
322	36.4034
323	36.4079
324	36.427
325	36.4145
326	36.4056
327	36.3978
328	36.3373
329	36.3564
330	36.2974
331	36.2414
332	36.2263
333	36.163
334	36.0857
335	36.0691
336	36.0578
337	36.0688
338	36.0278
339	36.0278
340	36.095
341	36.238
342	36.3224
343	36.4262
344	36.425
345	36.5208
346	36.4542
347	36.5602
348	36.6231
349	36.6561
350	36.546
351	36.5333
352	36.5602
353	36.5206
354	36.5897
355	36.6406
356	36.7135
357	36.7967
358	36.8976
359	36.9254
360	36.9437
361	36.9389
362	36.9389
363	36.9389
364	36.9389
365	36.9419
366	36.9544
367	36.9375
368	36.9475
369	36.9143
370	36.8327
371	36.7423
372	36.67
373	36.629
374	36.5879
375	36.5395
376	36.5374
377	36.5134
378	36.4912
379	36.4855
380	36.4784
381	36.4784
382	36.4919
383	36.4929
384	36.4625
385	36.4706
386	36.4706
387	36.4717
388	36.4913
389	36.5028
390	36.5028
391	36.496
392	36.4911
393	36.5064
394	36.5064
395	36.5064
396	36.5064
397	36.9719
398	37.1917
399	37.1927
400	37.3077
401	37.416
402	37.472
403	37.4859
404	37.5475
405	37.6614
406	37.716
407	37.7511
408	37.8027
409	37.8855
410	37.9544
411	37.9663
412	37.9694
413	37.9747
414	38.0038
415	38.0042
416	38.0009
417	38.0009
418	38.0005
419	38.0005
420	37.9841
421	38.0288
422	38.1191
423	38.1591
424	38.1834
425	38.2226
426	38.2772
427	38.3306
428	38.3474
429	38.2844
430	38.2753
431	38.2208
432	38.1789
433	38.1268
434	38.1068
435	38.1068
436	38.1068
437	37.9438
438	37.8932
439	37.8601
440	37.8579
441	37.8045
442	37.8104
443	37.7684
444	37.7683
445	37.7736
446	37.6556
447	37.6556
448	37.5919
449	37.5929
450	37.5872
451	37.5819
452	37.6947
453	37.7516
454	37.6689
455	37.8107
456	37.8138
457	37.8489
458	37.9391
459	38.0261
460	38.0327
461	38.1163
462	38.1831
463	38.2073
464	38.2245
465	38.2308
466	38.2308
467	38.224
468	38.2721
469	38.3303
470	38.3626
471	38.3298
472	38.3602
473	38.3965
474	38.4601
475	38.4656
476	38.4963
477	38.4963
478	38.4885
479	38.5044
480	38.4983
481	38.6021
482	38.6526
483	38.6548
484	38.6769
485	38.6971
486	38.6971
487	38.6971
488	38.6971
489	38.6971
490	38.6971
491	38.6971
492	38.6971
493	38.6971
494	38.6971
495	38.6971
496	38.6971
497	38.6971
498	38.6971
499	38.6971
500	38.6971
501	38.6971
502	38.6971
503	38.6971
504	38.6971
505	38.6971
506	38.6971
507	38.6971
508	38.6971
509	38.6971
510	38.6971
511	38.6971
512	38.6971
513	38.6971
514	38.6971
515	38.6971
516	38.6971
517	38.6971
518	38.6971
519	38.6971
520	38.6971
521	38.6971
522	38.6971
523	38.6971
524	38.6971
525	38.6971
526	38.6971
527	38.6971
528	38.6971
529	38.6971
530	38.6971
531	38.6971
532	38.6971
533	38.6971
534	38.6971
535	38.6971
536	38.6971
537	38.6971
538	38.6971
539	38.6971
540	38.6971
541	38.6971
542	38.6971
543	38.6971
544	38.6971
545	38.6971
546	38.6971
547	38.6971
548	38.6971
549	38.6971
550	38.6971
551	38.6971
552	38.6971
553	38.6971
554	38.6971
555	38.6971
556	38.6971
557	38.6971
558	38.6971
559	38.6971
560	38.6971
561	38.6971
562	38.6971
563	38.6971
564	38.6971
565	38.6971
566	38.6971
567	38.6971
568	38.6971
569	38.6971
570	38.6971
571	38.6971
572	38.6971
573	38.6971
574	38.6971
575	38.6971
576	38.6971
577	38.6971
578	38.6971
579	38.6971
580	38.6971
581	38.6971
582	38.6971
583	38.6971
584	38.6971
585	38.6971
586	38.6971
587	38.6971
588	38.6971
589	38.6971
590	38.6971
591	38.6971
592	38.6971
593	38.6971
594	38.6971
595	38.6971
596	38.6971
597	38.6971
598	38.6971
599	38.6971
600	38.6971
601	38.6971
602	38.6971
603	38.6971
604	38.6971
605	38.6971
606	38.6971
607	38.6971
608	38.6971
609	38.6971
610	38.6971
611	38.6971
612	38.6971
613	38.6971
614	38.6971
615	38.6971
616	38.6971
617	38.6971
618	38.6971
619	38.6971
620	38.6971
621	38.6971
622	38.6971
623	38.6971
624	38.6971
625	38.6971
626	38.6971
627	38.6971
628	38.6971
629	38.6971
630	38.6971
631	38.6971
632	38.6971
633	38.6971
634	38.6971
635	38.6971
636	38.6971
637	38.6971
638	38.6971
639	38.6971
640	38.6971
641	38.6971
642	38.6971
643	38.6971
644	38.6971
645	38.6971
646	38.6971
647	38.6971
648	38.6971
649	38.6971
650	38.6971
651	38.6971
652	38.6971
653	38.6971
654	38.6971
655	38.6971
656	38.6971
657	38.6971
658	38.6971
659	38.6971
660	38.6971
661	38.6971
662	38.6971
663	38.6971
664	38.6971
665	38.6971
666	38.6971
667	38.6971
668	38.6971
669	38.6971
670	38.6971
671	38.6971
672	38.6971
673	38.6971
674	38.6971
675	38.6971
676	38.6971
677	38.6971
678	38.6971
679	38.6971
680	38.6971
681	38.6971
682	38.6971
683	38.6971
684	38.6971
685	38.6971
686	38.6971
687	38.6971
688	38.6971
689	38.6971
690	38.6971
691	38.6971
692	38.6971
693	38.6971
694	38.6971
695	38.6971
696	38.6971
697	38.6971
698	38.6971
699	38.6971
700	38.6971
701	38.6971
702	38.6971
703	38.6971
704	38.6971
705	38.6971
706	38.6971
707	38.6971
708	38.6971
709	38.6971
710	38.6971
711	38.6971
712	38.6971
713	38.6971
714	38.6971
715	38.6971
716	38.6971
717	38.6971
718	38.6971
719	38.6971
720	38.6971
721	38.6971
722	38.6971
723	38.6971
724	38.6971
725	38.6971
726	38.6971
727	38.6971
728	38.6971
729	38.6971
730	38.6971
731	38.6971
732	38.6971
733	38.6971
734	38.6971
735	38.6971
736	38.6971
737	38.6971
738	38.6971
739	38.6971
740	38.6971
741	38.6971
742	38.6971
743	38.6971
744	38.6971
745	38.6971
746	38.6971
747	38.6971
748	38.6971
749	38.6971
750	38.6971
751	38.6971
752	38.6971
753	38.6971
754	38.6971
755	38.1654
