Ne averages over 40 independent estimates.
Generation	Geometric_mean
1	25.6462
2	25.6462
3	25.6462
4	25.6462
5	32.6176
6	31.7092
7	37.7574
8	39.7878
9	53.5188
10	81.9087
11	162.097
12	233.859
13	276.193
14	310.508
15	314.312
16	370.829
17	433.868
18	432.278
19	552.303
20	624.692
21	641.54
22	690.941
23	824.834
24	987.911
25	1004.54
26	1017.12
27	1027.79
28	1050.48
29	1070.37
30	1069.33
31	1086.6
32	1131.12
33	1186.17
34	1219.27
35	1232.33
36	1246.32
37	1281.87
38	1306.77
39	1316.36
40	1335.25
41	1350.98
42	1351.09
43	1360.76
44	1374.01
45	1353.43
46	1345.45
47	1352.11
48	1338.87
49	1363.73
50	1348.22
51	1312.41
52	1284.75
53	1273.42
54	1284.73
55	1275.23
56	1254.7
57	1175.6
58	1152.43
59	1109.75
60	1073.2
61	1013.64
62	939.356
63	926.827
64	934.588
65	885.208
66	895.375
67	826.127
68	737.612
69	649.135
70	619.044
71	582.687
72	503.348
73	485.741
74	427.267
75	468.836
76	451.242
77	400.863
78	394.985
79	389.654
80	400.12
81	472.789
82	484.659
83	489.354
84	585.61
85	588.322
86	667.054
87	695.807
88	734.579
89	831.068
90	866.184
91	910.743
92	1001.19
93	992.328
94	965.384
95	964.073
96	971.686
97	976.671
98	998.77
99	1004.89
100	1064.73
101	1072.13
102	1062.32
103	1045
104	1034.63
105	1020.94
106	1015.4
107	981.489
108	947.247
109	886.383
110	850.047
111	819.476
112	813.796
113	779.391
114	768.195
115	774.552
116	757.72
117	765.384
118	781.435
119	772.207
120	778.104
121	763.495
122	741.591
123	720.931
124	723.621
125	714.548
126	687.972
127	658.241
128	628.604
129	591.264
130	532.645
131	484.604
132	473.102
133	469.78
134	465.786
135	466.229
136	470.451
137	469.961
138	468.105
139	465.704
140	455.81
141	443.14
142	429.333
143	412.826
144	407.644
145	405.793
146	388.988
147	381.52
148	376.303
149	363.942
150	354.111
151	357.625
152	358.91
153	359.237
154	359.077
155	352.378
156	343.712
157	328.277
158	318.664
159	312.584
160	305.93
161	299.847
162	279.395
163	271.909
164	252.039
165	249.081
166	248.547
167	247.612
168	241.335
169	228.849
170	216.114
171	196.86
172	173.184
173	163.625
174	147.164
175	127.695
176	114.242
177	106.766
178	102.008
179	90.864
180	81.6773
181	75.3461
182	72.0563
183	73.4913
184	73.2027
185	69.7843
186	67.4458
187	65.15
188	65.2444
189	65.816
190	65.369
191	63.9347
192	61.915
193	59.6944
194	57.686
195	55.9272
196	55.0898
197	52.199
198	48.0897
199	42.6678
200	39.8024
201	37.2939
202	36.2157
203	34.9771
204	33.4054
205	33.2705
206	32.766
207	31.5912
208	31.5807
209	31.3259
210	30.9942
211	30.7072
212	30.9551
213	31.0519
214	30.4736
215	29.9827
216	29.9116
217	29.7712
218	29.2202
219	27.2721
220	26.6528
221	26.1668
222	26.3519
223	26.5265
224	26.438
225	26.4151
226	26.3741
227	26.2913
228	26.2531
229	26.2365
230	26.3163
231	26.3138
232	26.3749
233	26.3859
234	26.4524
235	26.5188
236	26.4265
237	26.3831
238	26.5717
239	26.7126
240	26.8526
241	27.0284
242	27.0861
243	27.0909
244	27.2494
245	27.2498
246	27.2947
247	27.3345
248	27.3345
249	27.3547
250	27.3582
251	27.4312
252	27.5579
253	27.6092
254	27.6634
255	27.6578
256	27.8485
257	27.8737
258	27.9834
259	27.9841
260	27.9973
261	27.9724
262	27.9216
263	27.9201
264	27.9065
265	27.9065
266	27.9065
267	27.9209
268	27.9209
269	27.9229
270	27.9408
271	27.9368
272	27.9425
273	27.934
274	27.9316
275	27.9246
276	27.9316
277	27.9316
278	27.9316
279	27.9205
280	27.9205
281	27.8999
282	27.7851
283	27.7661
284	27.7661
285	27.7655
286	27.7029
287	27.6598
288	27.6598
289	27.6821
290	27.6903
291	27.6621
292	27.6517
293	27.6517
294	27.6445
295	27.6401
296	27.6474
297	27.6558
298	27.6439
299	27.6361
300	27.7084
301	27.7023
302	27.7542
303	27.754
304	27.7848
305	27.7848
306	27.7761
307	27.7409
308	27.6571
309	27.6408
310	27.6146
311	27.5838
312	27.5827
313	27.556
314	27.5458
315	27.5622
316	27.5893
317	27.6364
318	27.7332
319	27.7403
320	27.7711
321	27.8265
322	27.9215
323	28.0834
324	28.214
325	28.3221
326	28.3231
327	28.3807
328	28.4003
329	28.4036
330	28.4021
331	28.3907
332	28.3848
333	28.3715
334	28.3653
335	28.3767
336	28.3665
337	28.3624
338	28.3481
339	28.3481
340	28.3481
341	28.3506
342	28.3506
343	28.3506
344	28.3478
345	28.3517
346	28.3225
347	28.273
348	28.2754
349	28.2815
350	28.2908
351	28.2971
352	28.3023
353	28.3032
354	28.3032
355	28.2837
356	28.2575
357	28.2686
358	28.2853
359	28.2638
360	28.2421
361	28.2001
362	28.2062
363	28.1978
364	28.1789
365	28.1453
366	28.0923
367	28.0368
368	28.0731
369	28.0564
370	28.069
371	28.0808
372	28.0925
373	28.0915
374	28.0905
375	28.0995
376	28.1056
377	28.0693
378	28.0737
379	28.0296
380	28.039
381	28.0491
382	28.0213
383	28.0193
384	28.0494
385	28.073
386	28.1049
387	28.097
388	28.0739
389	28.0778
390	28.182
391	28.2465
392	28.2838
393	28.3251
394	28.3176
395	28.3141
396	28.3072
397	28.2946
398	28.2925
399	28.3022
400	28.3166
401	28.3129
402	28.3075
403	28.3036
404	28.3036
405	28.357
406	28.4369
407	28.4986
408	28.4875
409	28.5167
410	28.5251
411	28.5364
412	28.484
413	28.51
414	28.5196
415	28.5081
416	28.5099
417	28.5099
418	28.5099
419	28.5143
420	28.5256
421	28.4895
422	28.4419
423	28.426
424	28.4068
425	28.268
426	28.1863
427	28.0909
428	28.1206
429	28.2053
430	27.9858
431	27.8913
432	27.9917
433	28.0548
434	28.0416
435	28.0394
436	28.039
437	28.0426
438	28.0425
439	28.0417
440	28.0405
441	28.0484
442	28.0425
443	28.0425
444	28.0457
445	28.0457
446	28.0475
447	28.0475
448	28.0331
449	28.0331
450	27.9989
451	27.9396
452	27.9474
453	27.8999
454	27.8583
455	27.8583
456	27.8583
457	27.7674
458	27.773
459	27.7602
460	27.7671
461	27.777
462	27.7819
463	27.7718
464	27.7543
465	27.7461
466	27.7461
467	27.7461
468	27.6754
469	27.628
470	27.6004
471	27.5682
472	27.5576
473	27.5688
474	27.6054
475	27.619
476	27.6377
477	27.6377
478	27.6412
479	27.6412
480	27.6464
481	27.6464
482	27.6464
483	27.6464
484	27.6464
485	27.6464
486	27.6464
487	27.6464
488	27.6464
489	27.6464
490	27.6464
491	27.6464
492	27.6464
493	27.6464
494	27.6464
495	27.6464
496	27.6464
497	27.6464
498	27.6464
499	27.6464
500	27.6464
501	27.6464
502	27.6464
503	27.6464
504	27.6464
505	27.6464
506	27.6464
507	27.6464
508	27.6464
509	27.6464
510	27.6464
511	27.6464
512	27.6464
513	27.6464
514	27.6464
515	27.6464
516	27.6464
517	27.6464
518	27.6464
519	27.6464
520	27.6464
521	27.6464
522	27.6464
523	27.6464
524	27.6464
525	27.6464
526	27.6464
527	27.6464
528	27.6464
529	27.6464
530	27.6464
531	27.6464
532	27.6464
533	27.6464
534	27.6464
535	27.6464
536	27.6464
537	27.6464
538	27.6464
539	27.6464
540	27.6464
541	27.6464
542	27.6464
543	27.6464
544	27.6464
545	27.6464
546	27.6464
547	27.6464
548	27.6464
549	27.6464
550	27.6464
551	27.6464
552	27.6464
553	27.6464
554	27.6464
555	27.6464
556	27.6464
557	27.6464
558	27.6464
559	27.6464
560	27.6464
561	27.6464
562	27.6464
563	27.6464
564	27.6464
565	27.6464
566	27.6464
567	27.6464
568	27.6464
569	27.6464
570	27.6464
571	27.6464
572	27.6464
573	27.6464
574	27.6464
575	27.6464
576	27.6464
577	27.6464
578	27.6464
579	27.6464
580	27.6464
581	27.6464
582	27.6464
583	27.6464
584	27.6464
585	27.6464
586	27.6464
587	27.6464
588	27.6464
589	27.6464
590	27.6464
591	27.6464
592	27.6464
593	27.6464
594	27.6464
595	27.6464
596	27.6464
597	27.6464
598	27.6464
599	27.6464
600	27.6464
601	27.6464
602	27.6464
603	27.6464
604	27.6464
605	27.6464
606	27.6464
607	27.6464
608	27.6464
609	27.6464
610	27.6464
611	27.6464
612	27.6464
613	27.6464
614	27.6464
615	27.6464
616	27.6464
617	27.6464
618	27.6464
619	27.6464
620	27.6464
621	27.6464
622	27.6464
623	27.6464
624	27.6464
625	27.6464
626	27.6464
627	27.6464
628	27.6464
629	27.6464
630	27.6464
631	27.6464
632	27.6464
633	27.6464
634	27.6464
635	27.6464
636	27.6464
637	27.6464
638	27.6464
639	27.6464
640	27.6464
641	27.6464
642	27.6464
643	27.6464
644	27.6464
645	27.6464
646	27.6464
647	27.6464
648	27.6464
649	27.6464
650	27.6464
651	27.6464
652	27.6464
653	27.6464
654	27.6464
655	27.6464
656	27.6464
657	27.6464
658	27.6464
659	27.6464
660	27.6464
661	27.6464
662	27.6464
663	27.6464
664	27.6464
665	27.6464
666	27.6464
667	27.6464
668	27.6464
669	27.6464
670	27.6464
671	27.6464
672	27.6464
673	27.6464
674	27.6464
675	27.6464
676	27.6464
677	27.6464
678	27.6464
679	27.6464
680	27.6464
681	27.6464
682	27.6464
683	27.6464
684	27.6464
685	27.6464
686	27.6464
687	27.6464
688	27.6464
689	27.6464
690	27.6464
691	27.6464
692	27.6464
693	27.6464
694	27.6464
695	27.6464
696	27.6464
697	27.6464
698	27.6464
699	27.6464
700	27.6464
701	27.6464
702	27.6464
703	27.6464
704	27.6464
705	27.6464
706	27.6464
707	27.6464
708	27.6464
709	27.6464
710	27.6464
711	27.6464
712	27.6464
713	27.6464
714	27.6464
715	27.6464
716	27.6464
717	27.6464
718	27.6464
719	27.6464
720	27.6464
721	27.6464
722	27.6464
723	27.6464
724	27.6464
725	27.6464
726	27.6464
727	27.6464
728	27.6464
729	27.6464
730	27.6464
731	27.6464
732	27.6464
733	27.6464
734	27.6464
735	27.6464
736	27.6464
737	27.6464
738	27.6464
739	27.6464
740	27.6464
741	27.6464
742	27.6464
743	27.6464
744	27.6464
745	27.6464
746	27.6464
747	27.6464
748	27.6464
749	27.6464
750	27.6464
751	27.6464
752	27.6464
753	27.6464
754	27.6464
755	27.7244
