Ne averages over 40 independent estimates.
Generation	Geometric_mean
1	25.7905
2	25.7905
3	25.7905
4	25.7905
5	29.6749
6	30.3279
7	36.9219
8	44.5307
9	88.772
10	169.009
11	258.717
12	304.182
13	315.729
14	316.585
15	323.069
16	399.863
17	423.867
18	441.166
19	479.234
20	494.848
21	501.772
22	519.506
23	573.414
24	632.26
25	646.078
26	752.677
27	818.258
28	839.131
29	873.448
30	921.99
31	897.13
32	893.723
33	898.628
34	887.75
35	885.767
36	886.017
37	895.886
38	911.97
39	946.666
40	972.917
41	984.945
42	982.765
43	985.244
44	980.958
45	960.851
46	956.056
47	969.172
48	968.255
49	943.459
50	898.53
51	872.617
52	860.109
53	834.944
54	814.445
55	836.27
56	839.439
57	847.856
58	845.84
59	814.966
60	827.721
61	815.431
62	816.769
63	711.352
64	699.512
65	677.726
66	630.601
67	556.68
68	520.861
69	493.059
70	446.888
71	362.447
72	277.233
73	268.881
74	258.858
75	260.226
76	235.971
77	237.305
78	250.439
79	258.116
80	230.97
81	257.979
82	244.853
83	272.103
84	318.918
85	314.945
86	343.846
87	343.597
88	384.758
89	374.139
90	373.838
91	368.984
92	382.29
93	412.55
94	414.078
95	415.331
96	467.406
97	495.108
98	564.773
99	559.995
100	566.025
101	568.696
102	573.285
103	563.989
104	559.972
105	560.97
106	550.949
107	541.421
108	537.607
109	522.624
110	502.871
111	491.552
112	474.047
113	460.158
114	451.091
115	443.21
116	422.715
117	424.299
118	427.734
119	434.095
120	453.879
121	461.337
122	466.011
123	465.506
124	465.747
125	456.346
126	447.388
127	436.582
128	435.723
129	437.758
130	425.595
131	423.419
132	418.851
133	404.963
134	399.796
135	389.13
136	379.926
137	366.008
138	353.881
139	337.591
140	329.409
141	317.968
142	301.922
143	285.855
144	278.485
145	280.449
146	277.455
147	275.567
148	274.698
149	272.806
150	275.216
151	275.249
152	276.38
153	275.741
154	273.256
155	272.132
156	270.706
157	268.385
158	266.958
159	259.528
160	252.75
161	247.67
162	247.633
163	241.098
164	234.988
165	229.748
166	221.093
167	210.171
168	204.324
169	194.34
170	183.589
171	173.013
172	153.87
173	145.29
174	136.269
175	130.866
176	128.148
177	119.31
178	116.574
179	108.328
180	106.023
181	104.578
182	100.239
183	98.4933
184	97.3996
185	97.969
186	94.342
187	90.3801
188	87.0589
189	83.6964
190	83.355
191	82.0523
192	76.5957
193	75.9988
194	75.1947
195	72.59
196	70.8079
197	66.3047
198	65.3547
199	62.0738
200	58.1827
201	56.5152
202	52.8803
203	51.6992
204	48.5215
205	47.2904
206	46.5896
207	44.9963
208	43.876
209	42.0055
210	41.0434
211	41.0542
212	40.0705
213	39.6314
214	39.3202
215	38.5587
216	36.8513
217	36.0369
218	34.9294
219	34.5434
220	34.3755
221	34.2839
222	34.4854
223	34.4579
224	34.4056
225	34.4645
226	34.3241
227	34.1623
228	33.4878
229	33.6398
230	33.536
231	34.1329
232	34.5751
233	34.971
234	35.1978
235	35.4622
236	35.1484
237	34.9301
238	34.9402
239	35.0578
240	35.1779
241	35.2932
242	35.3207
243	35.3544
244	35.3468
245	35.3652
246	35.3855
247	35.3999
248	35.3992
249	35.4629
250	35.6147
251	35.7426
252	35.7931
253	36.0004
254	35.9942
255	35.9585
256	35.8759
257	35.6984
258	35.5697
259	35.4782
260	35.4516
261	35.5727
262	35.5355
263	35.6884
264	35.8488
265	36.1541
266	36.1589
267	36.1493
268	36.172
269	36.1819
270	36.1756
271	36.1305
272	36.1124
273	35.9821
274	35.9821
275	35.9904
276	35.9161
277	35.9306
278	35.9179
279	35.9149
280	35.9113
281	35.9373
282	35.9329
283	35.9312
284	35.9475
285	35.9238
286	35.8986
287	35.9101
288	35.8542
289	35.8295
290	35.8379
291	35.8232
292	35.7444
293	35.7501
294	35.7893
295	35.821
296	35.954
297	35.954
298	35.9571
299	35.9698
300	35.9701
301	36.0479
302	36.0479
303	36.0453
304	36.0606
305	36.0849
306	36.0891
307	36.1118
308	36.118
309	36.1812
310	36.3601
311	36.4786
312	36.5664
313	36.6079
314	36.6079
315	36.5959
316	36.5782
317	36.5782
318	36.5782
319	36.5782
320	36.5782
321	36.5696
322	36.5696
323	36.5604
324	36.5456
325	36.522
326	36.5133
327	36.5062
328	36.5092
329	36.5058
330	36.5028
331	36.4831
332	36.4831
333	36.4998
334	36.5348
335	36.6029
336	36.6372
337	36.6614
338	36.7222
339	36.739
340	36.7644
341	36.7646
342	36.7646
343	36.7514
344	36.7706
345	36.7238
346	36.736
347	36.6918
348	36.6786
349	36.5981
350	36.5676
351	36.5676
352	36.5676
353	36.5676
354	36.5732
355	36.5756
356	36.5756
357	36.5811
358	36.627
359	36.6923
360	36.7545
361	36.9639
362	37.1862
363	37.3777
364	37.5217
365	37.6229
366	37.6229
367	37.6492
368	37.5815
369	37.5545
370	37.5134
371	37.5013
372	37.4958
373	37.4992
374	37.4992
375	37.5054
376	37.4783
377	37.474
378	37.3822
379	37.311
380	37.2131
381	37.1012
382	37.0354
383	36.9699
384	36.9092
385	36.8764
386	36.8377
387	36.8199
388	36.7339
389	36.7304
390	36.788
391	36.914
392	37.1192
393	37.1228
394	37.2169
395	37.1507
396	37.1285
397	37.1285
398	37.1285
399	37.1161
400	37.1245
401	37.1245
402	37.2232
403	37.3537
404	37.5304
405	37.6676
406	37.6572
407	37.6209
408	37.6209
409	37.6142
410	37.6142
411	37.61
412	37.631
413	37.6708
414	37.6747
415	37.6892
416	37.6902
417	37.8322
418	37.9048
419	37.9776
420	38.1176
421	38.1777
422	38.2954
423	38.2955
424	38.3838
425	38.4347
426	38.4793
427	38.4953
428	38.5397
429	38.5255
430	38.5241
431	38.5228
432	38.5342
433	38.5342
434	38.5342
435	38.5305
436	38.5247
437	38.5247
438	38.5247
439	38.5247
440	38.533
441	38.5406
442	38.5406
443	38.5186
444	38.4939
445	38.5238
446	38.5239
447	38.5654
448	38.5887
449	38.5887
450	38.5887
451	38.5887
452	38.545
453	38.4592
454	38.386
455	38.386
456	38.3844
457	38.4482
458	38.485
459	38.4804
460	38.5106
461	38.4378
462	38.388
463	38.388
464	38.3895
465	38.3895
466	38.3753
467	38.3535
468	38.3542
469	38.3434
470	38.3368
471	38.324
472	38.3453
473	38.3701
474	38.3839
475	38.4316
476	38.5154
477	38.5051
478	38.5051
479	38.495
480	38.4608
481	38.4538
482	38.4538
483	38.4538
484	38.4643
485	38.4643
486	38.4643
487	38.4643
488	38.4643
489	38.4643
490	38.4643
491	38.4643
492	38.4643
493	38.4643
494	38.4643
495	38.4643
496	38.4643
497	38.4643
498	38.4643
499	38.4643
500	38.4643
501	38.4643
502	38.4643
503	38.4643
504	38.4643
505	38.4643
506	38.4643
507	38.4643
508	38.4643
509	38.4643
510	38.4643
511	38.4643
512	38.4643
513	38.4643
514	38.4643
515	38.4643
516	38.4643
517	38.4643
518	38.4643
519	38.4643
520	38.4643
521	38.4643
522	38.4643
523	38.4643
524	38.4643
525	38.4643
526	38.4643
527	38.4643
528	38.4643
529	38.4643
530	38.4643
531	38.4643
532	38.4643
533	38.4643
534	38.4643
535	38.4643
536	38.4643
537	38.4643
538	38.4643
539	38.4643
540	38.4643
541	38.4643
542	38.4643
543	38.4643
544	38.4643
545	38.4643
546	38.4643
547	38.4643
548	38.4643
549	38.4643
550	38.4643
551	38.4643
552	38.4643
553	38.4643
554	38.4643
555	38.4643
556	38.4643
557	38.4643
558	38.4643
559	38.4643
560	38.4643
561	38.4643
562	38.4643
563	38.4643
564	38.4643
565	38.4643
566	38.4643
567	38.4643
568	38.4643
569	38.4643
570	38.4643
571	38.4643
572	38.4643
573	38.4643
574	38.4643
575	38.4643
576	38.4643
577	38.4643
578	38.4643
579	38.4643
580	38.4643
581	38.4643
582	38.4643
583	38.4643
584	38.4643
585	38.4643
586	38.4643
587	38.4643
588	38.4643
589	38.4643
590	38.4643
591	38.4643
592	38.4643
593	38.4643
594	38.4643
595	38.4643
596	38.4643
597	38.4643
598	38.4643
599	38.4643
600	38.4643
601	38.4643
602	38.4643
603	38.4643
604	38.4643
605	38.4643
606	38.4643
607	38.4643
608	38.4643
609	38.4643
610	38.4643
611	38.4643
612	38.4643
613	38.4643
614	38.4643
615	38.4643
616	38.4643
617	38.4643
618	38.4643
619	38.4643
620	38.4643
621	38.4643
622	38.4643
623	38.4643
624	38.4643
625	38.4643
626	38.4643
627	38.4643
628	38.4643
629	38.4643
630	38.4643
631	38.4643
632	38.4643
633	38.4643
634	38.4643
635	38.4643
636	38.4643
637	38.4643
638	38.4643
639	38.4643
640	38.4643
641	38.4643
642	38.4643
643	38.4643
644	38.4643
645	38.4643
646	38.4643
647	38.4643
648	38.4643
649	38.4643
650	38.4643
651	38.4643
652	38.4643
653	38.4643
654	38.4643
655	38.4643
656	38.4643
657	38.4643
658	38.4643
659	38.4643
660	38.4643
661	38.4643
662	38.4643
663	38.4643
664	38.4643
665	38.4643
666	38.4643
667	38.4643
668	38.4643
669	38.4643
670	38.4643
671	38.4643
672	38.4643
673	38.4643
674	38.4643
675	38.4643
676	38.4643
677	38.4643
678	38.4643
679	38.4643
680	38.4643
681	38.4643
682	38.4643
683	38.4643
684	38.4643
685	38.4643
686	38.4643
687	38.4643
688	38.4643
689	38.4643
690	38.4643
691	38.4643
692	38.4643
693	38.4643
694	38.4643
695	38.4643
696	38.4643
697	38.4643
698	38.4643
699	38.4643
700	38.4643
701	38.4643
702	38.4643
703	38.4643
704	38.4643
705	38.4643
706	38.4643
707	38.4643
708	38.4643
709	38.4643
710	38.4643
711	38.4643
712	38.4643
713	38.4643
714	38.4643
715	38.4643
716	38.4643
717	38.4643
718	38.4643
719	38.4643
720	38.4643
721	38.4643
722	38.4643
723	38.4643
724	38.4643
725	38.4643
726	38.4643
727	38.4643
728	38.4643
729	38.4643
730	38.4643
731	38.4643
732	38.4643
733	38.4643
734	38.4643
735	38.4643
736	38.4643
737	38.4643
738	38.4643
739	38.4643
740	38.4643
741	38.4643
742	38.4643
743	38.4643
744	38.4643
745	38.4643
746	38.4643
747	38.4643
748	38.4643
749	38.4643
750	38.4643
751	38.4643
752	38.4643
753	38.4643
754	38.4643
755	39.7966
