Ne averages over 40 independent estimates.
Generation	Geometric_mean
1	25.6393
2	25.6393
3	25.6393
4	25.6393
5	29.0596
6	30.2618
7	38.1446
8	47.2864
9	59.1066
10	77.1069
11	128.528
12	257.346
13	313.475
14	327.108
15	326.102
16	346.391
17	368.927
18	369.03
19	418.076
20	480.871
21	561.129
22	682.267
23	845.071
24	922.975
25	992.669
26	1012.23
27	1102.93
28	1109.6
29	1112.84
30	1130.34
31	1127.79
32	1136.32
33	1134.22
34	1164.11
35	1211.97
36	1270.89
37	1248.59
38	1264.32
39	1277.37
40	1251.21
41	1213.39
42	1229.77
43	1242.96
44	1253.44
45	1259.83
46	1309
47	1314.68
48	1318.34
49	1304.19
50	1299.89
51	1269.68
52	1253.71
53	1257.7
54	1223.38
55	1204.37
56	1159.43
57	1106.2
58	1081.06
59	1027.48
60	1010.94
61	932.127
62	922.226
63	937.204
64	941.091
65	939.23
66	927.33
67	907.679
68	772.462
69	756.476
70	584.924
71	579.131
72	461.312
73	393.052
74	346.488
75	315.302
76	301.616
77	299.716
78	277.792
79	300.611
80	330.875
81	335.3
82	360.863
83	400.137
84	519.185
85	546.417
86	598.818
87	659.565
88	657.001
89	656.862
90	690.579
91	712.675
92	762.334
93	784.12
94	760.899
95	741.947
96	733.89
97	734.103
98	726.748
99	723.119
100	727.598
101	721.395
102	727.426
103	731.483
104	742.72
105	779.417
106	762.001
107	717.63
108	663.767
109	634.453
110	635.621
111	627.75
112	628.022
113	633.524
114	637.479
115	617.367
116	619.9
117	613.401
118	599.494
119	578.583
120	566.609
121	554.456
122	543.966
123	537.589
124	519.01
125	508.104
126	489.525
127	470.503
128	455.59
129	445.552
130	425.959
131	414.793
132	400.563
133	391.839
134	376.465
135	375.337
136	363.167
137	356.043
138	356.814
139	355.909
140	355.277
141	349.06
142	335.776
143	325.67
144	322.8
145	316.876
146	302.325
147	299.375
148	297.859
149	296.824
150	295.871
151	292.85
152	292.118
153	291.41
154	287.967
155	282.346
156	272.848
157	264.508
158	253.718
159	246.346
160	242.284
161	231.934
162	228.225
163	219.357
164	213.821
165	212.116
166	206.06
167	200.019
168	190.821
169	175.738
170	150.216
171	137.228
172	124.646
173	125.185
174	124.989
175	120.989
176	109.534
177	96.2703
178	94.1073
179	88.1522
180	79.1294
181	73.9583
182	69.039
183	65.76
184	64.472
185	59.4564
186	53.4122
187	47.8386
188	44.9426
189	43.7085
190	42.5699
191	42.3186
192	41.8954
193	41.2683
194	40.8577
195	40.2499
196	39.554
197	37.484
198	35.8409
199	34.2582
200	34.3866
201	33.2667
202	32.4482
203	31.157
204	30.8958
205	29.7336
206	29.2819
207	29.3758
208	29.4226
209	29.0835
210	29.1012
211	29.185
212	29.1766
213	29.1847
214	29.2655
215	29.4395
216	29.2525
217	29.5274
218	29.6909
219	29.7803
220	30.0512
221	30.5292
222	30.7742
223	30.59
224	30.6488
225	30.6514
226	30.5978
227	30.4719
228	30.4735
229	30.416
230	30.3722
231	30.272
232	30.3367
233	30.4226
234	30.5245
235	30.7323
236	31.1081
237	31.135
238	31.0898
239	31.0382
240	31.1179
241	31.4008
242	31.4428
243	31.5049
244	31.6984
245	31.7397
246	31.7457
247	31.7638
248	31.829
249	31.9137
250	31.8213
251	31.624
252	31.6226
253	31.7171
254	31.6878
255	31.9018
256	31.9152
257	31.9837
258	32.0965
259	32.3252
260	32.4805
261	32.4935
262	32.5422
263	32.5743
264	32.6654
265	32.6331
266	32.5469
267	32.409
268	32.4233
269	32.4392
270	32.453
271	32.472
272	32.4873
273	32.4462
274	32.3444
275	32.3173
276	32.3034
277	32.289
278	32.2835
279	32.297
280	32.2909
281	32.2822
282	32.1817
283	32.1328
284	32.1328
285	32.0745
286	32.0515
287	32.0515
288	32.0157
289	32.0292
290	32.009
291	31.888
292	31.8569
293	31.8033
294	31.7824
295	31.7726
296	31.7726
297	31.7792
298	31.8194
299	31.8222
300	31.7034
301	31.6707
302	31.6821
303	31.6715
304	31.6715
305	31.6439
306	31.6439
307	31.6439
308	31.6439
309	31.6439
310	31.6408
311	31.6408
312	31.6408
313	31.6408
314	31.6356
315	31.6356
316	31.6371
317	31.6334
318	31.6411
319	31.6411
320	31.6472
321	31.6449
322	31.6466
323	31.6477
324	31.6308
325	31.6308
326	31.6222
327	31.603
328	31.6092
329	31.6092
330	31.6039
331	31.6039
332	31.6014
333	31.6014
334	31.6014
335	31.5975
336	31.5633
337	31.5362
338	31.4594
339	31.4594
340	31.3505
341	31.3249
342	31.3255
343	31.3285
344	31.3285
345	31.3042
346	31.2065
347	31.2144
348	31.2144
349	31.145
350	31.1414
351	31.14
352	31.1351
353	31.0397
354	30.9797
355	30.9208
356	30.8767
357	30.8296
358	30.7927
359	30.7713
360	30.7119
361	30.6473
362	30.5884
363	30.5539
364	30.5294
365	30.4825
366	30.4541
367	30.5018
368	30.5036
369	30.5076
370	30.5444
371	30.566
372	30.6107
373	30.6412
374	30.6595
375	30.6639
376	30.6649
377	30.6568
378	30.653
379	30.6413
380	30.6381
381	30.6414
382	30.646
383	30.646
384	30.6488
385	30.6488
386	30.6488
387	30.662
388	30.6582
389	30.6862
390	30.7451
391	30.7567
392	30.7609
393	30.7674
394	30.7705
395	30.7753
396	30.7733
397	30.7684
398	30.7723
399	30.768
400	30.79
401	30.7894
402	30.8096
403	30.8012
404	30.7972
405	30.7814
406	30.7268
407	30.6751
408	30.6645
409	30.6645
410	30.713
411	30.713
412	30.7825
413	30.8511
414	30.8975
415	30.8735
416	30.8735
417	30.9317
418	30.9273
419	30.9247
420	30.9289
421	30.9321
422	30.93
423	30.9532
424	30.9015
425	30.8764
426	30.8764
427	30.8492
428	30.839
429	30.8374
430	30.8448
431	30.8574
432	30.8455
433	30.8166
434	30.8212
435	30.78
436	30.7561
437	30.7561
438	30.7656
439	30.7392
440	30.6964
441	30.646
442	30.6573
443	30.6521
444	30.6047
445	30.5999
446	30.5731
447	30.5647
448	30.5647
449	30.5647
450	30.5647
451	30.5647
452	30.5647
453	30.5647
454	30.5647
455	30.5647
456	30.5647
457	30.5333
458	30.5333
459	30.5594
460	30.5594
461	30.5059
462	30.6573
463	30.7286
464	30.6139
465	30.653
466	30.6528
467	30.7045
468	30.6207
469	30.5502
470	30.5502
471	30.5492
472	30.5221
473	30.4492
474	30.4268
475	30.4268
476	30.443
477	30.4378
478	30.4378
479	30.4378
480	30.4378
481	30.4378
482	30.4378
483	30.4378
484	30.4378
485	30.4378
486	30.4378
487	30.4378
488	30.4378
489	30.4378
490	30.4378
491	30.4378
492	30.4378
493	30.4378
494	30.4378
495	30.4378
496	30.4378
497	30.4378
498	30.4378
499	30.4378
500	30.4378
501	30.4378
502	30.4378
503	30.4378
504	30.4378
505	30.4378
506	30.4378
507	30.4378
508	30.4378
509	30.4378
510	30.4378
511	30.4378
512	30.4378
513	30.4378
514	30.4378
515	30.4378
516	30.4378
517	30.4378
518	30.4378
519	30.4378
520	30.4378
521	30.4378
522	30.4378
523	30.4378
524	30.4378
525	30.4378
526	30.4378
527	30.4378
528	30.4378
529	30.4378
530	30.4378
531	30.4378
532	30.4378
533	30.4378
534	30.4378
535	30.4378
536	30.4378
537	30.4378
538	30.4378
539	30.4378
540	30.4378
541	30.4378
542	30.4378
543	30.4378
544	30.4378
545	30.4378
546	30.4378
547	30.4378
548	30.4378
549	30.4378
550	30.4378
551	30.4378
552	30.4378
553	30.4378
554	30.4378
555	30.4378
556	30.4378
557	30.4378
558	30.4378
559	30.4378
560	30.4378
561	30.4378
562	30.4378
563	30.4378
564	30.4378
565	30.4378
566	30.4378
567	30.4378
568	30.4378
569	30.4378
570	30.4378
571	30.4378
572	30.4378
573	30.4378
574	30.4378
575	30.4378
576	30.4378
577	30.4378
578	30.4378
579	30.4378
580	30.4378
581	30.4378
582	30.4378
583	30.4378
584	30.4378
585	30.4378
586	30.4378
587	30.4378
588	30.4378
589	30.4378
590	30.4378
591	30.4378
592	30.4378
593	30.4378
594	30.4378
595	30.4378
596	30.4378
597	30.4378
598	30.4378
599	30.4378
600	30.4378
601	30.4378
602	30.4378
603	30.4378
604	30.4378
605	30.4378
606	30.4378
607	30.4378
608	30.4378
609	30.4378
610	30.4378
611	30.4378
612	30.4378
613	30.4378
614	30.4378
615	30.4378
616	30.4378
617	30.4378
618	30.4378
619	30.4378
620	30.4378
621	30.4378
622	30.4378
623	30.4378
624	30.4378
625	30.4378
626	30.4378
627	30.4378
628	30.4378
629	30.4378
630	30.4378
631	30.4378
632	30.4378
633	30.4378
634	30.4378
635	30.4378
636	30.4378
637	30.4378
638	30.4378
639	30.4378
640	30.4378
641	30.4378
642	30.4378
643	30.4378
644	30.4378
645	30.4378
646	30.4378
647	30.4378
648	30.4378
649	30.4378
650	30.4378
651	30.4378
652	30.4378
653	30.4378
654	30.4378
655	30.4378
656	30.4378
657	30.4378
658	30.4378
659	30.4378
660	30.4378
661	30.4378
662	30.4378
663	30.4378
664	30.4378
665	30.4378
666	30.4378
667	30.4378
668	30.4378
669	30.4378
670	30.4378
671	30.4378
672	30.4378
673	30.4378
674	30.4378
675	30.4378
676	30.4378
677	30.4378
678	30.4378
679	30.4378
680	30.4378
681	30.4378
682	30.4378
683	30.4378
684	30.4378
685	30.4378
686	30.4378
687	30.4378
688	30.4378
689	30.4378
690	30.4378
691	30.4378
692	30.4378
693	30.4378
694	30.4378
695	30.4378
696	30.4378
697	30.4378
698	30.4378
699	30.4378
700	30.4378
701	30.4378
702	30.4378
703	30.4378
704	30.4378
705	30.4378
706	30.4378
707	30.4378
708	30.4378
709	30.4378
710	30.4378
711	30.4378
712	30.4378
713	30.4378
714	30.4378
715	30.4378
716	30.4378
717	30.4378
718	30.4378
719	30.4378
720	30.4378
721	30.4378
722	30.4378
723	30.4378
724	30.4378
725	30.4378
726	30.4378
727	30.4378
728	30.4378
729	30.4378
730	30.4378
731	30.4378
732	30.4378
733	30.4378
734	30.4378
735	30.4378
736	30.4378
737	30.4378
738	30.4378
739	30.4378
740	30.4378
741	30.4378
742	30.4378
743	30.4378
744	30.4378
745	30.4378
746	30.4378
747	30.4378
748	30.4378
749	30.4378
750	30.4378
751	30.4378
752	30.4378
753	30.4378
754	30.4378
755	30.4692
