Ne averages over 40 independent estimates.
Generation	Geometric_mean
1	24.2487
2	24.2487
3	24.2487
4	24.2487
5	28.6457
6	26.8636
7	35.8827
8	51.1591
9	69.9029
10	127.507
11	202.671
12	205.251
13	242.908
14	252.561
15	306.396
16	346.477
17	377.724
18	426.556
19	551.691
20	563.026
21	601.286
22	617.46
23	715.682
24	788.325
25	853.277
26	858.923
27	868.828
28	912.944
29	987.636
30	989.762
31	1019.11
32	1033.77
33	1089.2
34	1122.12
35	1176.45
36	1174.48
37	1187.9
38	1191.58
39	1184.34
40	1193.61
41	1198.41
42	1200.92
43	1216.08
44	1210.38
45	1207.2
46	1230.46
47	1230.85
48	1226.93
49	1216.93
50	1183.9
51	1158.64
52	1124.39
53	1118.65
54	1104.93
55	1088.35
56	1075.19
57	1078.23
58	1063.97
59	938.424
60	922.7
61	903.128
62	831.852
63	803.828
64	728.689
65	705.056
66	698.56
67	652.876
68	647.636
69	633.909
70	480.246
71	464.902
72	437.036
73	348.636
74	300.603
75	272.807
76	275.097
77	234.21
78	219.028
79	217.446
80	222.886
81	230.141
82	295.071
83	355.659
84	375.012
85	373.745
86	373.223
87	410.431
88	469.932
89	533.465
90	563.79
91	597.776
92	622.846
93	624.262
94	679.07
95	680.922
96	678.236
97	700.275
98	694.193
99	697.532
100	685.265
101	663.993
102	648.258
103	639.31
104	639.63
105	627.754
106	624.589
107	602.714
108	588.659
109	592.711
110	574.315
111	560.427
112	555.568
113	533.895
114	515.603
115	484.785
116	465.094
117	458.977
118	448.934
119	445.044
120	442.851
121	425.923
122	407.015
123	396.742
124	378.024
125	370.566
126	358.66
127	347.041
128	338.682
129	325.464
130	316.512
131	307.329
132	303.702
133	306.065
134	301.958
135	305.307
136	306.926
137	303.056
138	299.599
139	306.112
140	305.814
141	307.732
142	313.355
143	312.818
144	315.749
145	319.852
146	328.175
147	325.506
148	324.809
149	319.11
150	316.92
151	312.496
152	309.344
153	309.674
154	310.307
155	307.965
156	306.551
157	304.62
158	300.773
159	299.994
160	300.801
161	299.804
162	295.872
163	292.089
164	275.907
165	261.078
166	242.363
167	235.222
168	209.61
169	190.189
170	167.86
171	157.571
172	139.951
173	128.916
174	117.441
175	98.5032
176	95.6529
177	86.1268
178	78.3279
179	73.2422
180	68.0218
181	63.0377
182	60.0119
183	58.4721
184	56.792
185	57.1638
186	56.8237
187	55.6197
188	55.0693
189	53.6543
190	50.3105
191	49.6754
192	50.0829
193	49.5334
194	49.1845
195	48.1315
196	46.2254
197	44.76
198	44.3905
199	43.0579
200	42.7746
201	42.3202
202	41.5219
203	40.892
204	40.5172
205	39.8692
206	38.8955
207	36.2613
208	35.0712
209	33.9767
210	33.3531
211	32.9464
212	32.6097
213	31.9209
214	31.8526
215	31.9628
216	32.0779
217	32.283
218	32.4092
219	31.9835
220	31.7526
221	31.7486
222	31.8629
223	31.7905
224	32.1682
225	32.3749
226	32.3539
227	32.4045
228	31.9644
229	31.6838
230	31.2629
231	31.2297
232	31.3346
233	31.5426
234	31.6611
235	32.1431
236	32.8061
237	33.6815
238	34.0662
239	34.2887
240	34.709
241	34.849
242	34.8893
243	34.9742
244	34.8672
245	34.9195
246	34.9898
247	35.0674
248	35.0749
249	35.1959
250	35.208
251	35.2809
252	35.2704
253	35.2571
254	35.2879
255	35.4127
256	35.5652
257	35.6564
258	35.6454
259	35.7292
260	35.7849
261	35.8551
262	35.8274
263	35.8489
264	35.7583
265	35.5608
266	35.59
267	35.6071
268	35.6358
269	35.6582
270	35.7214
271	35.7501
272	35.722
273	35.7439
274	35.7249
275	35.7378
276	35.75
277	35.7463
278	35.722
279	35.7159
280	35.7315
281	35.7451
282	35.7427
283	35.8885
284	36.0771
285	36.1302
286	36.2231
287	36.2051
288	36.2667
289	36.3209
290	36.3209
291	36.4805
292	36.4892
293	36.6226
294	36.6866
295	36.7348
296	36.8131
297	36.9252
298	37.0428
299	37.0646
300	37.0411
301	37.0148
302	37.0177
303	37.0887
304	37.0843
305	37.2179
306	37.2321
307	37.2593
308	37.2446
309	37.3381
310	37.3172
311	37.2485
312	37.165
313	37.0859
314	37.0871
315	37.0871
316	37.0727
317	37.0569
318	37.0371
319	37.0073
320	36.9826
321	36.9193
322	36.8843
323	36.8773
324	36.8466
325	36.8783
326	37.0366
327	37.2314
328	37.249
329	37.3169
330	37.3846
331	37.4749
332	37.7157
333	37.8
334	37.825
335	37.825
336	37.8427
337	37.8431
338	37.8154
339	37.822
340	37.8277
341	37.7957
342	37.7957
343	37.7957
344	37.7957
345	37.7957
346	37.7957
347	37.8044
348	37.7928
349	37.7928
350	37.7697
351	37.8176
352	37.8479
353	37.8172
354	37.7139
355	37.548
356	37.5393
357	37.5393
358	37.5028
359	37.4835
360	37.4697
361	37.4617
362	37.4279
363	37.4279
364	37.4279
365	37.4379
366	37.4379
367	37.4379
368	37.4379
369	37.4272
370	37.4272
371	37.4097
372	37.4146
373	37.4146
374	37.4146
375	37.418
376	37.4533
377	37.4533
378	37.5566
379	37.5616
380	37.6426
381	37.7734
382	37.7774
383	37.8263
384	37.7905
385	37.7971
386	37.7595
387	37.5634
388	37.2917
389	37.1848
390	37.1393
391	37.1143
392	37.0844
393	37.0844
394	37.0844
395	37.0844
396	37.0379
397	36.991
398	36.905
399	36.8176
400	36.8176
401	36.8176
402	36.8217
403	36.8217
404	36.8217
405	36.8217
406	36.8217
407	36.8209
408	36.8215
409	36.8215
410	36.8215
411	36.8215
412	36.853
413	36.8958
414	36.9258
415	36.986
416	36.9966
417	36.994
418	36.9824
419	37.0025
420	36.9977
421	37.0112
422	37.0687
423	37.0909
424	37.1202
425	37.1202
426	37.1202
427	37.1237
428	37.1237
429	37.1213
430	37.1213
431	37.116
432	37.0368
433	36.9907
434	36.9821
435	36.9195
436	36.8361
437	36.7564
438	36.739
439	36.7286
440	36.7286
441	36.6927
442	36.6454
443	36.619
444	36.619
445	36.5958
446	36.5894
447	36.5565
448	36.4883
449	36.4709
450	36.4471
451	36.4471
452	36.4471
453	36.4471
454	36.5104
455	36.5104
456	36.5615
457	36.5798
458	36.5798
459	36.6533
460	36.6533
461	36.6575
462	36.6575
463	36.6575
464	36.6575
465	36.6619
466	36.6727
467	36.7234
468	36.7452
469	36.7531
470	36.8307
471	36.8913
472	36.9878
473	37.0131
474	37.0131
475	37.0131
476	37.0159
477	37.0168
478	37.0223
479	37.0223
480	37.022
481	37.022
482	37.022
483	37.022
484	37.022
485	37.022
486	37.022
487	37.022
488	37.022
489	37.022
490	37.022
491	37.022
492	37.022
493	37.022
494	37.022
495	37.022
496	37.022
497	37.022
498	37.022
499	37.022
500	37.022
501	37.022
502	37.022
503	37.022
504	37.022
505	37.022
506	37.022
507	37.022
508	37.022
509	37.022
510	37.022
511	37.022
512	37.022
513	37.022
514	37.022
515	37.022
516	37.022
517	37.022
518	37.022
519	37.022
520	37.022
521	37.022
522	37.022
523	37.022
524	37.022
525	37.022
526	37.022
527	37.022
528	37.022
529	37.022
530	37.022
531	37.022
532	37.022
533	37.022
534	37.022
535	37.022
536	37.022
537	37.022
538	37.022
539	37.022
540	37.022
541	37.022
542	37.022
543	37.022
544	37.022
545	37.022
546	37.022
547	37.022
548	37.022
549	37.022
550	37.022
551	37.022
552	37.022
553	37.022
554	37.022
555	37.022
556	37.022
557	37.022
558	37.022
559	37.022
560	37.022
561	37.022
562	37.022
563	37.022
564	37.022
565	37.022
566	37.022
567	37.022
568	37.022
569	37.022
570	37.022
571	37.022
572	37.022
573	37.022
574	37.022
575	37.022
576	37.022
577	37.022
578	37.022
579	37.022
580	37.022
581	37.022
582	37.022
583	37.022
584	37.022
585	37.022
586	37.022
587	37.022
588	37.022
589	37.022
590	37.022
591	37.022
592	37.022
593	37.022
594	37.022
595	37.022
596	37.022
597	37.022
598	37.022
599	37.022
600	37.022
601	37.022
602	37.022
603	37.022
604	37.022
605	37.022
606	37.022
607	37.022
608	37.022
609	37.022
610	37.022
611	37.022
612	37.022
613	37.022
614	37.022
615	37.022
616	37.022
617	37.022
618	37.022
619	37.022
620	37.022
621	37.022
622	37.022
623	37.022
624	37.022
625	37.022
626	37.022
627	37.022
628	37.022
629	37.022
630	37.022
631	37.022
632	37.022
633	37.022
634	37.022
635	37.022
636	37.022
637	37.022
638	37.022
639	37.022
640	37.022
641	37.022
642	37.022
643	37.022
644	37.022
645	37.022
646	37.022
647	37.022
648	37.022
649	37.022
650	37.022
651	37.022
652	37.022
653	37.022
654	37.022
655	37.022
656	37.022
657	37.022
658	37.022
659	37.022
660	37.022
661	37.022
662	37.022
663	37.022
664	37.022
665	37.022
666	37.022
667	37.022
668	37.022
669	37.022
670	37.022
671	37.022
672	37.022
673	37.022
674	37.022
675	37.022
676	37.022
677	37.022
678	37.022
679	37.022
680	37.022
681	37.022
682	37.022
683	37.022
684	37.022
685	37.022
686	37.022
687	37.022
688	37.022
689	37.022
690	37.022
691	37.022
692	37.022
693	37.022
694	37.022
695	37.022
696	37.022
697	37.022
698	37.022
699	37.022
700	37.022
701	37.022
702	37.022
703	37.022
704	37.022
705	37.022
706	37.022
707	37.022
708	37.022
709	37.022
710	37.022
711	37.022
712	37.022
713	37.022
714	37.022
715	37.022
716	37.022
717	37.022
718	37.022
719	37.022
720	37.022
721	37.022
722	37.022
723	37.022
724	37.022
725	37.022
726	37.022
727	37.022
728	37.022
729	37.022
730	37.022
731	37.022
732	37.022
733	37.022
734	37.022
735	37.022
736	37.022
737	37.022
738	37.022
739	37.022
740	37.022
741	37.022
742	37.022
743	37.022
744	37.022
745	37.022
746	37.022
747	37.022
748	37.022
749	37.022
750	37.022
751	37.022
752	37.022
753	37.022
754	37.022
755	36.5942
