Ne averages over 40 independent estimates.
Generation	Geometric_mean
1	33.7419
2	33.7419
3	33.7419
4	33.7419
5	39.2888
6	28.6519
7	33.5757
8	32.8478
9	39.6186
10	142.747
11	172.837
12	205.433
13	388.802
14	451.423
15	521.274
16	523.395
17	604.09
18	731.228
19	767.567
20	769.626
21	938.078
22	971.696
23	951.468
24	1018.09
25	1030.49
26	1039.74
27	1163.78
28	1178.81
29	1180.66
30	1176.86
31	1200.28
32	1225.17
33	1233.85
34	1251.92
35	1266.21
36	1252.64
37	1230.69
38	1227.2
39	1213.96
40	1224.95
41	1212.92
42	1180.63
43	1158.74
44	1167.56
45	1153.36
46	1190.12
47	1186.61
48	1186.41
49	1190.8
50	1197.16
51	1086.56
52	990.009
53	975.835
54	944.574
55	909.427
56	880.361
57	844.793
58	789.419
59	798.112
60	791.65
61	770.544
62	675.79
63	671.291
64	681.624
65	684.968
66	618.47
67	577.683
68	512.771
69	465.078
70	467.68
71	436.919
72	426.819
73	474.034
74	545.403
75	531.396
76	525.857
77	533.326
78	545.032
79	556.481
80	611.848
81	619.504
82	671.508
83	705.182
84	766.981
85	886.061
86	923.108
87	937.789
88	979.437
89	998.072
90	1006.08
91	1011
92	1003.26
93	980.995
94	969.804
95	963.375
96	948.607
97	957.963
98	962.312
99	958.259
100	960.898
101	959.351
102	946.992
103	937.008
104	936.349
105	901.986
106	888.312
107	882.818
108	874.516
109	865.182
110	858.295
111	852.711
112	862.706
113	862.492
114	853.851
115	848.65
116	837.688
117	817.87
118	797.703
119	764.449
120	750.751
121	719.408
122	694.322
123	664.464
124	648.94
125	632.361
126	616.001
127	605.091
128	578.718
129	537.606
130	508.27
131	472.579
132	461.64
133	434.33
134	415.53
135	413.783
136	399.855
137	392.969
138	380.975
139	365.776
140	358.116
141	355.783
142	350.955
143	352.879
144	348.971
145	348.149
146	346.874
147	343.396
148	340.153
149	341.141
150	343.879
151	341.041
152	335.1
153	331.872
154	326.315
155	320.845
156	317.712
157	308.78
158	299.388
159	293.96
160	286.128
161	280.583
162	275.466
163	259.433
164	257.885
165	248.561
166	228.427
167	217.226
168	210.913
169	211.608
170	210.973
171	209.838
172	207.507
173	200.137
174	195.146
175	190.581
176	186.277
177	174.177
178	163.144
179	149.288
180	130.161
181	125.061
182	109.94
183	102.383
184	95.6532
185	79.377
186	70.4788
187	64.0543
188	60.6499
189	56.1422
190	54.0773
191	50.5266
192	46.3373
193	44.0555
194	40.5113
195	37.4214
196	37.1559
197	36.9169
198	35.6518
199	35.1101
200	34.2113
201	33.428
202	32.6651
203	32.5771
204	32.5708
205	32.8614
206	32.3324
207	30.3274
208	28.8131
209	27.8825
210	27.8186
211	27.8378
212	27.5715
213	27.5946
214	27.5086
215	27.4274
216	27.4822
217	27.3851
218	27.3204
219	27.1783
220	26.9635
221	26.6154
222	26.259
223	25.9425
224	25.5463
225	25.4981
226	25.6173
227	25.6747
228	25.5677
229	25.3557
230	25.1103
231	24.9653
232	24.9415
233	24.9832
234	25.1493
235	25.3629
236	25.5072
237	25.5893
238	25.6829
239	25.4502
240	25.5025
241	25.4911
242	25.5162
243	25.7182
244	25.7499
245	25.6876
246	25.5066
247	25.519
248	25.4999
249	25.5138
250	25.5204
251	25.6115
252	25.7032
253	25.685
254	25.7541
255	25.7877
256	25.7841
257	25.7904
258	25.781
259	25.7541
260	25.7424
261	25.7342
262	25.7485
263	25.7778
264	25.7796
265	25.7732
266	25.7604
267	25.7176
268	25.6718
269	25.6416
270	25.6153
271	25.5948
272	25.6069
273	25.6156
274	25.6156
275	25.6177
276	25.6179
277	25.6179
278	25.6629
279	25.7739
280	25.8927
281	25.9799
282	26.0035
283	26.0937
284	26.1511
285	26.1847
286	26.1854
287	26.1611
288	26.1499
289	26.139
290	26.1528
291	26.1551
292	26.1581
293	26.16
294	26.1607
295	26.1796
296	26.194
297	26.1893
298	26.1879
299	26.1963
300	26.1758
301	26.168
302	26.1734
303	26.1577
304	26.1559
305	26.1636
306	26.1589
307	26.1671
308	26.1406
309	26.1257
310	26.0863
311	26.0581
312	26.053
313	26.0626
314	26.0441
315	26.0441
316	26.0441
317	26.1103
318	26.1405
319	26.2318
320	26.4437
321	26.4437
322	26.4158
323	26.3773
324	26.3166
325	26.2945
326	26.2737
327	26.2328
328	26.1688
329	26.1308
330	26.1047
331	26.1216
332	26.126
333	26.1345
334	26.1527
335	26.1514
336	26.1758
337	26.1834
338	26.1355
339	26.2336
340	26.3823
341	26.4195
342	26.5189
343	26.5591
344	26.6045
345	26.6045
346	26.6045
347	26.6045
348	26.6045
349	26.6053
350	26.6089
351	26.6089
352	26.6089
353	26.6089
354	26.6089
355	26.6089
356	26.6089
357	26.6062
358	26.6062
359	26.6062
360	26.6062
361	26.6404
362	26.6404
363	26.6404
364	26.6493
365	26.6542
366	26.6527
367	26.6484
368	26.6083
369	26.6372
370	26.5936
371	26.5472
372	26.5002
373	26.4671
374	26.486
375	26.486
376	26.486
377	26.5091
378	26.5298
379	26.5356
380	26.5292
381	26.5292
382	26.5292
383	26.5292
384	26.5384
385	26.5526
386	26.5676
387	26.5676
388	26.58
389	26.578
390	26.578
391	26.5816
392	26.5552
393	26.5521
394	26.5397
395	26.5193
396	26.5089
397	26.5093
398	26.4615
399	26.4622
400	26.4647
401	26.472
402	26.4751
403	26.4751
404	26.471
405	26.471
406	26.4771
407	26.5078
408	26.5078
409	26.5118
410	26.5113
411	26.5053
412	26.5063
413	26.5063
414	26.4963
415	26.4833
416	26.4741
417	26.4752
418	26.462
419	26.462
420	26.4675
421	26.4563
422	26.4563
423	26.4563
424	26.4517
425	26.4517
426	26.4517
427	26.4517
428	26.4517
429	26.4517
430	26.4517
431	26.4579
432	26.4688
433	26.4688
434	26.4687
435	26.4687
436	26.4694
437	26.4694
438	26.4445
439	26.4445
440	26.4305
441	26.4363
442	26.4349
443	26.4368
444	26.4368
445	26.4368
446	26.4368
447	26.4368
448	26.4368
449	26.4368
450	26.4368
451	26.427
452	26.4196
453	26.2684
454	26.2178
455	26.0231
456	25.9689
457	25.9289
458	25.9213
459	25.9156
460	25.9187
461	25.8965
462	25.8876
463	25.9105
464	25.8942
465	25.9016
466	25.9229
467	25.9229
468	25.9146
469	25.9345
470	25.9464
471	26.0197
472	26.0646
473	26.0718
474	26.049
475	26.049
476	26.0145
477	26.0033
478	25.9736
479	25.9352
480	25.9281
481	25.9255
482	25.9255
483	25.9255
484	25.9255
485	25.9092
486	25.9094
487	25.9153
488	25.9153
489	25.9153
490	25.9153
491	25.9153
492	25.9153
493	25.9153
494	25.9153
495	25.9153
496	25.9153
497	25.9153
498	25.9153
499	25.9153
500	25.9153
501	25.9153
502	25.9153
503	25.9153
504	25.9153
505	25.9153
506	25.9153
507	25.9153
508	25.9153
509	25.9153
510	25.9153
511	25.9153
512	25.9153
513	25.9153
514	25.9153
515	25.9153
516	25.9153
517	25.9153
518	25.9153
519	25.9153
520	25.9153
521	25.9153
522	25.9153
523	25.9153
524	25.9153
525	25.9153
526	25.9153
527	25.9153
528	25.9153
529	25.9153
530	25.9153
531	25.9153
532	25.9153
533	25.9153
534	25.9153
535	25.9153
536	25.9153
537	25.9153
538	25.9153
539	25.9153
540	25.9153
541	25.9153
542	25.9153
543	25.9153
544	25.9153
545	25.9153
546	25.9153
547	25.9153
548	25.9153
549	25.9153
550	25.9153
551	25.9153
552	25.9153
553	25.9153
554	25.9153
555	25.9153
556	25.9153
557	25.9153
558	25.9153
559	25.9153
560	25.9153
561	25.9153
562	25.9153
563	25.9153
564	25.9153
565	25.9153
566	25.9153
567	25.9153
568	25.9153
569	25.9153
570	25.9153
571	25.9153
572	25.9153
573	25.9153
574	25.9153
575	25.9153
576	25.9153
577	25.9153
578	25.9153
579	25.9153
580	25.9153
581	25.9153
582	25.9153
583	25.9153
584	25.9153
585	25.9153
586	25.9153
587	25.9153
588	25.9153
589	25.9153
590	25.9153
591	25.9153
592	25.9153
593	25.9153
594	25.9153
595	25.9153
596	25.9153
597	25.9153
598	25.9153
599	25.9153
600	25.9153
601	25.9153
602	25.9153
603	25.9153
604	25.9153
605	25.9153
606	25.9153
607	25.9153
608	25.9153
609	25.9153
610	25.9153
611	25.9153
612	25.9153
613	25.9153
614	25.9153
615	25.9153
616	25.9153
617	25.9153
618	25.9153
619	25.9153
620	25.9153
621	25.9153
622	25.9153
623	25.9153
624	25.9153
625	25.9153
626	25.9153
627	25.9153
628	25.9153
629	25.9153
630	25.9153
631	25.9153
632	25.9153
633	25.9153
634	25.9153
635	25.9153
636	25.9153
637	25.9153
638	25.9153
639	25.9153
640	25.9153
641	25.9153
642	25.9153
643	25.9153
644	25.9153
645	25.9153
646	25.9153
647	25.9153
648	25.9153
649	25.9153
650	25.9153
651	25.9153
652	25.9153
653	25.9153
654	25.9153
655	25.9153
656	25.9153
657	25.9153
658	25.9153
659	25.9153
660	25.9153
661	25.9153
662	25.9153
663	25.9153
664	25.9153
665	25.9153
666	25.9153
667	25.9153
668	25.9153
669	25.9153
670	25.9153
671	25.9153
672	25.9153
673	25.9153
674	25.9153
675	25.9153
676	25.9153
677	25.9153
678	25.9153
679	25.9153
680	25.9153
681	25.9153
682	25.9153
683	25.9153
684	25.9153
685	25.9153
686	25.9153
687	25.9153
688	25.9153
689	25.9153
690	25.9153
691	25.9153
692	25.9153
693	25.9153
694	25.9153
695	25.9153
696	25.9153
697	25.9153
698	25.9153
699	25.9153
700	25.9153
701	25.9153
702	25.9153
703	25.9153
704	25.9153
705	25.9153
706	25.9153
707	25.9153
708	25.9153
709	25.9153
710	25.9153
711	25.9153
712	25.9153
713	25.9153
714	25.9153
715	25.9153
716	25.9153
717	25.9153
718	25.9153
719	25.9153
720	25.9153
721	25.9153
722	25.9153
723	25.9153
724	25.9153
725	25.9153
726	25.9153
727	25.9153
728	25.9153
729	25.9153
730	25.9153
731	25.9153
732	25.9153
733	25.9153
734	25.9153
735	25.9153
736	25.9153
737	25.9153
738	25.9153
739	25.9153
740	25.9153
741	25.9153
742	25.9153
743	25.9153
744	25.9153
745	25.9153
746	25.9153
747	25.9153
748	25.9153
749	25.9153
750	25.9153
751	25.9153
752	25.9153
753	25.9153
754	25.9153
755	25.805
