Ne averages over 40 independent estimates.
Generation	Geometric_mean
1	26.8358
2	26.8358
3	26.8358
4	26.8358
5	31.7306
6	28.8979
7	32.5557
8	34.3784
9	47.2279
10	91.7931
11	165.387
12	286.735
13	340.335
14	412.686
15	463.34
16	518.986
17	537.264
18	570.893
19	624.727
20	664.177
21	692.126
22	817.944
23	978.992
24	1057.4
25	1093.73
26	1124.99
27	1143.45
28	1159.01
29	1168.52
30	1202.22
31	1253.12
32	1337.95
33	1361.72
34	1378.61
35	1382.39
36	1392.7
37	1390.03
38	1378.29
39	1352.71
40	1333.55
41	1331.21
42	1328.45
43	1313.05
44	1307.18
45	1327.51
46	1341.13
47	1335.62
48	1325.13
49	1379.25
50	1419.29
51	1439.73
52	1463.76
53	1495.91
54	1489.91
55	1434.7
56	1421.25
57	1381.42
58	1344.36
59	1228.86
60	1211.7
61	1073.06
62	1037.14
63	1020.31
64	1024.11
65	1029.34
66	964.828
67	902.746
68	883.474
69	895.359
70	763.135
71	764.308
72	751.472
73	727.764
74	675.095
75	621.137
76	626.73
77	573.305
78	543.578
79	576.607
80	561.726
81	538.685
82	547.575
83	517.082
84	545.484
85	614.577
86	636.699
87	695.777
88	732.007
89	836.214
90	840.844
91	847.393
92	886.87
93	886.941
94	882.91
95	970.228
96	976.089
97	1027.63
98	1041.16
99	1022.28
100	1002.69
101	977.477
102	965.227
103	963.039
104	959.867
105	953.705
106	952.31
107	938.079
108	921.373
109	923.747
110	914.901
111	903.699
112	851.656
113	808.504
114	753.312
115	734.049
116	721.933
117	699.547
118	671.623
119	649.029
120	622.348
121	621.78
122	634.866
123	639.098
124	644.289
125	639.452
126	581.79
127	577.399
128	561.013
129	558.204
130	548.582
131	533.751
132	517.819
133	504.838
134	487.788
135	475.176
136	471.339
137	471.834
138	466.863
139	458.954
140	455.702
141	449.224
142	440.606
143	437.67
144	437.503
145	435.297
146	433.603
147	421.471
148	417.117
149	413.851
150	409.725
151	400.807
152	386.144
153	376.968
154	368.412
155	361.173
156	353.709
157	339.236
158	324.248
159	304.671
160	291.797
161	282.61
162	267.36
163	264.523
164	261.998
165	260.308
166	251.31
167	235.928
168	228.684
169	218.03
170	210.547
171	202.738
172	193.236
173	181.406
174	171.637
175	156.668
176	149.978
177	148.85
178	139.832
179	133.893
180	128.526
181	124.725
182	119.12
183	114.567
184	109.392
185	102.737
186	100.131
187	91.8477
188	83.9547
189	79.4991
190	76.7069
191	71.5721
192	65.4424
193	64.8253
194	63.2498
195	61.6912
196	57.3818
197	49.6552
198	45.691
199	39.3623
200	32.9959
201	31.461
202	29.11
203	28.599
204	27.3748
205	26.3353
206	26.1058
207	25.6739
208	25.0463
209	24.4349
210	22.4069
211	22.1433
212	22.5787
213	22.9502
214	23.1387
215	23.6526
216	23.9992
217	24.2677
218	24.5122
219	24.6851
220	24.7574
221	24.785
222	24.4584
223	24.4344
224	24.2992
225	24.4369
226	24.5653
227	24.4976
228	24.3
229	24.2532
230	24.0209
231	24.0306
232	23.818
233	24.0936
234	24.0796
235	24.0354
236	24.0896
237	24.2361
238	24.2985
239	24.3334
240	24.495
241	24.6321
242	25.08
243	25.2217
244	25.263
245	25.3303
246	25.4728
247	25.5942
248	25.6689
249	25.6689
250	25.6693
251	25.6788
252	25.5758
253	25.5094
254	25.4672
255	25.4672
256	25.4453
257	25.4532
258	25.4474
259	25.4474
260	25.4811
261	25.5007
262	25.5049
263	25.5049
264	25.5305
265	25.5864
266	25.5921
267	25.6072
268	25.6807
269	25.6691
270	25.6774
271	25.6304
272	25.6528
273	25.705
274	25.7055
275	25.6325
276	25.6076
277	25.5587
278	25.5128
279	25.4668
280	25.418
281	25.4022
282	25.3605
283	25.3359
284	25.3395
285	25.3278
286	25.3033
287	25.3033
288	25.3033
289	25.2998
290	25.2909
291	25.2865
292	25.2816
293	25.2982
294	25.2978
295	25.2878
296	25.2786
297	25.2889
298	25.273
299	25.2971
300	25.2984
301	25.3277
302	25.3162
303	25.2959
304	25.2963
305	25.3091
306	25.3164
307	25.3164
308	25.33
309	25.3274
310	25.3577
311	25.3655
312	25.3696
313	25.342
314	25.351
315	25.3544
316	25.3189
317	25.3089
318	25.2604
319	25.2411
320	25.2364
321	25.2115
322	25.2081
323	25.1849
324	25.1594
325	25.1307
326	25.0345
327	25.0099
328	24.9089
329	24.7907
330	24.6147
331	24.479
332	24.3205
333	24.2081
334	24.136
335	24.0819
336	24.1018
337	24.0988
338	24.1228
339	24.1329
340	24.1115
341	24.0957
342	24.0945
343	24.0899
344	24.179
345	24.1151
346	24.1865
347	24.2118
348	24.2701
349	24.2363
350	24.1921
351	24.164
352	24.164
353	24.1268
354	24.1281
355	24.0523
356	24.0199
357	23.9972
358	23.9951
359	23.9937
360	23.9935
361	23.9937
362	23.9805
363	23.9108
364	24.0055
365	24.0886
366	24.1269
367	24.1339
368	24.1343
369	24.116
370	24.0392
371	24.1169
372	24.097
373	24.0666
374	24.0984
375	24.1265
376	24.1129
377	24.1094
378	24.1264
379	24.1631
380	24.2277
381	24.2508
382	24.2816
383	24.281
384	24.2749
385	24.2604
386	24.2658
387	24.2711
388	24.2711
389	24.2605
390	24.2618
391	24.2462
392	24.2398
393	24.2375
394	24.2539
395	24.2479
396	24.2479
397	24.2374
398	24.2414
399	24.2421
400	24.2452
401	24.2358
402	24.2259
403	24.2198
404	24.2198
405	24.2198
406	24.2253
407	24.2175
408	24.1853
409	24.1853
410	24.1532
411	24.1532
412	24.133
413	24.131
414	24.1308
415	24.1307
416	24.1307
417	24.1076
418	24.0517
419	24.0043
420	23.9471
421	23.9435
422	23.9211
423	23.9137
424	23.9263
425	23.9207
426	23.9128
427	23.8992
428	23.8797
429	23.7513
430	23.6114
431	23.5138
432	23.4804
433	23.4389
434	23.4193
435	23.4198
436	23.3241
437	23.3046
438	23.2987
439	23.3295
440	23.3621
441	23.501
442	23.5707
443	23.5707
444	23.5642
445	23.5991
446	23.6018
447	23.6031
448	23.6068
449	23.6137
450	23.6177
451	23.6236
452	23.6051
453	23.6318
454	23.6019
455	23.6184
456	23.6731
457	23.7102
458	23.7525
459	23.7525
460	23.7525
461	23.7525
462	23.7525
463	23.7525
464	23.7538
465	23.7538
466	23.7337
467	23.7062
468	23.6755
469	23.6386
470	23.62
471	23.62
472	23.6174
473	23.6174
474	23.6174
475	23.6174
476	23.615
477	23.615
478	23.6129
479	23.6129
480	23.6129
481	23.6129
482	23.6129
483	23.6129
484	23.6129
485	23.6129
486	23.6129
487	23.6129
488	23.6129
489	23.6129
490	23.6129
491	23.6129
492	23.6129
493	23.6129
494	23.6129
495	23.6129
496	23.6129
497	23.6129
498	23.6129
499	23.6129
500	23.6129
501	23.6129
502	23.6129
503	23.6129
504	23.6129
505	23.6129
506	23.6129
507	23.6129
508	23.6129
509	23.6129
510	23.6129
511	23.6129
512	23.6129
513	23.6129
514	23.6129
515	23.6129
516	23.6129
517	23.6129
518	23.6129
519	23.6129
520	23.6129
521	23.6129
522	23.6129
523	23.6129
524	23.6129
525	23.6129
526	23.6129
527	23.6129
528	23.6129
529	23.6129
530	23.6129
531	23.6129
532	23.6129
533	23.6129
534	23.6129
535	23.6129
536	23.6129
537	23.6129
538	23.6129
539	23.6129
540	23.6129
541	23.6129
542	23.6129
543	23.6129
544	23.6129
545	23.6129
546	23.6129
547	23.6129
548	23.6129
549	23.6129
550	23.6129
551	23.6129
552	23.6129
553	23.6129
554	23.6129
555	23.6129
556	23.6129
557	23.6129
558	23.6129
559	23.6129
560	23.6129
561	23.6129
562	23.6129
563	23.6129
564	23.6129
565	23.6129
566	23.6129
567	23.6129
568	23.6129
569	23.6129
570	23.6129
571	23.6129
572	23.6129
573	23.6129
574	23.6129
575	23.6129
576	23.6129
577	23.6129
578	23.6129
579	23.6129
580	23.6129
581	23.6129
582	23.6129
583	23.6129
584	23.6129
585	23.6129
586	23.6129
587	23.6129
588	23.6129
589	23.6129
590	23.6129
591	23.6129
592	23.6129
593	23.6129
594	23.6129
595	23.6129
596	23.6129
597	23.6129
598	23.6129
599	23.6129
600	23.6129
601	23.6129
602	23.6129
603	23.6129
604	23.6129
605	23.6129
606	23.6129
607	23.6129
608	23.6129
609	23.6129
610	23.6129
611	23.6129
612	23.6129
613	23.6129
614	23.6129
615	23.6129
616	23.6129
617	23.6129
618	23.6129
619	23.6129
620	23.6129
621	23.6129
622	23.6129
623	23.6129
624	23.6129
625	23.6129
626	23.6129
627	23.6129
628	23.6129
629	23.6129
630	23.6129
631	23.6129
632	23.6129
633	23.6129
634	23.6129
635	23.6129
636	23.6129
637	23.6129
638	23.6129
639	23.6129
640	23.6129
641	23.6129
642	23.6129
643	23.6129
644	23.6129
645	23.6129
646	23.6129
647	23.6129
648	23.6129
649	23.6129
650	23.6129
651	23.6129
652	23.6129
653	23.6129
654	23.6129
655	23.6129
656	23.6129
657	23.6129
658	23.6129
659	23.6129
660	23.6129
661	23.6129
662	23.6129
663	23.6129
664	23.6129
665	23.6129
666	23.6129
667	23.6129
668	23.6129
669	23.6129
670	23.6129
671	23.6129
672	23.6129
673	23.6129
674	23.6129
675	23.6129
676	23.6129
677	23.6129
678	23.6129
679	23.6129
680	23.6129
681	23.6129
682	23.6129
683	23.6129
684	23.6129
685	23.6129
686	23.6129
687	23.6129
688	23.6129
689	23.6129
690	23.6129
691	23.6129
692	23.6129
693	23.6129
694	23.6129
695	23.6129
696	23.6129
697	23.6129
698	23.6129
699	23.6129
700	23.6129
701	23.6129
702	23.6129
703	23.6129
704	23.6129
705	23.6129
706	23.6129
707	23.6129
708	23.6129
709	23.6129
710	23.6129
711	23.6129
712	23.6129
713	23.6129
714	23.6129
715	23.6129
716	23.6129
717	23.6129
718	23.6129
719	23.6129
720	23.6129
721	23.6129
722	23.6129
723	23.6129
724	23.6129
725	23.6129
726	23.6129
727	23.6129
728	23.6129
729	23.6129
730	23.6129
731	23.6129
732	23.6129
733	23.6129
734	23.6129
735	23.6129
736	23.6129
737	23.6129
738	23.6129
739	23.6129
740	23.6129
741	23.6129
742	23.6129
743	23.6129
744	23.6129
745	23.6129
746	23.6129
747	23.6129
748	23.6129
749	23.6129
750	23.6129
751	23.6129
752	23.6129
753	23.6129
754	23.6129
755	23.8738
