Ne averages over 40 independent estimates.
Generation	Geometric_mean
1	24.6104
2	24.6104
3	24.6104
4	24.6104
5	27.3548
6	26.046
7	39.4532
8	54.314
9	75.7279
10	133.707
11	231.13
12	289.991
13	304.959
14	304.154
15	323.764
16	361.294
17	390.36
18	398.528
19	478.941
20	548.944
21	569.933
22	587.026
23	635.653
24	682.83
25	761.489
26	809.938
27	847.179
28	979.869
29	993.801
30	988.237
31	978.957
32	986.204
33	985.327
34	970.377
35	969.377
36	957.5
37	940.67
38	942.012
39	933.902
40	939.76
41	952.7
42	970.808
43	988.785
44	990.73
45	994.203
46	981.083
47	970.046
48	946.656
49	932.187
50	920.136
51	928.933
52	914.803
53	915.544
54	903.616
55	907.298
56	828.382
57	799.001
58	678.463
59	670.096
60	663.206
61	652.726
62	628.638
63	612.624
64	662.156
65	596.339
66	616.556
67	623.981
68	613.846
69	553.309
70	469.932
71	398.011
72	382.688
73	391.777
74	312.188
75	281.137
76	258.171
77	208.377
78	205.352
79	223.044
80	231.133
81	236.779
82	238.965
83	237.774
84	240.45
85	274.461
86	295.394
87	325.08
88	326.028
89	361.918
90	426.651
91	465.6
92	532.247
93	543.031
94	557.036
95	578.664
96	589.85
97	609.509
98	618.557
99	641.882
100	641.817
101	638.093
102	627.912
103	627.538
104	632.213
105	636.076
106	633.469
107	625.994
108	624.1
109	625.368
110	624.707
111	607.854
112	600.098
113	570.19
114	553.337
115	537.902
116	525.732
117	494.207
118	452.956
119	435.926
120	425.579
121	406.715
122	393.77
123	386.589
124	376.25
125	363.157
126	347.702
127	330.59
128	311.113
129	296.894
130	292.556
131	284.417
132	283.289
133	275.34
134	264.566
135	263.409
136	261.123
137	262.956
138	263.665
139	263.19
140	260.466
141	261.355
142	261.348
143	259.238
144	258.802
145	260.249
146	260.751
147	262.203
148	266.301
149	269.004
150	268.343
151	267.224
152	265.348
153	257.439
154	245.669
155	229.294
156	225.135
157	222.664
158	219.772
159	217.441
160	217.737
161	214.256
162	209.374
163	209.646
164	203.761
165	201.129
166	195.11
167	187.945
168	180.789
169	160.682
170	142.648
171	136.173
172	130.583
173	121.921
174	118.481
175	106.971
176	97.8705
177	90.2629
178	80.9143
179	77.0175
180	74.6894
181	74.2315
182	74.067
183	73.0109
184	72.7103
185	68.3473
186	64.8511
187	62.986
188	59.8505
189	58.4
190	56.7746
191	55.9881
192	52.7276
193	48.9359
194	47.9143
195	46.6147
196	45.6662
197	43.7153
198	43.1557
199	42.8672
200	42.5285
201	41.5975
202	41.6505
203	41.6778
204	41.0692
205	40.4727
206	38.505
207	37.4687
208	37.4777
209	37.4901
210	37.4387
211	37.1599
212	36.2017
213	35.4016
214	34.1129
215	33.9193
216	33.4828
217	33.472
218	33.8084
219	34.0495
220	34.1433
221	34.305
222	34.1963
223	34.6018
224	35.0928
225	35.2798
226	35.4675
227	35.4675
228	35.8701
229	35.8785
230	36.3201
231	36.4576
232	36.3994
233	36.507
234	36.6673
235	36.7106
236	36.746
237	36.9242
238	37.1228
239	37.1157
240	37.0705
241	37.1733
242	37.4418
243	37.4442
244	37.5157
245	37.4679
246	37.3855
247	37.3476
248	37.2514
249	37.112
250	37.0769
251	37.0743
252	37.0658
253	37.0658
254	37.0636
255	37.0482
256	36.9809
257	37.0684
258	37.2131
259	37.3
260	37.41
261	37.6455
262	37.8696
263	37.9247
264	37.9886
265	38.0436
266	38.0787
267	38.0619
268	38.0721
269	38.0721
270	38.0588
271	38.0487
272	38.0487
273	38.0513
274	38.0484
275	38.0644
276	38.0102
277	38.0301
278	38.0163
279	37.8722
280	37.8124
281	37.7601
282	37.816
283	37.9076
284	37.9498
285	37.996
286	37.9715
287	38.1558
288	38.4076
289	38.3935
290	38.4166
291	38.3072
292	38.179
293	38.2401
294	38.2867
295	38.3305
296	38.3305
297	38.339
298	38.5501
299	38.7067
300	38.7106
301	38.7106
302	38.7095
303	38.7095
304	38.7095
305	38.7095
306	38.7095
307	38.7095
308	38.7179
309	38.726
310	38.726
311	38.717
312	38.6916
313	38.6916
314	38.6916
315	38.6916
316	38.6916
317	38.6916
318	38.6916
319	38.6916
320	38.6916
321	38.6916
322	38.7458
323	38.7451
324	38.7749
325	38.7997
326	38.8075
327	38.8017
328	38.8646
329	38.9019
330	38.9619
331	38.9564
332	38.9965
333	39.0243
334	39.0431
335	39.0369
336	39.0369
337	39.0369
338	39.027
339	39.0611
340	39.0796
341	39.0937
342	39.0909
343	39.0909
344	39.0149
345	39.0149
346	38.8536
347	38.7867
348	38.6597
349	38.6744
350	38.6808
351	38.6808
352	38.6808
353	38.6082
354	38.6027
355	38.6038
356	38.456
357	38.4524
358	38.4524
359	38.4332
360	38.4332
361	38.4393
362	38.4393
363	38.4543
364	38.4404
365	38.4295
366	38.4271
367	38.4405
368	38.4393
369	38.4393
370	38.433
371	38.4513
372	38.4245
373	38.4343
374	38.4343
375	38.4351
376	38.4247
377	38.4621
378	38.4723
379	38.4918
380	38.4918
381	38.5208
382	38.5208
383	38.5208
384	38.5187
385	38.5187
386	38.4831
387	38.3739
388	38.3393
389	38.3035
390	38.3035
391	38.2639
392	38.2639
393	38.2639
394	38.2639
395	38.1924
396	38.243
397	38.2595
398	38.3353
399	38.3336
400	38.3337
401	38.3337
402	38.3712
403	38.3823
404	38.3444
405	38.3296
406	38.3579
407	38.3464
408	38.3361
409	38.3401
410	38.371
411	38.371
412	38.371
413	38.371
414	38.4405
415	38.4405
416	38.4769
417	38.5326
418	38.5601
419	38.5846
420	38.5978
421	38.6282
422	38.6688
423	38.6765
424	38.6765
425	38.6765
426	38.686
427	38.686
428	38.6794
429	38.6805
430	38.6743
431	38.6524
432	38.635
433	38.6221
434	38.5502
435	38.5007
436	38.3505
437	38.2602
438	38.2602
439	38.2197
440	38.1646
441	38.1801
442	38.1746
443	38.1984
444	38.2039
445	38.2103
446	38.2278
447	38.2206
448	38.1529
449	38.1293
450	38.1293
451	38.0822
452	38.0337
453	38.0373
454	38.0392
455	38.0351
456	38.0079
457	37.9342
458	37.9636
459	38.022
460	38.0083
461	38.0137
462	38.0137
463	38.0137
464	38.013
465	38.0187
466	38.0219
467	37.9761
468	37.6852
469	37.745
470	37.5314
471	37.5684
472	37.5684
473	37.5805
474	37.6456
475	37.6728
476	37.7313
477	37.8287
478	37.8657
479	37.9743
480	38.0236
481	38.0781
482	38.1479
483	38.1656
484	38.2149
485	38.2149
486	38.2149
487	38.2149
488	38.2149
489	38.2149
490	38.2149
491	38.2149
492	38.2149
493	38.2149
494	38.2149
495	38.2149
496	38.2149
497	38.2149
498	38.2149
499	38.2149
500	38.2149
501	38.2149
502	38.2149
503	38.2149
504	38.2149
505	38.2149
506	38.2149
507	38.2149
508	38.2149
509	38.2149
510	38.2149
511	38.2149
512	38.2149
513	38.2149
514	38.2149
515	38.2149
516	38.2149
517	38.2149
518	38.2149
519	38.2149
520	38.2149
521	38.2149
522	38.2149
523	38.2149
524	38.2149
525	38.2149
526	38.2149
527	38.2149
528	38.2149
529	38.2149
530	38.2149
531	38.2149
532	38.2149
533	38.2149
534	38.2149
535	38.2149
536	38.2149
537	38.2149
538	38.2149
539	38.2149
540	38.2149
541	38.2149
542	38.2149
543	38.2149
544	38.2149
545	38.2149
546	38.2149
547	38.2149
548	38.2149
549	38.2149
550	38.2149
551	38.2149
552	38.2149
553	38.2149
554	38.2149
555	38.2149
556	38.2149
557	38.2149
558	38.2149
559	38.2149
560	38.2149
561	38.2149
562	38.2149
563	38.2149
564	38.2149
565	38.2149
566	38.2149
567	38.2149
568	38.2149
569	38.2149
570	38.2149
571	38.2149
572	38.2149
573	38.2149
574	38.2149
575	38.2149
576	38.2149
577	38.2149
578	38.2149
579	38.2149
580	38.2149
581	38.2149
582	38.2149
583	38.2149
584	38.2149
585	38.2149
586	38.2149
587	38.2149
588	38.2149
589	38.2149
590	38.2149
591	38.2149
592	38.2149
593	38.2149
594	38.2149
595	38.2149
596	38.2149
597	38.2149
598	38.2149
599	38.2149
600	38.2149
601	38.2149
602	38.2149
603	38.2149
604	38.2149
605	38.2149
606	38.2149
607	38.2149
608	38.2149
609	38.2149
610	38.2149
611	38.2149
612	38.2149
613	38.2149
614	38.2149
615	38.2149
616	38.2149
617	38.2149
618	38.2149
619	38.2149
620	38.2149
621	38.2149
622	38.2149
623	38.2149
624	38.2149
625	38.2149
626	38.2149
627	38.2149
628	38.2149
629	38.2149
630	38.2149
631	38.2149
632	38.2149
633	38.2149
634	38.2149
635	38.2149
636	38.2149
637	38.2149
638	38.2149
639	38.2149
640	38.2149
641	38.2149
642	38.2149
643	38.2149
644	38.2149
645	38.2149
646	38.2149
647	38.2149
648	38.2149
649	38.2149
650	38.2149
651	38.2149
652	38.2149
653	38.2149
654	38.2149
655	38.2149
656	38.2149
657	38.2149
658	38.2149
659	38.2149
660	38.2149
661	38.2149
662	38.2149
663	38.2149
664	38.2149
665	38.2149
666	38.2149
667	38.2149
668	38.2149
669	38.2149
670	38.2149
671	38.2149
672	38.2149
673	38.2149
674	38.2149
675	38.2149
676	38.2149
677	38.2149
678	38.2149
679	38.2149
680	38.2149
681	38.2149
682	38.2149
683	38.2149
684	38.2149
685	38.2149
686	38.2149
687	38.2149
688	38.2149
689	38.2149
690	38.2149
691	38.2149
692	38.2149
693	38.2149
694	38.2149
695	38.2149
696	38.2149
697	38.2149
698	38.2149
699	38.2149
700	38.2149
701	38.2149
702	38.2149
703	38.2149
704	38.2149
705	38.2149
706	38.2149
707	38.2149
708	38.2149
709	38.2149
710	38.2149
711	38.2149
712	38.2149
713	38.2149
714	38.2149
715	38.2149
716	38.2149
717	38.2149
718	38.2149
719	38.2149
720	38.2149
721	38.2149
722	38.2149
723	38.2149
724	38.2149
725	38.2149
726	38.2149
727	38.2149
728	38.2149
729	38.2149
730	38.2149
731	38.2149
732	38.2149
733	38.2149
734	38.2149
735	38.2149
736	38.2149
737	38.2149
738	38.2149
739	38.2149
740	38.2149
741	38.2149
742	38.2149
743	38.2149
744	38.2149
745	38.2149
746	38.2149
747	38.2149
748	38.2149
749	38.2149
750	38.2149
751	38.2149
752	38.2149
753	38.2149
754	38.2149
755	38.0122
