Ne averages over 40 independent estimates.
Generation	Geometric_mean
1	24.6438
2	24.6438
3	24.6438
4	24.6438
5	31.3707
6	33.6081
7	37.3341
8	45.6888
9	50.7767
10	64.7165
11	117.631
12	243.202
13	303.869
14	312.516
15	380.179
16	370.228
17	420.671
18	490.137
19	553.006
20	647.309
21	683.586
22	708.916
23	822.337
24	850.233
25	843.101
26	862.14
27	932.9
28	973.648
29	1057.89
30	1120.78
31	1157.42
32	1294.75
33	1349.35
34	1375.1
35	1385.42
36	1369.26
37	1375.42
38	1350.91
39	1346.73
40	1333.38
41	1314.34
42	1314.18
43	1320.96
44	1308.77
45	1318.32
46	1314.64
47	1302.4
48	1309.15
49	1296.77
50	1297.09
51	1209.13
52	1197.41
53	1185.84
54	1164.04
55	1154.31
56	1122.6
57	1100.71
58	1063.97
59	1075.47
60	1015.01
61	999.622
62	984.474
63	986.532
64	913.262
65	925.401
66	916.185
67	893.001
68	802.06
69	681.256
70	562.018
71	541.943
72	525.837
73	501.206
74	463.751
75	418.953
76	405.197
77	415.393
78	420.689
79	421.644
80	480.141
81	438.147
82	515.198
83	546.013
84	582.918
85	543.435
86	550.189
87	620.635
88	686.79
89	703.3
90	709.885
91	711.231
92	705.449
93	777.128
94	789.106
95	800.631
96	820.394
97	845.644
98	903.819
99	929.866
100	923.759
101	923.901
102	904.433
103	896.437
104	882.764
105	870.432
106	860.902
107	833.57
108	811.277
109	756.558
110	722.982
111	708.95
112	690.48
113	672.632
114	654.023
115	629.848
116	611.291
117	597.154
118	591.308
119	581.129
120	571.385
121	553.841
122	540.453
123	518.596
124	515.646
125	492.04
126	477.68
127	454.337
128	421.404
129	408.007
130	394.214
131	384.125
132	362.226
133	354.925
134	351.634
135	343.702
136	344.193
137	347.924
138	352.63
139	348.29
140	339.735
141	332.426
142	322.179
143	318.328
144	317.592
145	318.554
146	319.607
147	320.183
148	316.77
149	317.179
150	314.012
151	312.526
152	307.475
153	306.812
154	302.635
155	297.394
156	293.903
157	290.507
158	287.675
159	275.124
160	265.203
161	255.998
162	254.917
163	246.901
164	238.304
165	220.264
166	211.374
167	205.42
168	182.77
169	180.102
170	171.172
171	157.302
172	146.456
173	135.207
174	129.676
175	119.455
176	111.064
177	106.118
178	94.6499
179	90.6665
180	86.7731
181	81.8157
182	77.8452
183	74.3176
184	70.5118
185	65.3823
186	62.9259
187	62.5329
188	62.2947
189	61.3595
190	59.85
191	58.3989
192	56.7284
193	52.0446
194	45.398
195	42.3814
196	41.7356
197	41.0136
198	39.6354
199	38.3167
200	36.4419
201	33.6534
202	31.3238
203	30.3644
204	27.6806
205	26.4712
206	26.4461
207	26.4362
208	26.5364
209	26.657
210	26.6699
211	27.0024
212	27.0235
213	27.184
214	27.222
215	27.3264
216	27.5228
217	27.7221
218	27.7294
219	27.705
220	27.7465
221	28.1239
222	28.3123
223	28.4894
224	28.6814
225	28.9604
226	29.1297
227	29.1206
228	28.9195
229	29.1732
230	29.259
231	29.4385
232	29.3388
233	29.5564
234	29.7236
235	30.0663
236	30.3201
237	30.3281
238	30.3829
239	30.4098
240	30.3137
241	30.3347
242	30.3621
243	30.233
244	30.3188
245	30.1387
246	30.1086
247	30.0289
248	29.9986
249	30.0114
250	30.016
251	29.966
252	29.9047
253	29.6544
254	29.5551
255	29.5077
256	29.4776
257	29.4153
258	29.4198
259	29.4177
260	29.4087
261	29.3816
262	29.4361
263	29.5234
264	29.6176
265	29.6657
266	29.728
267	29.7451
268	29.7417
269	29.7542
270	29.7653
271	29.7062
272	29.6591
273	29.5729
274	29.3251
275	29.2977
276	29.251
277	29.1261
278	28.9483
279	28.9434
280	28.9473
281	28.9691
282	28.964
283	28.9396
284	28.9374
285	28.888
286	28.8956
287	28.9026
288	28.9065
289	28.9065
290	28.9435
291	28.9491
292	28.9755
293	28.98
294	28.9839
295	28.915
296	28.9022
297	28.9204
298	28.8946
299	28.9453
300	28.9237
301	28.918
302	28.9534
303	29.1958
304	29.2998
305	29.3001
306	29.2915
307	29.2848
308	29.2792
309	29.2979
310	29.2788
311	29.3163
312	29.3068
313	29.3194
314	29.3828
315	29.4412
316	29.3703
317	29.2801
318	29.2069
319	29.083
320	28.9564
321	28.9074
322	28.8251
323	28.7946
324	28.7829
325	28.7739
326	28.8037
327	28.8037
328	28.8163
329	28.8291
330	28.8437
331	28.8601
332	28.8589
333	28.8541
334	28.8212
335	28.8197
336	28.8197
337	28.8046
338	28.7756
339	28.6989
340	28.6438
341	28.6053
342	28.5535
343	28.6494
344	28.6822
345	28.7738
346	28.9536
347	29.0228
348	29.0586
349	29.1574
350	29.1451
351	29.1911
352	29.2649
353	29.306
354	29.3043
355	29.4568
356	29.4587
357	29.4673
358	29.4583
359	29.5125
360	29.4956
361	29.4845
362	29.4845
363	29.5211
364	29.5978
365	29.6244
366	29.651
367	29.667
368	29.6641
369	29.6411
370	29.6888
371	29.7889
372	29.8195
373	30.0088
374	30.1038
375	30.222
376	30.2821
377	30.3905
378	30.3933
379	30.3933
380	30.4142
381	30.4142
382	30.4142
383	30.4142
384	30.4142
385	30.4142
386	30.4142
387	30.4276
388	30.4024
389	30.4109
390	30.4257
391	30.4023
392	30.402
393	30.4068
394	30.3947
395	30.3924
396	30.3982
397	30.3956
398	30.3947
399	30.3947
400	30.3947
401	30.3895
402	30.3706
403	30.335
404	30.3085
405	30.3085
406	30.3086
407	30.3086
408	30.2861
409	30.2593
410	30.2593
411	30.2593
412	30.2593
413	30.2593
414	30.2109
415	30.2173
416	30.2253
417	30.2123
418	30.1976
419	30.1868
420	30.1868
421	30.0433
422	29.9985
423	29.9613
424	29.9613
425	29.9332
426	29.928
427	29.9284
428	29.8819
429	29.8656
430	29.8319
431	29.8421
432	29.8263
433	29.8052
434	29.7501
435	29.7283
436	29.7136
437	29.7136
438	29.6955
439	29.6882
440	29.6882
441	29.6765
442	29.6765
443	29.6765
444	29.6806
445	29.7032
446	29.6842
447	29.5896
448	29.6517
449	29.7355
450	29.6719
451	29.8124
452	29.8538
453	29.9235
454	30.0288
455	29.9794
456	30.0307
457	30.1355
458	30.1818
459	30.2817
460	30.3797
461	30.4048
462	30.4266
463	30.4443
464	30.4322
465	30.4145
466	30.4366
467	30.4527
468	30.4927
469	30.5189
470	30.5208
471	30.5208
472	30.5202
473	30.5202
474	30.5202
475	30.5202
476	30.5202
477	30.5202
478	30.5202
479	30.5202
480	30.5202
481	30.5202
482	30.5202
483	30.5202
484	30.5202
485	30.5202
486	30.5202
487	30.5202
488	30.5202
489	30.5202
490	30.5202
491	30.5202
492	30.5202
493	30.5202
494	30.5202
495	30.5202
496	30.5202
497	30.5202
498	30.5202
499	30.5202
500	30.5202
501	30.5202
502	30.5202
503	30.5202
504	30.5202
505	30.5202
506	30.5202
507	30.5202
508	30.5202
509	30.5202
510	30.5202
511	30.5202
512	30.5202
513	30.5202
514	30.5202
515	30.5202
516	30.5202
517	30.5202
518	30.5202
519	30.5202
520	30.5202
521	30.5202
522	30.5202
523	30.5202
524	30.5202
525	30.5202
526	30.5202
527	30.5202
528	30.5202
529	30.5202
530	30.5202
531	30.5202
532	30.5202
533	30.5202
534	30.5202
535	30.5202
536	30.5202
537	30.5202
538	30.5202
539	30.5202
540	30.5202
541	30.5202
542	30.5202
543	30.5202
544	30.5202
545	30.5202
546	30.5202
547	30.5202
548	30.5202
549	30.5202
550	30.5202
551	30.5202
552	30.5202
553	30.5202
554	30.5202
555	30.5202
556	30.5202
557	30.5202
558	30.5202
559	30.5202
560	30.5202
561	30.5202
562	30.5202
563	30.5202
564	30.5202
565	30.5202
566	30.5202
567	30.5202
568	30.5202
569	30.5202
570	30.5202
571	30.5202
572	30.5202
573	30.5202
574	30.5202
575	30.5202
576	30.5202
577	30.5202
578	30.5202
579	30.5202
580	30.5202
581	30.5202
582	30.5202
583	30.5202
584	30.5202
585	30.5202
586	30.5202
587	30.5202
588	30.5202
589	30.5202
590	30.5202
591	30.5202
592	30.5202
593	30.5202
594	30.5202
595	30.5202
596	30.5202
597	30.5202
598	30.5202
599	30.5202
600	30.5202
601	30.5202
602	30.5202
603	30.5202
604	30.5202
605	30.5202
606	30.5202
607	30.5202
608	30.5202
609	30.5202
610	30.5202
611	30.5202
612	30.5202
613	30.5202
614	30.5202
615	30.5202
616	30.5202
617	30.5202
618	30.5202
619	30.5202
620	30.5202
621	30.5202
622	30.5202
623	30.5202
624	30.5202
625	30.5202
626	30.5202
627	30.5202
628	30.5202
629	30.5202
630	30.5202
631	30.5202
632	30.5202
633	30.5202
634	30.5202
635	30.5202
636	30.5202
637	30.5202
638	30.5202
639	30.5202
640	30.5202
641	30.5202
642	30.5202
643	30.5202
644	30.5202
645	30.5202
646	30.5202
647	30.5202
648	30.5202
649	30.5202
650	30.5202
651	30.5202
652	30.5202
653	30.5202
654	30.5202
655	30.5202
656	30.5202
657	30.5202
658	30.5202
659	30.5202
660	30.5202
661	30.5202
662	30.5202
663	30.5202
664	30.5202
665	30.5202
666	30.5202
667	30.5202
668	30.5202
669	30.5202
670	30.5202
671	30.5202
672	30.5202
673	30.5202
674	30.5202
675	30.5202
676	30.5202
677	30.5202
678	30.5202
679	30.5202
680	30.5202
681	30.5202
682	30.5202
683	30.5202
684	30.5202
685	30.5202
686	30.5202
687	30.5202
688	30.5202
689	30.5202
690	30.5202
691	30.5202
692	30.5202
693	30.5202
694	30.5202
695	30.5202
696	30.5202
697	30.5202
698	30.5202
699	30.5202
700	30.5202
701	30.5202
702	30.5202
703	30.5202
704	30.5202
705	30.5202
706	30.5202
707	30.5202
708	30.5202
709	30.5202
710	30.5202
711	30.5202
712	30.5202
713	30.5202
714	30.5202
715	30.5202
716	30.5202
717	30.5202
718	30.5202
719	30.5202
720	30.5202
721	30.5202
722	30.5202
723	30.5202
724	30.5202
725	30.5202
726	30.5202
727	30.5202
728	30.5202
729	30.5202
730	30.5202
731	30.5202
732	30.5202
733	30.5202
734	30.5202
735	30.5202
736	30.5202
737	30.5202
738	30.5202
739	30.5202
740	30.5202
741	30.5202
742	30.5202
743	30.5202
744	30.5202
745	30.5202
746	30.5202
747	30.5202
748	30.5202
749	30.5202
750	30.5202
751	30.5202
752	30.5202
753	30.5202
754	30.5202
755	31.457
