Ne averages over 40 independent estimates.
Generation	Geometric_mean
1	27.5467
2	27.5467
3	27.5467
4	27.5467
5	24.1785
6	23.6435
7	27.3785
8	34.0212
9	86.4594
10	139.909
11	238.017
12	313.606
13	313.009
14	336.899
15	336.75
16	343.38
17	359.643
18	360.554
19	423.261
20	494.552
21	543.891
22	627.464
23	719.413
24	774.534
25	844.878
26	1028.13
27	1144.78
28	1185.21
29	1199.17
30	1211.3
31	1301.25
32	1290.66
33	1306.79
34	1322.27
35	1326.89
36	1351.29
37	1369.5
38	1343.03
39	1356.55
40	1381.02
41	1397.3
42	1423.47
43	1432.76
44	1446.88
45	1466.22
46	1469.29
47	1450.39
48	1443.38
49	1424.42
50	1385.01
51	1367.44
52	1414.88
53	1426.08
54	1413.67
55	1394.53
56	1375.5
57	1352.66
58	1323.96
59	1141.34
60	1131.21
61	1123.01
62	1125.31
63	1117.93
64	1111.49
65	1080.15
66	1061.55
67	965.339
68	936.484
69	853.568
70	806.297
71	750.601
72	731.771
73	738.368
74	634.516
75	687.228
76	683.587
77	618.253
78	659.488
79	694.666
80	696.719
81	701.24
82	738.49
83	742.194
84	753.76
85	750.783
86	862.128
87	819.434
88	926.533
89	1049.59
90	1036.21
91	1026.15
92	1011.85
93	989.882
94	986.454
95	1045.37
96	1027.14
97	1037.49
98	1037.41
99	1034.95
100	1036.99
101	1016.07
102	988.661
103	983.717
104	1010.32
105	1025.49
106	1003.25
107	991.057
108	987.831
109	958.429
110	923.033
111	916.444
112	918.175
113	913.647
114	902.096
115	903.387
116	870.97
117	845.573
118	839.503
119	815.421
120	793.53
121	785.462
122	775.008
123	743.948
124	692.967
125	655.922
126	629.966
127	631.472
128	627.671
129	622.308
130	600.903
131	581.331
132	560.187
133	550.934
134	537.471
135	529.278
136	516.958
137	504.599
138	486.606
139	473.065
140	456.799
141	449.717
142	433.004
143	432.051
144	424.227
145	409.852
146	402.819
147	393.701
148	384.584
149	378.585
150	369.851
151	356.678
152	346.943
153	342.494
154	340.687
155	333.055
156	317.297
157	303.556
158	293.603
159	273.114
160	264.996
161	261.86
162	257.587
163	243.92
164	224.872
165	213.026
166	210.065
167	199.938
168	189.495
169	186.517
170	177.428
171	167.564
172	151.284
173	133.357
174	112.687
175	104.396
176	93.7166
177	88.2653
178	83.0122
179	77.897
180	74.5317
181	72.6099
182	70.3739
183	68.9046
184	69.0049
185	66.0808
186	61.5571
187	56.111
188	53.4946
189	52.4723
190	50.3785
191	47.3456
192	46.0651
193	45.0284
194	43.8194
195	43.2594
196	42.634
197	42.5738
198	42.3122
199	41.0578
200	38.5763
201	37.0453
202	34.9738
203	34.2208
204	32.6857
205	31.7792
206	30.8633
207	28.6145
208	27.1069
209	26.4315
210	25.6696
211	25.6076
212	25.5848
213	24.7916
214	23.6487
215	23.6978
216	22.2044
217	21.7585
218	21.066
219	21.0211
220	21.1026
221	21.1123
222	21.1103
223	21.3471
224	21.3892
225	21.3474
226	21.4755
227	21.6115
228	21.6578
229	21.5509
230	21.185
231	20.8563
232	20.7965
233	20.8189
234	20.8575
235	20.872
236	20.8513
237	21.0045
238	21.1721
239	21.2943
240	21.3534
241	21.6771
242	21.8653
243	21.9008
244	21.9206
245	21.9371
246	21.9965
247	22.053
248	22.1201
249	22.1029
250	22.1241
251	22.1241
252	22.1762
253	22.1859
254	22.2002
255	22.2002
256	22.2723
257	22.2707
258	22.2619
259	22.2564
260	22.2441
261	22.2343
262	22.2344
263	22.1563
264	22.1473
265	22.1358
266	22.1364
267	22.1148
268	22.1129
269	22.1111
270	22.1028
271	22.0925
272	22.0798
273	22.0746
274	22.0767
275	22.0905
276	22.1219
277	22.1186
278	22.1409
279	22.1699
280	22.1769
281	22.1702
282	22.1497
283	21.9512
284	21.9493
285	21.8999
286	21.9011
287	21.8958
288	21.8967
289	21.9008
290	21.8465
291	21.7886
292	21.7251
293	21.6927
294	21.6568
295	21.589
296	21.5443
297	21.4784
298	21.4369
299	21.3919
300	21.3964
301	21.3789
302	21.381
303	21.3865
304	21.3865
305	21.3809
306	21.3915
307	21.3909
308	21.3974
309	21.3837
310	21.4106
311	21.3933
312	21.4531
313	21.4396
314	21.4736
315	21.6147
316	21.6274
317	21.6727
318	21.7081
319	21.7602
320	21.764
321	21.7718
322	21.7745
323	21.7764
324	21.7588
325	21.7381
326	21.7094
327	21.6977
328	21.6878
329	21.6618
330	21.6338
331	21.5976
332	21.5638
333	21.5606
334	21.5524
335	21.5742
336	21.5939
337	21.6366
338	21.6733
339	21.6822
340	21.6822
341	21.6881
342	21.6545
343	21.576
344	21.5676
345	21.5038
346	21.4779
347	21.4796
348	21.4813
349	21.4782
350	21.5368
351	21.5952
352	21.5952
353	21.6989
354	21.8413
355	22.0036
356	22.0679
357	22.1382
358	22.1393
359	22.1441
360	22.122
361	22.1088
362	22.0187
363	22.0059
364	22.0248
365	21.9598
366	21.9586
367	21.9601
368	21.9996
369	22.0231
370	22.1555
371	22.1567
372	22.1855
373	22.2563
374	22.2205
375	22.2018
376	22.162
377	22.1408
378	22.1269
379	22.1172
380	22.0963
381	22.0854
382	22.086
383	22.086
384	22.0852
385	22.0852
386	22.0852
387	22.0854
388	22.0854
389	22.0854
390	22.0854
391	22.0854
392	22.0854
393	22.0854
394	22.0854
395	22.0943
396	22.0943
397	22.0943
398	22.0943
399	22.1077
400	22.1115
401	22.1153
402	22.101
403	22.1388
404	22.1919
405	22.2126
406	22.2377
407	22.2757
408	22.3158
409	22.3483
410	22.388
411	22.3989
412	22.4447
413	22.4533
414	22.4546
415	22.4672
416	22.5054
417	22.5862
418	22.6429
419	22.6434
420	22.6434
421	22.6434
422	22.6417
423	22.6402
424	22.6402
425	22.6458
426	22.6427
427	22.6406
428	22.6475
429	22.657
430	22.657
431	22.657
432	22.6658
433	22.6992
434	22.6932
435	22.7127
436	22.7263
437	22.7314
438	22.724
439	22.716
440	22.7106
441	22.7106
442	22.7106
443	22.7146
444	22.7048
445	22.7048
446	22.7048
447	22.7048
448	22.6973
449	22.6775
450	22.6521
451	22.6309
452	22.6198
453	22.6198
454	22.5969
455	22.6115
456	22.6115
457	22.6011
458	22.5772
459	22.5344
460	22.5156
461	22.4969
462	22.4925
463	22.4932
464	22.493
465	22.5037
466	22.5077
467	22.5077
468	22.5077
469	22.5185
470	22.5404
471	22.542
472	22.5575
473	22.5906
474	22.5544
475	22.5417
476	22.5417
477	22.5373
478	22.5262
479	22.5262
480	22.5262
481	22.5193
482	22.5193
483	22.5193
484	22.5193
485	22.5193
486	22.5193
487	22.5193
488	22.5193
489	22.5193
490	22.5193
491	22.5193
492	22.5193
493	22.5193
494	22.5193
495	22.5193
496	22.5193
497	22.5193
498	22.5193
499	22.5193
500	22.5193
501	22.5193
502	22.5193
503	22.5193
504	22.5193
505	22.5193
506	22.5193
507	22.5193
508	22.5193
509	22.5193
510	22.5193
511	22.5193
512	22.5193
513	22.5193
514	22.5193
515	22.5193
516	22.5193
517	22.5193
518	22.5193
519	22.5193
520	22.5193
521	22.5193
522	22.5193
523	22.5193
524	22.5193
525	22.5193
526	22.5193
527	22.5193
528	22.5193
529	22.5193
530	22.5193
531	22.5193
532	22.5193
533	22.5193
534	22.5193
535	22.5193
536	22.5193
537	22.5193
538	22.5193
539	22.5193
540	22.5193
541	22.5193
542	22.5193
543	22.5193
544	22.5193
545	22.5193
546	22.5193
547	22.5193
548	22.5193
549	22.5193
550	22.5193
551	22.5193
552	22.5193
553	22.5193
554	22.5193
555	22.5193
556	22.5193
557	22.5193
558	22.5193
559	22.5193
560	22.5193
561	22.5193
562	22.5193
563	22.5193
564	22.5193
565	22.5193
566	22.5193
567	22.5193
568	22.5193
569	22.5193
570	22.5193
571	22.5193
572	22.5193
573	22.5193
574	22.5193
575	22.5193
576	22.5193
577	22.5193
578	22.5193
579	22.5193
580	22.5193
581	22.5193
582	22.5193
583	22.5193
584	22.5193
585	22.5193
586	22.5193
587	22.5193
588	22.5193
589	22.5193
590	22.5193
591	22.5193
592	22.5193
593	22.5193
594	22.5193
595	22.5193
596	22.5193
597	22.5193
598	22.5193
599	22.5193
600	22.5193
601	22.5193
602	22.5193
603	22.5193
604	22.5193
605	22.5193
606	22.5193
607	22.5193
608	22.5193
609	22.5193
610	22.5193
611	22.5193
612	22.5193
613	22.5193
614	22.5193
615	22.5193
616	22.5193
617	22.5193
618	22.5193
619	22.5193
620	22.5193
621	22.5193
622	22.5193
623	22.5193
624	22.5193
625	22.5193
626	22.5193
627	22.5193
628	22.5193
629	22.5193
630	22.5193
631	22.5193
632	22.5193
633	22.5193
634	22.5193
635	22.5193
636	22.5193
637	22.5193
638	22.5193
639	22.5193
640	22.5193
641	22.5193
642	22.5193
643	22.5193
644	22.5193
645	22.5193
646	22.5193
647	22.5193
648	22.5193
649	22.5193
650	22.5193
651	22.5193
652	22.5193
653	22.5193
654	22.5193
655	22.5193
656	22.5193
657	22.5193
658	22.5193
659	22.5193
660	22.5193
661	22.5193
662	22.5193
663	22.5193
664	22.5193
665	22.5193
666	22.5193
667	22.5193
668	22.5193
669	22.5193
670	22.5193
671	22.5193
672	22.5193
673	22.5193
674	22.5193
675	22.5193
676	22.5193
677	22.5193
678	22.5193
679	22.5193
680	22.5193
681	22.5193
682	22.5193
683	22.5193
684	22.5193
685	22.5193
686	22.5193
687	22.5193
688	22.5193
689	22.5193
690	22.5193
691	22.5193
692	22.5193
693	22.5193
694	22.5193
695	22.5193
696	22.5193
697	22.5193
698	22.5193
699	22.5193
700	22.5193
701	22.5193
702	22.5193
703	22.5193
704	22.5193
705	22.5193
706	22.5193
707	22.5193
708	22.5193
709	22.5193
710	22.5193
711	22.5193
712	22.5193
713	22.5193
714	22.5193
715	22.5193
716	22.5193
717	22.5193
718	22.5193
719	22.5193
720	22.5193
721	22.5193
722	22.5193
723	22.5193
724	22.5193
725	22.5193
726	22.5193
727	22.5193
728	22.5193
729	22.5193
730	22.5193
731	22.5193
732	22.5193
733	22.5193
734	22.5193
735	22.5193
736	22.5193
737	22.5193
738	22.5193
739	22.5193
740	22.5193
741	22.5193
742	22.5193
743	22.5193
744	22.5193
745	22.5193
746	22.5193
747	22.5193
748	22.5193
749	22.5193
750	22.5193
751	22.5193
752	22.5193
753	22.5193
754	22.5193
755	23.2687
