Ne averages over 40 independent estimates.
Generation	Geometric_mean
1	24.888
2	24.888
3	24.888
4	24.888
5	34.2092
6	31.4898
7	36.8209
8	35.999
9	55.8134
10	78.9059
11	110.275
12	189.397
13	273.154
14	275.662
15	392.1
16	426.692
17	465.416
18	484.324
19	520.671
20	627.821
21	657.564
22	671.821
23	711.635
24	721.465
25	715.611
26	738.079
27	947.883
28	1018.55
29	1048.97
30	1049.05
31	1106.74
32	1100.23
33	1115.29
34	1142.56
35	1167.88
36	1203.39
37	1258.85
38	1279.88
39	1299.87
40	1283.06
41	1310.11
42	1318.91
43	1285.97
44	1274.14
45	1285.08
46	1279.29
47	1296.25
48	1254.03
49	1245.43
50	1238.68
51	1221.6
52	1078.12
53	1066.35
54	1047.97
55	1037.12
56	938.007
57	914.68
58	917.912
59	889.672
60	891.86
61	826.36
62	831.773
63	848.31
64	925.584
65	894.882
66	864.859
67	848.795
68	793.862
69	754.552
70	724.852
71	625.252
72	562.919
73	499.102
74	495.509
75	425.358
76	425.844
77	418.365
78	411.668
79	428.788
80	474.95
81	491.32
82	555.998
83	587.809
84	635.93
85	706.312
86	709.053
87	851.387
88	845.633
89	837.552
90	832.803
91	915.104
92	918.165
93	908.985
94	916.171
95	910.723
96	910.064
97	904.285
98	888.8
99	883.401
100	869.647
101	878.518
102	887.765
103	909.251
104	936.031
105	952.075
106	957.354
107	948.107
108	916.631
109	877.222
110	849.204
111	824.035
112	782.193
113	756.61
114	737.444
115	703.979
116	678.572
117	675.543
118	666.645
119	629.829
120	605.307
121	597.585
122	584.844
123	577.312
124	557.946
125	538.798
126	499.821
127	454.715
128	429.23
129	417.148
130	411.658
131	399.964
132	394.851
133	392.419
134	392.35
135	390.178
136	386.451
137	384.738
138	382.659
139	378.426
140	370.616
141	363.576
142	353.675
143	351.424
144	348.496
145	341.285
146	332.366
147	324.233
148	318.404
149	311.315
150	308.618
151	312.847
152	314.025
153	309.693
154	304.08
155	305.553
156	299.675
157	298.293
158	295.734
159	291.786
160	286.278
161	279.996
162	267.888
163	261.267
164	250.49
165	242.126
166	238.2
167	217.237
168	223.77
169	223.92
170	227.032
171	223.05
172	218.739
173	204.405
174	192.214
175	186.52
176	177.243
177	154.725
178	132.902
179	128.034
180	120.973
181	114.8
182	103.021
183	90.0431
184	71.897
185	64.3439
186	59.5751
187	53.7117
188	50.5006
189	49.5702
190	49.507
191	48.3714
192	47.5809
193	47.3351
194	44.7822
195	40.1024
196	36.6756
197	34.0259
198	30.1558
199	27.98
200	26.8548
201	26.323
202	26.041
203	25.9358
204	25.6788
205	25.5097
206	25.2504
207	25.4722
208	25.6273
209	26.2645
210	26.2729
211	26.8548
212	26.8238
213	26.8059
214	26.6909
215	26.7114
216	26.898
217	28.0204
218	27.9315
219	27.8215
220	27.7245
221	27.6888
222	27.2972
223	26.9747
224	27.0243
225	27.1175
226	27.0752
227	26.9705
228	26.7904
229	26.7238
230	26.6694
231	26.5635
232	26.7113
233	26.3914
234	26.2976
235	26.3507
236	26.392
237	26.361
238	26.3615
239	26.4148
240	26.5496
241	26.81
242	26.9167
243	27.0038
244	26.9972
245	26.9914
246	26.9845
247	26.9747
248	26.9839
249	26.9823
250	26.9794
251	26.9457
252	26.9379
253	26.9379
254	26.9288
255	26.93
256	26.9203
257	26.923
258	26.9188
259	26.9169
260	26.9037
261	26.966
262	27.0577
263	27.0542
264	27.0636
265	27.0947
266	27.1018
267	27.1016
268	27.1844
269	27.4377
270	27.6194
271	27.767
272	27.9667
273	27.9579
274	27.9797
275	28.0107
276	28.0032
277	28.0032
278	27.965
279	27.8964
280	27.9022
281	27.9536
282	27.9879
283	28.0359
284	28.176
285	28.2008
286	28.2014
287	28.2185
288	28.2261
289	28.2261
290	28.2346
291	28.2116
292	28.1924
293	28.1759
294	28.1759
295	28.1759
296	28.1751
297	28.1738
298	28.1816
299	28.1823
300	28.1805
301	28.1893
302	28.2228
303	28.2116
304	28.31
305	28.3693
306	28.5212
307	28.5192
308	28.5478
309	28.5512
310	28.5929
311	28.727
312	28.7283
313	28.7377
314	28.7143
315	28.7248
316	28.6939
317	28.675
318	28.651
319	28.6171
320	28.6086
321	28.5783
322	28.6518
323	28.7748
324	28.8965
325	28.8828
326	28.8893
327	28.923
328	28.9307
329	28.9244
330	28.9275
331	28.9155
332	28.9414
333	28.9492
334	28.9492
335	28.9461
336	28.9436
337	28.9697
338	28.9808
339	29.0851
340	29.1482
341	29.2792
342	29.2732
343	29.2468
344	29.2761
345	29.3297
346	29.3453
347	29.2536
348	29.1659
349	29.096
350	29.0534
351	29.0534
352	29.0534
353	29.0772
354	29.095
355	29.1532
356	29.1646
357	29.2288
358	29.2438
359	29.2304
360	29.2118
361	29.2024
362	29.2114
363	29.2114
364	29.2114
365	29.2795
366	29.2932
367	29.3025
368	29.3209
369	29.3339
370	29.3339
371	29.3339
372	29.3346
373	29.3436
374	29.3436
375	29.3393
376	29.3442
377	29.3442
378	29.3442
379	29.3442
380	29.3442
381	29.3442
382	29.3442
383	29.3405
384	29.3405
385	29.3404
386	29.3404
387	29.343
388	29.343
389	29.2384
390	29.0957
391	28.5562
392	28.3184
393	28.1416
394	28.1416
395	28.1416
396	28.1416
397	28.1416
398	28.1664
399	28.2002
400	28.3005
401	28.3316
402	28.2903
403	28.357
404	28.221
405	27.9841
406	27.7585
407	27.7988
408	27.7988
409	27.7804
410	27.7842
411	27.769
412	27.7683
413	27.7675
414	27.7675
415	27.7675
416	27.758
417	27.7653
418	27.8224
419	27.8425
420	27.8942
421	27.8943
422	27.9012
423	27.9098
424	27.9031
425	27.8974
426	27.908
427	27.9123
428	27.9123
429	27.9226
430	27.9288
431	27.9293
432	27.9673
433	27.9673
434	28.0203
435	28.0731
436	28.0874
437	28.0874
438	28.0874
439	28.0874
440	28.0874
441	28.0858
442	28.0858
443	28.0858
444	28.0128
445	27.8994
446	27.7856
447	27.7943
448	27.746
449	27.7377
450	27.7174
451	27.6715
452	27.6658
453	27.6524
454	27.64
455	27.6414
456	27.6414
457	27.636
458	27.636
459	27.6305
460	27.6154
461	27.6632
462	27.9749
463	28.0131
464	28.0591
465	28.1205
466	28.3261
467	28.4059
468	28.4059
469	28.3873
470	28.3791
471	28.3811
472	28.3971
473	28.4005
474	28.3956
475	28.3956
476	28.4237
477	28.4496
478	28.467
479	28.4784
480	28.4784
481	28.4784
482	28.4784
483	28.4784
484	28.4784
485	28.4784
486	28.4784
487	28.4784
488	28.4784
489	28.4784
490	28.4784
491	28.4784
492	28.4784
493	28.4784
494	28.4784
495	28.4784
496	28.4784
497	28.4784
498	28.4784
499	28.4784
500	28.4784
501	28.4784
502	28.4784
503	28.4784
504	28.4784
505	28.4784
506	28.4784
507	28.4784
508	28.4784
509	28.4784
510	28.4784
511	28.4784
512	28.4784
513	28.4784
514	28.4784
515	28.4784
516	28.4784
517	28.4784
518	28.4784
519	28.4784
520	28.4784
521	28.4784
522	28.4784
523	28.4784
524	28.4784
525	28.4784
526	28.4784
527	28.4784
528	28.4784
529	28.4784
530	28.4784
531	28.4784
532	28.4784
533	28.4784
534	28.4784
535	28.4784
536	28.4784
537	28.4784
538	28.4784
539	28.4784
540	28.4784
541	28.4784
542	28.4784
543	28.4784
544	28.4784
545	28.4784
546	28.4784
547	28.4784
548	28.4784
549	28.4784
550	28.4784
551	28.4784
552	28.4784
553	28.4784
554	28.4784
555	28.4784
556	28.4784
557	28.4784
558	28.4784
559	28.4784
560	28.4784
561	28.4784
562	28.4784
563	28.4784
564	28.4784
565	28.4784
566	28.4784
567	28.4784
568	28.4784
569	28.4784
570	28.4784
571	28.4784
572	28.4784
573	28.4784
574	28.4784
575	28.4784
576	28.4784
577	28.4784
578	28.4784
579	28.4784
580	28.4784
581	28.4784
582	28.4784
583	28.4784
584	28.4784
585	28.4784
586	28.4784
587	28.4784
588	28.4784
589	28.4784
590	28.4784
591	28.4784
592	28.4784
593	28.4784
594	28.4784
595	28.4784
596	28.4784
597	28.4784
598	28.4784
599	28.4784
600	28.4784
601	28.4784
602	28.4784
603	28.4784
604	28.4784
605	28.4784
606	28.4784
607	28.4784
608	28.4784
609	28.4784
610	28.4784
611	28.4784
612	28.4784
613	28.4784
614	28.4784
615	28.4784
616	28.4784
617	28.4784
618	28.4784
619	28.4784
620	28.4784
621	28.4784
622	28.4784
623	28.4784
624	28.4784
625	28.4784
626	28.4784
627	28.4784
628	28.4784
629	28.4784
630	28.4784
631	28.4784
632	28.4784
633	28.4784
634	28.4784
635	28.4784
636	28.4784
637	28.4784
638	28.4784
639	28.4784
640	28.4784
641	28.4784
642	28.4784
643	28.4784
644	28.4784
645	28.4784
646	28.4784
647	28.4784
648	28.4784
649	28.4784
650	28.4784
651	28.4784
652	28.4784
653	28.4784
654	28.4784
655	28.4784
656	28.4784
657	28.4784
658	28.4784
659	28.4784
660	28.4784
661	28.4784
662	28.4784
663	28.4784
664	28.4784
665	28.4784
666	28.4784
667	28.4784
668	28.4784
669	28.4784
670	28.4784
671	28.4784
672	28.4784
673	28.4784
674	28.4784
675	28.4784
676	28.4784
677	28.4784
678	28.4784
679	28.4784
680	28.4784
681	28.4784
682	28.4784
683	28.4784
684	28.4784
685	28.4784
686	28.4784
687	28.4784
688	28.4784
689	28.4784
690	28.4784
691	28.4784
692	28.4784
693	28.4784
694	28.4784
695	28.4784
696	28.4784
697	28.4784
698	28.4784
699	28.4784
700	28.4784
701	28.4784
702	28.4784
703	28.4784
704	28.4784
705	28.4784
706	28.4784
707	28.4784
708	28.4784
709	28.4784
710	28.4784
711	28.4784
712	28.4784
713	28.4784
714	28.4784
715	28.4784
716	28.4784
717	28.4784
718	28.4784
719	28.4784
720	28.4784
721	28.4784
722	28.4784
723	28.4784
724	28.4784
725	28.4784
726	28.4784
727	28.4784
728	28.4784
729	28.4784
730	28.4784
731	28.4784
732	28.4784
733	28.4784
734	28.4784
735	28.4784
736	28.4784
737	28.4784
738	28.4784
739	28.4784
740	28.4784
741	28.4784
742	28.4784
743	28.4784
744	28.4784
745	28.4784
746	28.4784
747	28.4784
748	28.4784
749	28.4784
750	28.4784
751	28.4784
752	28.4784
753	28.4784
754	28.4784
755	28.6336
